492.834        433.263
471.016         417.64
449.629        412.941
430.622        401.466
417.575        393.238
408.163         387.65
398.887        380.146
391.335          362.8
382.622        354.816
372.441        347.229
362.592         341.24
354.707        336.241
347.582        332.665
341.956        329.254
336.742        320.261
331.662        313.958
325.786        312.473
320.352        308.219
316.25        305.817
312.623        301.602
309.475        300.458
306.719        293.313
303.783        290.111
299.599        289.231
295.271        284.495
291.958        280.094
287.904        276.974
284.286        269.606
281.209        266.049
277.019        257.967
271.511        255.655
266.734        252.926
262.194        251.163
258.518        246.727
254.674        243.381
251.289        237.824
247.337        236.572
243.934        230.938
240.913        230.938
237.841        229.465
234.856        228.545
232.599        221.459
229.831        219.852
227.103        217.526
224.184        214.528
221        207.299
218.561        204.319
215.607        202.873
211.86        201.316
208.103        197.995
205.221        196.021
203.129        193.718
200.479         192.21
197.587        188.521
195.266        187.155
192.4        184.816
190.965        182.504
188.103        178.769
185.925        178.292
183.341        173.884
180.26        173.476
178.725        171.439
176.923        170.678
175.613        169.095
174.079        169.095
173.14         167.21
171.987        166.616
170.086        165.732
169.1        165.496
167.869        164.612
167.539        163.777
167.207        160.252
166.289        157.394
165.046        156.559
162.881        155.805
161.253         154.97
158.714        154.794
157.932        153.992
157.089        153.575
156.073        151.768
154.935        150.575
154.193        150.194
152.944        148.074
151.757         148.01
150.944        147.208
149.918        145.789
149.478        145.012
148.322        144.016
147.78        144.016
147.012        143.491
145.877        142.624
144.804        141.049
144.966        141.049
145.145        141.049
144.837        140.224
144.09        139.544
142.945        138.718
142.015        137.151
140.64        136.864
140.355        135.684
140.222        135.684
140.327        134.119
139.345        132.569
137.877        131.776
136.566        130.788
134.873        129.238
133.448        129.238
132.26        128.671
131.474        128.512
130.724        127.594
130.4        126.596
129.737        125.444
129.031        124.647
127.357        124.481
126.67        123.495
125.917        123.495
125.02        122.485
124.416         121.85
123.996        121.685
123.512        121.208
122.788        120.178
122.624        120.178
121.918        118.911
121.508        118.911
121.064         117.96
120.719         117.96
120.071        116.962
119.538        116.962
118.745        115.081
117.931         114.37
117.281        112.488
116.091        112.281
114.692        112.099
113.696        111.479
113.242        110.932
112.687        110.638
112.149         110.04
111.964        109.539
111.681        108.816
110.771        107.291
109.999        107.291
108.833        105.148
108.097        105.148
107.182        104.102
106.413        104.102
106.194        103.833
105.956        102.851
105.37        102.582
104.898        102.466
104.068        101.345
103.389        101.345
102.91        101.345
102.617        101.296
101.939        100.861
102.102        100.481
102.094        100.481
102.857        99.9647
103.215        97.8404
103.535        97.8404
102.808        96.2045
101.217        96.2045
100.54        95.9735
99.1039        95.3278
97.849        95.3278
96.7295        95.2876
96.9372        94.5373
96.4828        94.5373
96.2314        93.9803
96.5021        93.7632
95.8233          93.39
95.6536          93.39
95.537         92.656
95.1617        91.8693
94.1082        91.8693
93.8305         91.395
93.5142        91.2137
93.2935        91.2137
92.5646        91.2137
92.4773         91.091
92.1186        90.8146
92.0447        90.5918
91.6045        90.1174
91.1082        88.7409
91.0046        87.7892
90.8168         86.825
89.646        86.5681
88.8285        86.3016
88.2108        86.0589
87.5609        85.7923
87.3957        85.5613
86.5058        85.4618
86.3299        85.4618
86.2782        85.1314
86.1875        84.7012
86.0685        84.2714
85.7137        84.2483
85.2875        83.9852
85.009        83.5323
84.5842        83.5323
84.1748        83.3749
84.7917        83.3223
84.0906        83.3223
83.8893        83.0004
83.705        82.8199
83.8541        82.5459
83.9597        82.3654
83.7157        82.3654
83.7591        82.2707
83.4388        81.7437
83.6721        81.7437
83.4368         81.649
83.7492        81.2701
82.6912        81.1754
82.2035        81.1126
81.8611        80.8757
81.779         80.655
81.5533         80.655
81.2445        80.5922
81.2797        80.5922
81.1497        80.5367
81.4784        80.4794
81.2617        80.4428
80.999        80.0973
81.0243        79.9979
81.4008        79.9979
80.9645        78.5099
81.1117        78.2941
80.5085        78.2115
79.7323        78.0011
79.4789        77.9956
78.6727        77.9956
78.8675        77.9956
78.9407        77.7687
78.3618        77.7424
78.625        77.7424
78.699        77.7424
78.6226        77.7424
78.3479        77.7424
78.3913        77.7199
78.4064        77.7199
78.7314        77.4286
78.0585        77.4286
78.2409        77.3435
78.2396        77.0522
78.401        77.0522
78.3039        77.0522
78.2258        76.9105
77.702        76.2397
77.4529        76.0981
77.6539        76.0981
77.1858        76.0981
76.982        76.0981
76.8354        76.0981
76.8057        75.8278
76.5196        75.8053
76.4591        75.8053
76.8433        75.8053
77.1049        75.8053
76.3587        75.8053
76.2663        75.8042
76.4824        75.8042
76.4153        75.8042
76.5321        75.8042
76.3833        75.8042
76.7382        75.8042
77.1475         74.618
76.7284         74.618
76.1854         74.618
75.7953        73.9207
75.5249        73.9196
75.1125        73.9196
75.4323        73.9196
74.8216        73.9196
74.7822        73.9196
74.9903        73.9196
74.6084        73.9196
74.4364        73.9196
74.7128        73.9196
74.4555        73.9196
74.592        73.9196
74.9893        73.9196
75.0073        73.8292
74.9463        73.8292
75.0237        73.7474
74.953        73.6266
74.5696        73.6266
74.2411        73.5448
74.2177        73.5448
74.5586        73.5448
74.1698        73.5448
74.1427        73.5448
74.1063        73.5448
74.3942        73.5448
74.3337        73.5448
74.5174        73.5448
74.53        73.2806
74.1343        73.2806
74.3827        73.0903
74.1349        73.0903
74.0829        73.0903
73.8618        73.0903
73.9705        73.0903
73.7992        73.0903
73.9992        73.0903
73.7264        73.0903
73.9687        73.0903
73.4121        73.0903
73.5698        73.0903
73.4377        73.0903
73.4928        73.0903
73.3439        73.0903
73.3659        72.9625
73.2424        72.9625
73.3543        72.9625
73.3902        72.9625
73.6797        72.9625
73.5645        72.9625
73.4572        72.9625
73.8167        72.9625
73.5616        72.9625
73.7836        72.9625
73.4977        72.9625
73.469        72.9625
73.8269        72.7152
73.982         72.237
73.5391         72.237
72.808         72.237
72.6851         72.237
72.6523        71.3586
72.4256        71.3586
72.6275        71.3586
72.5742        71.3586
72.4794        71.3586
72.7255        71.2342
72.8546        70.9946
72.4792        70.8702
72.3103        70.8702
71.9353        70.8702
71.402        70.8425
71.7333        70.7181
71.6935        70.7181
71.2074        70.7181
71.1184        70.7181
71.1674        70.7181
71.6428        70.5736
71.659        70.5736
71.718        70.5736
71.8216        70.5736
71.4823        70.5415
71.3189        70.5415
71.1232        70.5415
71.4465        70.5415
71.5095        70.5415
71.0687        70.4976
70.8527        70.4976
71.5446        70.4976
72.3156        70.4976
71.6719        70.4976
71.5549        70.4976
71.4761        69.6809
71.4517        69.6809
71.2908        69.6809
71.4034        69.6809
70.5237        69.6809
70.709        69.6809
70.6297        69.6809
70.485        69.6809
70.8744        69.6809
70.6996        69.6809
70.4254        69.6809
70.5196        69.6809
70.499        69.6809
70.0787        69.6809
70.1192        69.6809
70.5629        69.6809
71.0614        69.6809
70.944        69.6809
70.9903        69.6809
70.6582        69.6809
70.3889         69.487
70.4103         69.487
70.8623         69.487
70.8678         69.487
69.9974         69.487
69.9171         69.487
70.2922         69.487
70.4395         69.487
70.2013         69.487
69.9606         69.487
70.1481         69.487
70.5226         69.487
70.6178         69.487
70.6654         69.487
70.3518         69.487
70.8256         69.487
70.6314         69.487
70.5731         69.487
70.3999         69.487
70.7773         69.487
70.2988         69.487
69.9698         69.487
69.8241         69.487
69.7174         69.487
69.9479         69.487
70.5463         69.487
70.5723        69.4768
70.1974        69.4768
69.9658          69.39
70.1872          69.39
70.3179          69.39
70.117          69.39
70.2123          69.39
69.9563          69.39
69.9072          69.39
70.0825          69.39
69.8792          69.39
69.6961          69.39
69.7849          69.39
69.6419          69.39
69.6455          69.39
69.5995          69.39
71.3084          69.39
70.8139          69.39
71.0785          69.39
71.2026          69.39
70.6643          69.39
70.5335          69.39
70.8217          69.39
70.5034          69.39
70.2954          69.39
70.0288          69.39
70.442          69.39
70.3544          69.39
69.8643          69.39
70.5526          69.39
69.9653          69.39
69.9228          69.39
70.1078          69.39
69.9742        68.5355
70.8585        68.5355
72.4602        68.5355
73.4583        68.5355
73.3071        68.5355
73.0238        68.5355
71.4854        68.5355
69.7531        68.5355
69.7637        68.5355
69.2759        68.5278
69.8193        68.5278
69.1401        68.5278
69.0473        68.5278
69.0421        68.5278
69.3326        68.5278
69.629        68.5278
69.4498        68.5278
69.2892        68.5278
69.1791        68.5278
69.819        68.5278
69.5272        68.5278
69.1319        68.5278
69.1115        68.5278
69.387        68.5278
69.233        68.5278
69.1931        68.5278
69.3348        68.5278
69.1593        68.5278
69.3617        68.5278
68.9028        68.5278
68.8588        68.5278
68.9674        68.5278
69.087        68.5278
69.0943        68.5278
69.1306        68.5278
69.9014        68.5278
69.5473        68.5278
69.6493        68.5278
69.406        68.5278
69.3855        68.4776
69.2133        68.4776
69.7327        68.4776
69.4938        68.4776
69.277        68.4776
69.6251        68.4776
69.3053        68.4776
69.077        68.4776
68.9179        68.4776
68.8647        68.4776
69.121        68.4776
69.3416        68.4776
69.3206        68.3746
69.8541        68.3746
69.8461        68.3746
69.3329        68.3746
69.1369        68.2824
69.1792        68.2824
69.1427        68.2824
69.1596        68.2824
69.0003        68.2824
68.5906        68.1653
68.93        68.1653
68.9995        68.1653
69.1504        68.1653
68.787        68.1653
69.064        68.1653
69.4135        68.1653
69.142        68.1653
69.1391        68.1653
69.2236        68.1653
68.8612        68.1653
68.4507        68.1653
68.9191        68.1653
69.0176        68.1653
69.0616        68.1653
68.8402        68.1653
68.3855        68.1653
68.6713        68.1653
69.3453        68.1653
69.0301        68.1653
68.7907        68.0405
68.8216        68.0405
68.707        68.0405
69.063        68.0405
68.4295        68.0405
68.4549        68.0405
68.5803        68.0405
68.5813        68.0405
68.3583        68.0405
68.328        68.0405
68.7296        68.0405
68.3314        68.0405
68.4945        68.0405
68.7894        67.8176
68.702        67.8176
68.6227        67.8176
68.623        67.8176
68.6515        67.8176
68.7804        67.8176
68.3676        67.8176
68.8844        67.8176
68.6031        67.8176
68.2847        67.8176
68.3398        67.8176
68.4934        67.8176
68.4121        67.8176
68.6344        67.8176
68.8818        67.8176
68.8817        67.8176
68.4283        67.8176
68.424        67.8176
68.2297        67.8176
68.352        67.8176
68.9945        67.8176
68.5513        67.8176
68.7343        67.8176
68.3945        67.8176
68.7372        67.8176
68.3752        67.8176
68.4144        67.8176
68.6032        67.8176
68.6894        67.8176
69.0191        67.8176
69.2361        67.8176
69.1856        67.8176
68.9375        67.8176
68.3281        67.8176
68.3272        67.8176
68.4099        67.8176
68.459        67.8176
68.4611        67.8176
68.5294        67.8176
69.0174        67.8176
68.7073        67.8176
68.4956        67.8176
68.8587        67.8176
68.5934        67.8176
68.1397        67.8176
68.1672        67.8176
68.4377        67.8176
68.2568        67.8176
68.4649        67.8176
68.3923        67.8176
68.2458        67.8176
68.8092        67.8176
69.2625        67.8176
68.7457        67.8176
69.0244        67.8176
68.8536        67.8176
68.348        67.8176
68.194        67.8176
68.3413        67.8176
68.1329        67.8176
68.4145        67.8176
68.4078        67.8176
68.4224        67.8176
68.0512        67.8176
68.2768        67.8176
68.4637        67.8176
68.2995        67.8176
68.4459        67.8176
68.7315        67.8176
68.6457        67.8176
68.6498        67.8176
68.5004        67.8176
68.5997        67.8176
68.3354        67.8176
68.4184        67.8176
68.3712        67.8176
68.8237        67.8176
68.4863        67.8176
68.7782        67.8176
68.3972        67.8176
68.3676        67.8176
68.6991        67.8176
68.4731        67.8176
68.4071        67.8176
68.5529        67.8176
68.5919        67.8176
68.2286        67.8176
67.9389        67.8176
68.2278        67.8176
68.1885        67.8176
68.5442        67.8176
68.331        67.8176
68.5321        67.8176
68.3993        67.8176
68.4157        67.8176
68.1694        67.8176
68.3029        67.8176
68.6125        67.8176
68.5887        67.8176
68.5347        67.8176
68.6798        67.8176
68.5962        67.8176
68.7027        67.8176
68.8656        67.8176
68.0219        67.8176
68.035        67.8176
68.3026        67.8176
68.0933        67.8176
68.4062        67.8176
68.3875        67.8176
68.5118        67.8176
68.4564        67.8176
68.7411        67.8176
68.7569        67.8176
69.1306        67.8176
68.8509        67.8176
68.8035        67.8176
68.295        67.8176
68.4837        67.8176
68.8721        67.8176
68.5313        67.8176
68.5037        67.8176
68.8341        67.8176
68.5879        67.8176
68.5664        67.8176
68.2621        67.8176
68.4697        67.8176
68.7056        67.8176
68.7822        67.8176
68.2437        67.8176
68.5884        67.8176
68.3295        67.8176
68.4149        67.8176
68.9094        67.8176
68.6492        67.8176
68.4787        67.8176
68.5026        67.8176
68.6877        67.8176
68.5852        67.8176
68.1885        67.8176
68.3331        67.8176
68.4161        67.8176
68.1663        67.8176
67.9387        67.8176
68.1776        67.8176
68.6663        67.8176
68.2469        67.8176
68.3721        67.8176
68.2936        67.8176
68.5191        67.8176
68.7741        67.8176
68.5714        67.8176
68.3381        67.8176
68.0211        67.8176
68.2111        67.8176
68.3141        67.7246
68.2416        67.7246
68.1689        67.7246
68.2435        67.7246
68.3676        67.2682
68.1133        67.2682
67.9812        67.2682
68.0998        67.2682
67.5933        67.2682
67.5788        67.2682
67.6044        67.2682
67.8563        67.2682
67.9003        67.2682
67.868        67.2682
67.7564        67.2682
69.5373        67.2682
68.8987        67.2682
67.9956        67.2682
68.2514        67.2682
67.7774        67.2682
67.6664        67.2682
67.983        67.2682
68.491        67.2682
67.9488        67.2682
67.8333        67.2682
67.89        67.2682
67.5174        67.2682
67.5458        67.2682
67.3581        67.2682
67.6976        67.2682
67.6833        67.2682
67.6992        67.2682
67.7182        67.2682
67.8893        67.2682
67.8677        67.2682
67.8452        67.2682
67.9234        67.2682
67.8295        67.2682
67.9486        67.2682
67.7167        67.2682
67.6548        67.2682
67.6494        67.2682
68.0234        67.2682
68.3029        67.2682
67.542        67.2682
67.9847        67.2682
67.9139        67.2682
67.7668        67.2682
68.2516        67.2682
67.892        67.2682
67.8848        67.2682
68.0834        67.2682
67.7438        67.2682
68.5002        67.2682
68.4785        67.2682
67.9086        67.2682
67.7319        67.2682
67.8436        67.2682
67.5082        67.2682
67.6896        67.2682
67.9528        67.2682
68.4715        67.2682
67.8345        67.2682
67.7791        67.2682
68.1818        67.2682
68.1516        67.2682
68.1399        67.2682
67.9745        67.2682
68.3505        67.2682
67.9521        67.2682
67.852        67.2682
67.8605        67.2682
67.8132        67.2682
68.2006        67.2682
67.803        67.2682
67.7748        67.2682
67.6205        67.2682
68.2594        67.2682
68.1883        67.2682
68.101        67.2682
67.9074        67.2682
68.1363        67.2682
68.0751        67.2682
67.7842        67.2682
67.8489        67.2682
67.6631        67.2682
67.7738        67.2682
67.6008        67.2682
68.0622        67.2682
68.6626        67.2682
67.9447        67.2682
67.9946        67.2682
67.9419        67.2682
67.6391        67.2682
67.916        67.2682
67.8489        67.2682
67.8801        67.2682
67.8519        67.2682
67.9912        67.2682
67.8805        67.2682
68.1549        67.2682
68.1658        67.2682
67.9885        67.2682
68.3383        67.2682
67.8425        67.2682
68.2553        67.2682
68.2475        67.2682
68.2754        67.2682
67.839        67.2682
67.837        67.2682
68.2694        67.2682
67.6973        67.2682
67.971        67.2682
68.0511        67.2682
68.0718        67.2682
67.8556        67.2682
67.6572        67.2682
67.9527        67.2682
67.7349        67.2682
67.5734        67.2682
68.1543        67.2682
67.8709        67.2682
68.0499        67.2682
68.0587        67.2682
67.8295        67.2682
67.7433        67.2682
68.3502        67.2682
68.1846        67.2682
68.1763        67.2682
67.668        67.2682
67.8298        67.2682
67.8842        67.2682
67.9934        67.2682
67.693        67.2682
67.4771        67.2682
67.7912        67.2682
68.3219        67.2682
68.0846        67.2682
67.872        67.2682
68.0151        67.2682
68.2479        67.2682
68.0352        67.2682
67.9043        67.2682
67.8533        67.2682
68.4322        67.2682
68.004        67.2682
68.1786        67.2682
68.2315        67.2682
67.9779        67.2682
67.9972        67.2682
68.3785        67.2682
68.3717        67.2682
68.4614        67.2682
67.8741        67.2682
68.0272        67.2682
67.962        67.2682
67.8424        67.2682
68.5242        67.2682
68.4602        67.2682
68.601        67.2682
68.2839        67.2682
67.9041        67.2682
67.8825        67.2682
68.2741        67.2682
68.3122        67.2682
68.2812        67.2682
68.1026        67.2682
67.9333        67.2682
67.679        67.2682
67.9379        67.2682
67.6763        67.2682
67.9599        67.2682
68.0326        67.2682
67.8047        67.2682
67.7797        67.2682
67.9191        67.2682
67.8662        67.2682
68.1182        67.2682
68.1832        67.2682
67.9242        67.2682
67.7839        67.2682
68.0628        67.2682
67.7885        67.2682
67.653        67.2682
67.5446        67.2682
67.4998        67.2682
67.6512        67.2682
67.9888        67.2682
68.0076        67.2682
68.0282        67.2682
67.8608        67.2682
67.6897        67.2682
67.4942        67.2682
67.595        67.2682
67.4338        67.2682
67.7098        67.2682
67.8484        67.2682
68.0095        67.2682
67.7267        67.2682
67.7799        67.2682
67.8172        67.2682
67.5245        67.2682
67.7223        67.2682
67.6195        67.2682
67.6714        67.2682
67.7288        67.2682
67.7283        67.2682
67.9243        67.2682
68.0852        67.2682
67.982        67.2682
67.9565        67.2682
67.9585        67.2682
67.8063        67.2682
67.8699        67.2682
68.0962        67.2682
68.3194        67.2682
68.6612        67.2682
68.4158        67.2682
68.0079        67.2682
68.3069        67.2682
68.9223        67.2682
68.1316        67.2682
67.8618        67.2682
67.8422        67.2682
67.7852        67.2682
67.963        66.3048
69.8854        66.3048
71.2128        66.3048
72.0735        66.3048
71.3515        66.3048
70.716        66.3048
69.2968        66.3048
68.22        66.3048
67.8953        66.3048
67.38        66.3048
66.9948        66.3048
66.8586        66.3048
66.9367        66.3048
67.0037        66.3048
66.7363        66.3048
66.8194        66.3048
66.8802        66.3048
67.2958        66.3048
67.0055        66.3048
66.7513        66.3048
66.8739        66.3048
66.8702        66.3048
66.6663        66.3048
66.7427        66.3048
66.9549        66.3048
67.0219        66.3048
66.6631        66.3048
66.9018        66.3048
67.0022        66.3048
66.9186        66.3048
66.796        66.3048
66.8027        66.3048
67.3765        66.3048
67.1214        66.3048
66.8718        66.3048
66.9193        66.3048
66.7161        66.3048
66.8433        66.3048
66.864        66.3048
66.9471        66.3048
66.6626        66.3048
66.7686        66.3048
66.7985        66.3048
67.3924        66.3048
66.9796        66.3048
66.7135        66.3048
66.5983        66.3048
66.9694        66.3048
67.0336        66.3048
67.4635        66.3048
67.4438        66.3048
67.6217        66.3048
66.5985        66.3048
66.4837        66.3048
66.7319        66.3048
66.5382        66.3048
66.4957        66.3048
66.6723        66.3048
67.0262        66.3048
66.8048        66.3048
66.8551        66.3048
67.3088        66.3048
67.5006        66.3048
67.2147        66.3048
67.0706        66.3048
67.0742        66.3048
67.1376        66.3048
67.0512        66.3048
66.7491        66.3048
66.6499        66.3048
66.7585        66.3048
66.5278        66.3048
67.189        66.3048
67.1132        66.3048
66.9917        66.3048
67.506        66.3048
66.9433        66.3048
67.4264        66.3048
67.7288        66.3048
67.5515        66.3048
67.5007        66.3048
67.4197        66.3048
67.3532        66.3048
67.5593        66.3048
67.3968        66.3048
67.5032        66.3048
66.8171        66.3048
66.859        66.3048
66.8836        66.3048
66.7235        66.3048
67.2131        66.3048
66.9142        66.3048
67.0487        66.3048
66.8819        66.3048
66.7993        66.3048
66.7157        66.3048
66.8181        66.3048
66.7055        66.3048
66.8741        66.3048
67.1523        66.3048
66.9125        66.3048
66.7818        66.3048
66.8442        66.3048
67.4272        66.3048
67.4615        66.3048
67.0402        66.3048
66.8331        66.3048
66.9433        66.3048
66.986        66.3048
66.5103        66.3048
66.6147        66.3048
67.1854        66.3048
66.8933        66.3048
66.9156        66.3048
67.35        66.3048
67.1084        66.3048
67.3587        66.3048
67.442        66.3048
67.3538        66.3048
67.1032        66.3048
66.722        66.3048
66.9099        66.3048
66.8213        66.3048
66.8516        66.3048
66.851        66.3048
67.5309        66.3048
67.2015        66.3048
66.7083        66.3048
66.4312        66.3048
66.6529        66.3048
66.8429        66.3048
66.8454        66.3048
66.5244        66.3048
66.4136        66.3048
66.9011        66.3048
66.7225        66.3048
66.9679        66.3048
66.6429        66.3048
66.868        66.3048
66.8333        66.3048
66.9559        66.3048
66.6603        66.3048
66.7367        66.3048
66.8392        66.3048
66.9842        66.3048
67.0922        66.3048
66.954        66.3048
66.7138        66.3048
66.5439        66.3048
66.7338        66.3048
66.6202        66.3048
67.0912        66.3048
67.3075        66.3048
67.1975        66.3048
67.3625        66.3048
66.9424        66.3048
67.2611        66.3048
67.7732        66.3048
67.1257        66.3048
67.2697        66.3048
67.3147        66.3048
66.7528        66.3048
66.986        66.3048
66.7533        66.3048
67.0135        66.3048
67.1817        66.3048
67.3805        66.3048
66.8848        66.3048
67.758        66.3048
67.3278        66.3048
66.7089        66.3048
66.8706        66.3048
66.6346        66.3048
66.826        66.3048
66.7622        66.3048
66.8772        66.3048
67.1549        66.3048
66.912        66.3048
66.8517        66.3048
66.9433        66.3048
66.8586        66.3048
67.2723        66.3048
66.8869        66.3048
66.5937        66.3048
66.9463        66.3048
66.891        66.3048
66.6978        66.3048
66.961        66.3048
66.7394        66.3048
66.8556        66.3048
66.7257        66.3048
67.0565        66.3048
66.9378        66.3048
67.0965        66.3048
66.7232        66.3048
66.8154        66.3048
66.9065        66.3048
66.8804        66.3048
66.9793        66.3048
67.3425        66.3048
67.4399        66.3048
67.3953        66.3048
67.4636        66.3048
67.5786        66.3048
67.3818        66.3048
66.9579        66.3048
66.9551        66.3048
67.013        66.3048
66.8789        66.3048
67.1791        66.3048
66.8373        66.3048
66.8856        66.3048
67.0011        66.3048
67.2465        66.3048
67.2684        66.3048
67.1707        66.3048
67.0533        66.3048
67.3803        66.3048
67.2326        66.3048
67.4669        66.3048
67.398        66.3048
67.438        66.3048
67.326        66.3048
66.9365        66.3048
67.3081        66.3048
67.0528        66.3048
67.0051        66.3048
66.9283        66.3048
66.5864        66.3048
66.5773        66.3048
66.3654        66.3048
66.6303        66.3048
67.1713        66.3048
67.4774        66.3048
67.5413        66.3048
67.2271        66.3048
67.3407        66.3048
67.1774        66.3048
66.8882        66.3048
66.6769        66.3048
67.2289        66.3048
67.3297        66.3048
66.7157        66.3048
66.6209        66.3048
67.2594        66.3048
67.2553        66.3048
67.3814        66.3048
66.8166        66.3048
66.894        66.3048
67.4204        66.3048
67.1066        66.3048
68.0425        66.3048
67.91        66.3048
67.4782        66.3048
67.3846        66.3048
67.315        66.3048
67.1972        66.3048
67.2827        66.3048
67.3483        66.3048
67.2086        66.3048
67.388        66.3048
66.9759        66.3048
66.6765        66.3048
67.2259        66.3048
67.2331        66.3048
67.0579        66.3048
67.4223        66.3048
66.9708        66.3048
67.0852        66.3048
66.9708        66.3048
66.8497        66.3048
66.6172        66.3048
66.5361        66.3048
66.5276        66.3048
66.508        66.3048
67.0845        66.3048
66.9035        66.3048
66.6096        66.3048
66.8095        66.3048
66.7298        66.3048
66.7356        66.3048
67.0147        66.3048
66.5708        66.3048
66.599        66.3048
66.6634        66.3048
66.7319        66.3048
66.7034        66.3048
66.8773        66.3048
66.8911        66.3048
66.7276        66.3048
67.0336        66.3048
66.9964        66.3048
67.028        66.3048
67.4293        66.3048
67.3264        66.3048
67.3029        66.3048
67.1201        66.3048
66.8842        66.3048
67.0695        66.3048
67.2978        66.3048
67.3412        66.3048
67.1831        66.3048
67.0956        66.3048
66.7082        66.3048
67.0992        66.3048
67.0286        66.3048
66.8251        66.3048
67.0732        66.3048
67.0151        66.3048
67.0027        66.3048
66.9397        66.3048
67.022        66.3048
67.0508        66.3048
67.1358        66.3048
67.0911        66.3048
67.316        66.3048
67.2635        66.3048
67.1346        66.3048
67.1673        66.3048
67.5365        66.3048
67.2503        66.3048
66.667        66.3048
66.8492        66.3048
66.8808        66.3048
66.9892        66.3048
66.7595        66.3048
67.3895        66.3048
67.8699        66.3048
67.4672        66.3048
67.4026        66.3048
67.3655        66.3048
67.9278        66.3048
67.3823        66.3048
67.2391        66.3048
67.4443        66.3048
67.183        66.3048
66.7132        66.3048
66.7409        66.3048
66.8541        66.3048
67.7048        66.3048
66.9071        66.3048
67.6572        66.3048
67.1659        66.3048
66.6025        66.3048
66.9478        66.3048
67.1392        66.3048
66.8812        66.3048
66.9639        66.3048
66.8298        66.3048
66.9618        66.3048
67.0459        65.9932
67.1628        65.9282
67.0413        65.9282
67.0631        65.9282
67.2436        65.9282
67.2334        65.9282
66.6571        65.9282
66.4232        65.9282
66.502        65.9282
66.2713        65.9282
66.1178        65.9282
66.3361        65.9282
66.6075        65.9282
66.6036        65.9282
66.7274        65.9282
66.6865        65.9282
66.3191        65.9282
66.4087        65.9282
66.5394        65.9282
66.4841        65.9282
66.222        65.9282
66.2015        65.9282
66.2598        65.9282
66.3218        65.9282
66.7342        65.9282
66.5228        65.9282
66.9104        65.9282
66.6095        65.9282
66.8551        65.9282
66.6011        65.9282
66.5682        65.9282
66.7453        65.9282
66.3998        65.9282
66.7057        65.9282
66.7246        65.9282
67.3232        65.9282
66.7312        65.9282
66.7397        65.9282
66.7374        65.9282
66.8522        65.9282
66.9283        65.9282
66.6437        65.9282
66.746        65.9282
66.7581        65.9282
66.6837        65.9282
66.5946        65.9282
67.0357        65.9282
67.07        65.9282
66.7291        65.9282
66.567        65.9282
66.6232        65.9282
66.8274        65.9282
66.901        65.9282
66.7634        65.9282
66.9257        65.9282
66.775        65.9282
66.726        65.9282
66.5871        65.9282
67.1954        65.9282
66.9339        65.9282
67.379        65.9282
66.3822        65.9282
66.6019        65.9282
66.6419        65.9282
66.7748        65.9282
66.4416        65.9282
66.1074        65.9282
66.1607        65.9282
66.5632        65.9282
66.7507        65.9282
66.6371        65.9282
66.7081        65.9282
66.7004        65.9282
66.6623        65.9282
66.5768        65.9282
67.0978        65.9282
67.1263        65.9282
66.8355        65.9282
66.93        65.9282
66.7292        65.9282
66.3561        65.9282
66.489        65.9282
66.5169        65.9282
66.7307        65.9282
66.3993        65.9282
66.4922        65.9282
66.5424        65.9282
66.7859        65.9282
66.5693        65.9282
66.487        65.9282
66.2653        65.9282
66.687        65.9282
66.5697        65.9282
66.493        65.9282
66.841        65.9282
66.8136        65.9282
66.6774        65.9282
66.329        65.9282
66.8297        65.9282
66.4307        65.9282
66.5442        65.9282
66.8031        65.9282
66.6891        65.9282
66.6493        65.9282
66.9167        65.9282
66.5057        65.9282
66.3672        65.9282
66.0976        65.9282
66.4663        65.9282
66.3655        65.9282
66.428        65.9282
66.779        65.9282
66.841        65.9282
66.5798        65.9282
66.3679        65.9282
66.5213        65.9282
66.057        65.9282
66.2913        65.9282
66.8376        65.9282
66.6669        65.9282
66.7675        65.9282
66.8112        65.9282
66.5736        65.9282
66.5374        65.9282
66.9317        65.9282
67.2127        65.9282
66.8369        65.9282
66.8745        65.9282
66.6775        65.9282
66.6472        65.9282
66.5639        65.9282
66.4819        65.9282
66.4619        65.9282
66.3143        65.9282
66.576        65.9282
66.9121        65.9282
66.7984        65.9282
66.8152        65.9282
66.8152        65.9282
66.7188        65.9282
67.0484        65.9282
67.1544        65.9282
66.9824        65.9282
66.5754        65.9282
67.0966        65.9282
67.2919        65.9282
67.4598        65.9282
67.1765        65.9282
67.1071        65.9282
67.0381        65.9282
67.0977        65.9282
67.1057        65.9282
66.7593        65.9282
66.6897        65.9282
66.908        65.9282
66.9879        65.9282
66.3518        65.9282
66.3295        65.9282
66.7483        65.9282
66.4723        65.9282
66.6047        65.9282
66.7168        65.9282
66.6577        65.9282
66.5387        65.9282
66.4084        65.9282
66.336        65.9282
66.8574        65.9282
66.9342        65.9282
66.6911        65.9282
66.927        65.9282
66.9023        65.9282
66.6253        65.9282
66.6533        65.9282
66.6165        65.9282
66.8447        65.9282
67.1181        65.9282
66.9054        65.9282
66.2232        65.9282
66.1692        65.9282
66.47        65.9282
66.1429        65.9282
66.1903        65.9282
66.4252        65.9282
66.2305        65.9282
66.0468        65.9282
66.4405        65.9282
66.5935        65.9282
67.0391        65.9282
67.1204        65.9282
66.9006        65.9282
66.8956        65.9282
66.5248        65.9282
66.6304        65.9282
66.5834        65.9282
66.891        65.9282
66.3268        65.9282
66.5189        65.9282
67.1356        65.9282
66.8338        65.9282
66.9614        65.9282
66.5061        65.9282
66.5575        65.9282
66.7469        65.9282
66.6433        65.9282
66.5351        65.9282
66.9302        65.9282
66.9631        65.9282
66.3011        65.9282
66.5522        65.9282
66.2125        65.9282
66.2026        65.9282
66.2639        65.9282
66.5423        65.9282
66.5262        65.9282
66.8196        65.9282
66.6109        65.9282
66.9043        65.9282
66.8939        65.9282
66.7697        65.9282
66.7155        65.9282
66.3187        65.9282
66.4161        65.9282
66.4484        65.9282
66.6186        65.9282
66.4774        65.9282
66.7225        65.9282
66.6119        65.9282
66.5234        65.9282
66.5495        65.9282
66.8335        65.9282
66.7157        65.9282
66.7929        65.9282
67.0042        65.9282
66.884        65.9282
66.9471        65.9282
66.5559        65.9282
67.0115        65.9282
66.7111        65.9282
66.4694        65.9282
66.1771        65.9282
66.1098        65.9282
66.277        65.9282
66.525        65.9282
66.8785        65.9282
66.7625        65.9282
66.8163        65.9282
66.765        65.9282
66.3866        65.9282
66.6648        65.9282
66.5009        65.9282
66.5547        65.9282
66.1873        65.9282
66.2031        65.9282
66.4117        65.9282
66.3527        65.9282
66.4321        65.9282
66.6493        65.9282
66.7684        65.9282
66.4479        65.9282
66.5494        65.9282
66.7402        65.9282
67.3097        65.9282
67.2096        65.9282
66.5885        65.9282
66.5567        65.9282
66.4612        65.9282
66.5888        65.9282
66.3142        65.9282
66.4375        65.9282
66.3147        65.9282
66.4606        65.9282
66.3326        65.9282
66.4626        65.9282
66.6818        65.9282
66.5519        65.9282
66.8617        65.9282
67.0399        65.9282
66.7664        65.9282
66.3533        65.9282
66.3957        65.9282
67.1871        65.9282
66.7606        65.9282
66.4671        65.9282
66.9031        65.9282
66.6505        65.9282
66.5542        65.9282
66.4794        65.9282
66.3401        65.9282
66.6254        65.9282
66.4071        65.9282
66.5751        65.9282
66.8538        65.9282
66.6579        65.9282
66.4056        65.9282
66.3226        65.9282
66.9255        65.9282
66.3607        65.9282
66.6231        65.9282
66.8616        65.9282
66.6359        65.9282
66.9171        65.9282
66.5571        65.9282
66.8543        65.9282
66.723        65.9282
67.0843        65.9282
66.8974        65.9282
66.7557        65.9282
66.696        65.9282
66.3661        65.9282
66.5202        65.9282
66.563        65.9282
67.0916        65.9282
66.4795        65.9282
66.0258        65.9282
66.3215        65.9282
66.2092        65.9282
66.1719        65.9282
66.4801        65.9282
66.6699        65.9282
66.9365        65.9282
66.6508        65.9282
66.6521        65.9282
66.5534        65.9282
66.3478        65.9282
66.0998        65.9282
66.2378        65.9282
66.4983        65.9282
66.2496        65.9282
66.4856        65.9282
66.3301        65.9282
66.4594        65.9282
66.3525        65.9282
66.3094        65.9282
67.0286        65.9282
67.1681        65.9282
66.785        65.9282
66.7475        65.9282
66.741        65.9282
66.6031        65.9282
66.6516        65.9282
66.3213        65.9282
66.5405        65.9282
66.1683        65.9282
66.3388        65.9282
66.6094        65.9282
66.809        65.9282
66.7934        65.9282
66.8015        65.9282
66.6281        65.9282
66.5468        65.9282
66.7514        65.9282
66.8287        65.9282
66.932        65.9282
66.8079        65.9282
66.9988        65.9282
66.9598        65.9282
66.6855        65.9282
66.0848        65.9282
66.292        65.9282
66.4793        65.9282
66.5119        65.9282
66.6636        65.9282
66.6597        65.9282
66.1281        65.9282
66.2139        65.9282
66.758        65.9282
66.8305        65.9282
67.0152        65.9282
67.1306        65.9282
67.0475        65.9282
67.04        65.9282
66.7274        65.9282
66.5857        65.9282
66.5604        65.9282
66.6869        65.9282
66.59        65.9282
66.4096        65.9282
66.8538        65.9282
66.3899        65.9282
66.9082        65.9282
66.6489        65.9282
66.7252        65.9282
66.5989        65.9282
66.6293        65.9282
66.5526        65.9282
66.5811        65.9282
66.5953        65.9282
66.7053        65.9282
66.6168        65.9282
66.7966        65.9282
66.3461        65.9282
66.3632        65.9282
66.7591        65.9282
67.6816        65.9282
66.7989        65.9282
66.251        65.9282
66.8309        65.9282
66.912        65.9282
66.562        65.9282
66.7982        65.9282
66.888        65.9282
66.4705        65.9282
66.3673        65.9282
66.717        65.9282
66.963        65.9282
66.7896        65.9282
66.6277        65.9282
66.5053        65.9282
66.5513        65.9282
66.4457        65.9282
66.2385        65.9282
66.4199        65.9282
66.3745        65.9282
66.6187        65.9282
66.6371        65.9282
67.1791        65.9282
66.8555        65.9282
66.3969        65.9282
66.592        65.9282
66.2871        65.9282
66.2121        65.9282
66.148        65.9282
66.3632        65.9282
66.3626        65.9282
66.5557        65.9282
66.1971        65.9282
66.3041        65.9282
67.1352        65.9282
66.5519        65.9282
66.2992        65.9282
66.1817        65.9282
66.3393        65.9282
66.6008        65.9282
66.7089        65.9282
67.0048        65.9282
67.035        65.9282
66.6338        65.9282
66.2001        65.9282
66.4551        65.9282
66.6444        65.9282
66.4111        65.9282
66.4921        65.9282
66.8036        65.9282
67.1331        65.9282
66.5148        65.9282
66.5211        65.9282
66.3596        65.9282
66.2988        65.9282
66.3564        65.9282
67.0023        65.9282
67.1237        65.9282
66.6158        65.9282
66.2412        65.9282
66.3294        65.9282
66.4408        65.9282
66.791        65.9282
67.0345        65.9282
66.8652        65.9282
66.7777        65.9282
66.7999        65.9282
66.3759        65.9282
66.5021        65.9282
66.416        65.9282
66.53        65.9282
66.9754        65.9282
66.686        65.9282
66.399        65.9282
66.658        65.9282
66.7756        65.9282
66.554        65.9282
66.3769        65.9282
66.6608        65.9282
66.6053        65.9282
66.4028        65.9282
66.4931        65.9282
66.5055        65.9282
66.5445        65.9282
66.3372        65.9282
66.2853        65.9282
66.3149        65.9282
66.2823        65.9282
66.6632        65.9282
66.7736        65.9282
66.6058        65.9282
66.6616        65.9282
66.8606        65.9282
66.9103        65.9282
66.4039        65.9282
66.3493        65.9282
66.4962        65.9282
66.5758        65.9282
66.6664        65.9282
66.6533        65.9282
66.4172        65.9282
66.5213        65.9282
66.5531        65.9282
66.8437        65.9282
66.592        65.9282
66.5448        65.9282
66.8305        65.9282
66.3941        65.9282
66.5352        65.9282
66.6462        65.9282
66.6172        65.9282
66.5158        65.9282
66.5733        65.9282
66.2347        65.9282
66.8852        65.9282
66.6975        65.9282
66.7239        65.9282
66.5572        65.9282
66.4093        65.9282
66.4365        65.9282
66.3932        65.9282
66.4086        65.9282
66.9893        65.9282
67.6817        65.9282
67.7207        65.9282
67.0656        65.9282
66.8958        65.9282
66.3295        65.9282
66.5798        65.9282
66.8225        65.9282
67.2175        65.9282
67.0397        65.9282
66.4835        65.9282
66.9617        65.9282
66.994        65.9282
67.0283        65.9282
66.8152        65.9282
66.6475        65.9282
66.6631        65.9282
66.9565        65.9282
67.0739        65.9282
66.5657        65.9282
66.4925        65.9282
66.3958        65.9282
66.9474        65.9282
67.2474        65.9282
66.9719        65.9282
66.3432        65.9282
66.6989        65.9282
66.9395        65.9282
67.0571        65.9282
67.0775        65.9282
66.9187        65.9282
67.2194        65.9282
67.215        65.9282
67.2593        65.9282
66.6646        65.9282
66.8894        65.9282
66.5554        65.9282
67.3322        65.9282
67.3223        65.9282
66.911        65.9282
67.2477        65.9282
67.0943        65.9282
66.9493        65.9282
66.5606        65.9282
66.5626        65.9282
66.4924        65.1879
66.3191        65.1879
65.9346        65.1879
66.1076        65.1879
65.6806        65.1879
65.5927        65.1879
65.9509        65.1879
65.8317        65.1879
65.6592        65.1879
65.5024        65.1879
65.9042        65.1879
65.8286        65.1879
65.7812        65.1879
65.8068        65.1879
65.6514        65.1879
66.3135        65.1879
66.3134        65.1879
66.2702        65.1879
66.0719        65.1879
65.8964        65.1879
65.8921        65.1879
65.9036        65.1879
65.6453        65.1879
65.7914        65.1879
66.2002        65.1879
66.2886        65.1879
65.9092        65.1879
65.8497        65.1879
66.2159        65.1879
66.1536        65.1879
66.2635        65.1879
66.0486        65.1879
65.8715        65.1879
65.7675        65.1879
66.03        65.1879
66.2396        65.1879
66.4016        65.1879
65.9894        65.1879
66.0921        65.1879
66.3018        65.1879
66.0767        65.1879
65.712        65.1879
65.5996        65.1879
66.0383        65.1879
66.002        65.1879
66.358        65.1879
65.9005        65.1879
65.7896        65.1879
65.9191        65.1879
65.7598        65.1879
65.7071        65.1879
66.0451        65.1879
65.7141        65.1879
65.8221        65.1879
66.4166        65.1879
66.0242        65.1879
65.5914        65.1879
66.2428        65.1879
65.6333        65.1879
66.0127        65.1879
65.9966        65.1879
66.2296        65.1879
65.899        65.1879
66.2718        65.1879
66.062        65.1879
65.7154        65.1879
65.7757        65.1879
65.772        65.1879
65.8472        65.1879
65.5957        65.1879
66.0769        65.1879
66.0122        65.1879
66.1565        65.1879
66.1662        65.1879
65.5757        65.1879
65.6643        65.1879
65.6838        65.1879
65.7272        65.1879
66.0059        65.1879
65.5932        65.1879
65.6658        65.1879
65.6337        65.1879
65.3859        65.1879
65.7763        65.1879
65.7567        65.1879
65.5987        65.1879
66.1997        65.1879
66.0138        65.1879
65.9525        65.1879
66.339        65.1879
66.1136        65.1879
66.3483        65.1879
65.9597        65.1879
65.9366        65.1879
65.7878        65.1879
65.7072        65.1879
65.6467        65.1879
65.6929        65.1879
65.9653        65.1879
66.2278        65.1879
65.9454        65.1879
65.7813        65.1879
66.0915        65.1879
65.9321        65.1879
66.1789        65.1879
65.6009        65.1879
65.9457        65.1879
65.9535        65.1879
65.7768        65.1879
65.6086        65.1879
66.1332        65.1879
65.9273        65.1879
65.9154        65.1879
65.5953        65.1879
65.7383        65.1879
66.7479        65.1879
66.2919        65.1879
65.9724        65.1879
66.3943        65.1879
66.4253        65.1879
66.5202        65.1879
66.6861        65.1879
66.7913        65.1879
66.1248        65.1879
66.0996        65.1879
65.7603        65.1879
65.7771        65.1879
65.7956        65.1879
65.7699        65.1879
65.7033        65.1879
65.7506        65.1879
65.9771        65.1879
66.1481        65.1879
65.853        65.1879
65.7823        65.1879
65.8019        65.1879
65.9005        65.1879
65.9071        65.1879
66.003        65.1879
66.2843        65.1879
66.1862        65.1879
65.8403        65.1879
65.9186        65.1879
66.4486        65.1879
66.1283        65.1879
66.085        65.1879
66.1957        65.1879
66.3378        65.1879
66.2325        65.1879
65.5923        65.1879
65.6993        65.1879
65.8385        65.1879
65.9718        65.1879
66.1672        65.1879
66.2473        65.1879
65.7667        65.1879
65.8889        65.1879
65.8321        65.1879
65.7748        65.1879
66.1738        65.1879
65.8944        65.1879
65.7394        65.1879
65.9185        65.1879
66.1623        65.1879
66.9195        65.1879
66.2806        65.1879
65.985        65.1879
65.8952        65.1879
66.1098        65.1879
65.9316        65.1879
66.0124        65.1879
65.6032        65.1879
65.9723        65.1879
65.7174        65.1879
65.9584        65.1879
65.8343        65.1879
65.916        65.1879
66.0239        65.1879
66.228        65.1879
65.946        65.1879
65.8483        65.1879
65.9411        65.1879
66.0968        65.1879
65.7212        65.1879
65.9941        65.1879
65.6256        65.1879
65.9167        65.1879
65.8586        65.1879
65.5159        65.1879
65.9821        65.1879
66.1511        65.1879
65.58        65.1879
65.8834        65.1879
65.8174        65.1879
65.9956        65.1879
66.4912        65.1879
65.9827        65.1879
65.6841        65.1879
66.301        65.1879
66.0041        65.1879
65.8308        65.1879
65.821        65.1879
66.0442        65.1879
65.6485        65.1879
65.7892        65.1879
65.5984        65.1879
66.0467        65.1879
66.0601        65.1879
66.072        65.1879
66.1255        65.1879
65.9912        65.1879
65.7006        65.1879
65.5573        65.1879
65.5353        65.1879
65.8141        65.1879
65.9396        65.1879
65.917        65.1879
65.9822        65.1879
65.6866        65.1879
65.8261        65.1879
65.5788        65.1879
65.7695        65.1879
65.8441        65.1879
65.7878        65.1879
65.2851        65.1879
65.4293        65.1879
65.719        65.1879
66.1349        65.1879
65.5023        65.1879
65.527        65.1879
66.0075        65.1879
66.25        65.1879
65.5828        65.1879
65.5587        65.1879
65.503        65.1879
65.6654        65.1879
65.5325        65.1879
65.6781        65.1879
65.7689        65.1879
65.7755        65.1879
65.8528        65.1879
65.7931        65.1879
65.8817        65.1879
65.6267        65.1879
65.5219        65.1879
65.7187        65.1879
65.8018        65.1879
65.6985        65.1879
65.399        65.1879
65.2867        65.1879
65.2954        65.1879
65.7906        65.1879
65.8005        65.1879
65.8598        65.1879
65.5948        65.1879
66.0913        65.1879
65.4544        65.1879
65.3543        65.1879
65.6628        65.1879
65.6702        65.1879
65.8964        65.1879
66.0955        65.1879
65.8052        65.1879
65.4309        65.1879
65.765        65.1879
65.7002        65.1879
65.824        65.1879
65.6066        65.1879
65.6779        65.1879
65.482        65.1879
65.5905        65.1879
65.625        65.1879
65.9737        65.1879
65.6766        65.1879
65.9889        65.1879
66.2601        65.1879
66.1346        65.1879
66.1583        65.1879
66.3828        65.1879
66.3628        65.1879
65.7389        65.1879
65.8764        65.1879
65.6031        65.1879
65.6659        65.1879
65.7005        65.1879
65.8721        65.1879
65.8437        65.1879
66.1362        65.1879
65.8276        65.1879
65.705        65.1879
65.9674        65.1879
65.7936        65.1879
65.9272        65.1879
65.7683        65.1879
66.2972        65.1879
65.822        65.1879
66.0211        65.1879
66.0758        65.1879
65.9828        65.1879
65.6815        65.1879
65.6347        65.1879
65.694        65.1879
65.6588        65.1879
65.8889        65.1879
65.834        65.1879
65.8825        65.1879
66.302        65.1879
66.0557        65.1879
66.4339        65.1879
65.9146        65.1879
65.9376        65.1879
65.54        65.1879
65.6376        65.1879
65.5005        65.1879
65.5822        65.1879
65.6844        65.1879
65.5428        65.1879
65.4225        65.1879
66.1823        65.1879
65.8374        65.1879
66.0209        65.1879
65.659        65.1879
65.8157        65.1879
66.2583        65.1879
66.1608        65.1879
65.8077        65.1879
65.8899        65.1879
66.1343        65.1879
65.8179        65.1879
65.8558        65.1879
66.0732        65.1879
65.7353        65.1879
65.5548        65.1879
65.7736        65.1879
65.7058        65.1879
65.7973        65.1879
65.8377        65.1879
65.862        65.1879
65.842        65.1879
65.5599        65.1879
65.6756        65.1879
65.7852        65.1879
66.2431        65.1879
65.6628        65.1879
66.0546        65.1879
65.9997        65.1879
65.6138        65.1879
65.6352        65.1879
65.5467        65.1879
65.9835        65.1879
65.9876        65.1879
65.5783        65.1879
65.8221        65.1879
65.899        65.1879
66.1774        65.1879
66.0154        65.1879
66.1252        65.1879
66.2612        65.1879
65.8321        65.1879
66.0333        65.1879
66.0959        65.1879
66.0505        65.1879
65.9792        65.1879
65.8274        65.1879
65.6777        65.1879
65.6698        65.1879
65.7384        65.1879
65.712        65.1879
65.9457        65.1879
66.2498        65.1879
66.0967        65.1879
66.0707        65.1879
66.1137        65.1879
66.0857        65.1879
66.2073        65.1879
66.4458        65.1879
65.7489        65.1879
65.8206        65.1879
65.8022        65.1879
65.4618        65.1879
65.7276        65.1879
65.7436        65.1879
65.8421        65.1879
65.9501        65.1879
65.8162        65.1879
65.9096        65.1879
66.0322        65.1879
65.8651        65.1879
65.5223        65.1879
65.65        65.1879
65.7347        65.1879
66.1478        65.1879
66.2018        65.1879
65.9846        65.1879
66.2436        65.1879
65.7715        65.1879
65.6136        65.1879
65.6416        65.1879
65.7423        65.1879
65.8072        65.1879
65.6779        65.1879
65.6247        65.1879
65.8839        65.1879
65.7052        65.1879
66.0274        65.1879
65.6539        65.1879
65.5167        65.1879
66.0385        65.1879
66.0905        65.1879
66.5861        65.1879
66.3041        65.1879
66.6309        65.1879
66.9995        65.1879
66.456        65.1879
66.5578        65.1879
66.8568        65.1879
66.4105        65.1879
66.2672        65.1879
66.3113        65.1879
66.1078        65.1879
65.9052        65.1879
66.3246        65.1879
66.1436        65.1879
66.2489        65.1879
65.9287        65.1879
65.4496        65.1879
65.3331        65.1879
65.5268        65.1879
65.8384        65.1879
66.1783        65.1879
65.9605        65.1879
65.7847        65.1879
65.8585        65.1879
66.1422        65.1879
66.1444        65.1879
66.3704        65.1879
65.9145        65.1879
65.7567        65.1879
65.7951        65.1879
65.5376        65.1879
65.753        65.1879
65.4109        65.1879
65.347        65.1879
65.8042        65.1879
66.0933        65.1879
65.5401        65.1879
65.9994        65.1879
65.7154        65.1879
65.8989        65.1879
65.7159        65.1879
65.8179        65.1879
65.6954        65.1879
65.6022        65.1879
65.4058        65.1879
65.5583        65.1879
65.6532        65.1879
66.3355        65.1879
66.0267        65.1879
65.8281        65.1879
65.5766        65.1879
65.6819        65.1879
65.9067        65.1879
66.068        65.1879
65.9223        65.1879
65.8419        65.1879
66.628        65.1879
65.8127        65.1879
65.7181        65.1879
65.9844        65.1879
66.092        65.1879
66.2305        65.1879
65.8196        65.1879
65.6599        65.1879
65.5658        65.1879
65.5648        65.1879
65.6559        65.1879
65.525        65.1879
65.8381        65.1879
66.3305        65.1879
66.0504        65.1879
65.8902        65.1879
65.896        65.1879
65.7898        65.1879
65.7853        65.1879
65.6775        65.1879
65.6014        65.1879
65.6654        65.1879
65.8063        65.1879
66.0416        65.1879
65.8644        65.1879
65.335        65.1879
65.5017        65.1879
65.6196        65.1879
65.8067        65.1879
65.7676        65.1879
65.9023        65.1879
65.4494        65.1879
65.9315        65.1879
65.8893        65.1879
65.6912        65.1879
65.5366        65.1879
65.9196        65.1879
65.8976        65.1879
65.6837        65.1879
65.7317        65.1879
65.84        65.1879
65.917        65.1879
65.5195        65.1879
65.7629        65.1879
65.6461        65.1879
65.9116        65.1879
65.6214        65.1879
66.0625        65.1879
66.1124        65.1879
66.1718        65.1879
65.8073        65.1879
66.1836        65.1879
65.8586        65.1879
65.8565        65.1879
65.8616        65.1879
65.9761        65.1879
65.6815        65.1879
65.6485        65.1879
65.3684        65.1879
65.7543        65.1879
66.0863        65.1879
65.9335        65.1879
66.3624        65.1879
66.0336        65.1879
66.0112        65.1879
66.0953        65.1879
65.9948        65.1879
66.5634        65.1879
66.6029        65.1879
66.0384        65.1879
66.3578        65.1879
66.1879        65.1879
65.7064        65.1879
65.4973        65.1879
65.73        65.1879
65.5651        65.1879
65.7127        65.1879
65.6236        65.1879
65.8609        65.1879
65.8352        65.1879
66.2477        65.1879
65.9076        65.1879
66.7332        65.1879
66.7496        65.1879
66.4428        65.1879
65.8363        65.1879
66.0042        65.1879
65.8974        65.1879
66.3178        65.1879
65.7795        65.1879
65.6601        65.1879
66.0336        65.1879
66.1166        65.1879
66.0412        65.1879
66.1669        65.1879
66.2774        65.1879
65.7133        65.1879
65.4822        65.1879
65.3983        65.1879
65.5219        65.1879
65.7461        65.1879
65.4454        65.1879
65.8616        65.1879
66.0985        65.1879
65.9151        65.1879
66.2993        65.1879
66.3255        65.1879
65.9202        65.1879
66.1786        65.1879
65.7658        65.1879
65.7405        65.1879
65.8648        65.1879
65.6702        65.1879
65.3627        65.1879
65.5599        65.1879
65.4679        65.1879
65.7433        65.1879
65.3856        65.1879
65.5285        65.1879
65.8178        65.1879
65.6953        65.1879
65.6759        65.1879
65.9083        65.1879
65.5714        65.1879
65.3825        65.1879
65.7696        65.1879
65.5271        65.1879
65.636        65.1879
65.6683        65.1879
66.2877        65.1879
66.1618        65.1879
65.9342        65.1879
65.9447        65.1879
66.1429        65.1879
65.9844        65.1879
66.0309        65.1879
66.2485        65.1879
66.1338        65.1879
65.822        65.1879
66.0786        65.1879
65.9748        65.1879
66.0019        65.1879
65.9362        65.1879
65.9548        65.1879
65.7265        65.1879
65.8427        65.1879
65.7534        65.1879
65.8947        65.1879
65.7945        65.1879
65.9205        65.1879
65.7571        65.1879
65.9883        65.1879
65.7445        65.1879
65.9451        65.1879
65.7349        65.1879
65.4493        65.1879
66.1644        65.1879
66.3738        65.1879
66.0177        65.1879
65.888        65.1879
66.4295        65.1879
66.2134        65.1879
65.9381        65.1879
65.8398        65.1879
65.7964        65.1879
66.0542        65.1879
65.8133        65.1879
66.0479        65.1879
66.7883        65.1879
66.7893        65.1879
66.4561        65.1879
65.885        65.1879
65.7956        65.1879
65.9561        65.1879
66.1163        65.1879
65.9171        65.1879
65.8619        65.1879
66.0218        65.1879
65.4433        65.1879
65.4927        65.1879
66.0445        65.1879
65.2949        65.1879
65.7093        65.1879
65.4395        65.1879
66.0523        65.1879
65.8637        65.1879
65.3802        65.1879
66.0896        65.1879
65.9555        65.1879
65.6006        65.1879
65.4869        65.1879
65.6321        65.1879
66.2992        65.1879
65.9184        65.1879
65.7324        65.1879
65.8774        65.1879
66.0005        65.1879
65.885        65.1879
65.8859        65.1879
65.7028        65.1879
65.3364        65.1879
65.8452        65.1879
65.6619        65.1879
65.5296        65.1879
65.592        65.1879
65.6413        65.1879
65.4825        65.1879
65.5627        65.1879
65.6023        65.1879
65.9654        65.1879
66.0488        65.1879
65.8688        65.1879
65.5451        65.1879
65.8953        65.1879
65.7721        65.1879
65.5556        65.1879
65.7145        65.1879
65.948        65.1879
65.8719        65.1879
65.8685        65.1879
66.1451        65.1879
65.7784        65.1879
66.1775        65.1879
66.2627        65.1879
66.4142        65.1879
65.9543        65.1879
66.1846        65.1879
66.5134        65.1879
66.2338        65.1879
65.9833        65.1879
66.4244        65.1879
66.3111        65.1879
66.0971        65.1879
65.6764        65.1879
65.655        65.1879
65.9384        65.1879
65.8902        65.1879
66.2255        65.1879
66.0634        65.1879
65.9237        65.1879
66.1122        65.1879
65.4654        65.1879
66.0856        65.1879
65.8193        65.1879
65.6454        65.1879
65.7322        65.1879
65.7138        65.1879
65.5459        65.1879
65.7713        65.1879
65.9004        65.1879
65.372        65.1879
65.499        65.1879
66.0048        65.1879
65.9337        65.1879
66.0353        65.1879
65.8692        65.1879
65.7929        65.1879
65.5137        65.1879
65.847        65.1879
65.889        65.1879
66.0092        65.1879
66.2413        65.1879
65.8253        65.1879
65.9588        65.1879
65.724        65.1879
66.0504        65.1879
66.1025        65.1879
65.6656        65.1879
65.6271        65.1879
65.8992        65.1879
66.1151        65.1879
66.2354        65.1879
66.0806        65.1879
66.1449        65.1879
66.1527        65.1879
66.0729        65.1879
66.1381        65.1879
66.2242        65.1879
66.3522        65.1879
65.9077        65.1879
65.5666        65.1879
65.9079        65.1879
66.2343        65.1879
66.2214        65.1879
66.0894        65.1879
66.0644        65.1879
65.9785        65.1879
65.8834        65.1879
65.7984        65.1879
66.0877        65.1879
66.2078        65.1879
66.0227        65.1879
65.9462        65.1879
66.1896        65.1879
66.3405        65.1879
65.8363        65.1879
66.3231        65.1879
66.532        65.1879
66.2627        65.1879
66.2121        65.1879
65.8601        65.1879
65.4121        65.1879
65.523        65.1879
65.3539        65.1879
65.5194        65.1879
65.6698        65.1879
65.9842        65.1879
65.8948        65.1879
65.4533        65.1879
65.8253        65.1879
65.9435        65.1879
66.7301        65.1879
66.2433        65.1879
65.9673        65.1879
65.9722        65.1879
65.7471        65.1879
65.368        65.1879
65.5054        65.1879
66.152        65.1879
65.9426        65.1879
66.0624        65.1879
65.9688        65.1879
65.8008        65.1879
65.988        65.1879
66.0805        65.1879
65.5544        65.1879
65.5332        65.1879
66.0044        65.1879
65.7036        65.1879
65.3901        65.1879
65.4623        65.1879
65.5512        65.1879
65.7154        65.1879
65.8723        65.1879
66.3084        65.1879
65.9413        65.1879
65.963        65.1879
65.8417        65.1879
65.7108        65.1879
65.74        65.1879
65.581        65.1879
65.6947        65.1879
65.7688        65.1879
65.7555        65.1879
65.7724        65.1879
66.4295        65.1879
65.9016        65.1879
66.0265        65.1879
65.7646        65.1879
65.4888        65.1879
65.8905        65.1879
65.8266        65.1879
65.7551        65.1879
66.0643        65.1879
66.1335        65.1879
65.6184        65.1879
65.4791        65.1879
65.6694        65.1879
66.0127        65.1879
65.9534        65.1879
66.0543        65.1879
65.8417        65.1879
65.7448        65.1879
65.9135        65.1879
65.9054        65.1879
66.1632        65.1879
65.9119        65.1879
65.9324        65.1879
66.4045        65.1879
66.3616        65.1879
65.5645        65.1879
65.7008        65.1879
65.9891        65.1879
66.2083        65.1879
66.55        65.1879
66.1879        65.1879
65.657        65.1879
66.1173        65.1879
65.9727        65.1879
66.1474        65.1879
65.5411        65.1879
65.8853        65.1879
65.9441        65.1879
66.3563        65.1879
67.3418        65.1879
66.7612        65.1879
66.9188        65.1879
66.4537        65.1879
66.5388        65.1879
66.0077        65.1879
65.6536        65.1879
65.4501        65.1879
65.8187        65.1879
65.9123        65.1879
65.9139        65.1879
65.9071        65.1879
66.2304        65.1879
66.5985        65.1879
66.4392        65.1879
66.3418        65.1879
65.8486        65.1879
65.5229        65.1879
65.9438        65.1879
66.0404        65.1879
65.5288        65.1879
65.5673        65.1879
65.9077        65.1879
65.8292        65.1879
66.3828        65.1879
66.2615        65.1879
65.751        65.1879
65.9497        65.1879
65.9353        65.1879
66.1293        65.1879
65.9596        65.1879
66.1776        65.1879
66.0892        65.1879
65.9165        65.1879
65.9872        65.1879
65.7496        65.1879
65.8688        65.1879
65.7025        65.1879
66.1515        65.1879
65.854        65.1879
66.1439        65.1879
65.8399        65.1879
65.7536        65.1879
65.4491        65.1879
65.9887        65.1879
65.8556        65.1879
66.1471        65.1879
66.01        65.1879
66.2991        65.1879
66.5291        65.1879
65.8509        65.1879
65.9079        65.1879
65.7795        65.1879
66.234        65.1879
65.8577        65.1879
66.036        65.1879
66.4336        65.1879
66.6412        65.1879
66.8758        65.1879
66.2684        65.1879
66.0845        65.1879
65.9281        65.1879
66.1828        65.1879
65.897        65.1879
65.8969        65.1879
65.8412        65.1879
65.8026        65.1879
65.822        65.1879
65.9946        65.1879
66.3386        65.1879
66.0074        65.1879
65.8773        65.1879
66.4226        65.1879
66.0986        65.1879
65.8674        65.1879
66.2121        65.1879
65.8722        65.1879
66.1947        65.1879
66.2671        65.1879
66.0018        65.1879
65.7575        65.1879
65.8579        65.1879
66.2027        65.1879
65.9158        65.1879
65.7316        65.1879
65.8056        65.1879
65.8717        65.1879
65.7577        65.1879
65.8939        65.1879
65.6915        65.1879
65.9697        65.1879
66.2084        65.1879
65.8328        65.1879
66.0348        65.1879
65.92        65.1879
65.7938        65.1879
66.0767        65.1879
66.1453        65.1879
65.7043        65.1879
65.6301        65.1879
65.3623        65.1879
65.5617        65.1879
65.8198        65.1879
65.6504        65.1879
65.8672        65.1879
65.8954        65.1879
65.6353        65.1879
65.7884        65.1879
65.7309        65.1879
66.0465        65.1879
65.9533        65.1879
65.7173        65.1879
66.7444        65.1879
66.2446        65.1879
66.2166        65.1879
66.1039        65.1879
66.3775        65.1879
66.3755        65.1879
65.8492        65.1879
65.6025        65.1879
65.7345        65.1879
65.7067        65.1879
65.461        65.1879
65.6055        65.1879
65.6498        65.1879
65.6911        65.1879
65.5498        65.1879
65.5992        65.1879
65.7373        65.1879
65.8202        65.1879
65.8727        65.1879
66.1696        65.1879
65.7148        65.1879
66.2806        65.1879
66.2141        65.1879
66.2179        65.1879
66.1691        65.1879
65.7472        65.1879
65.8746        65.1879
65.45        65.1879
65.8089        65.1879
66.1881        65.1879
66.4465        65.1879
66.349        65.1879
66.0993        65.1879
66.4337        65.1879
66.2622        65.1879
66.3006        65.1879
66.2637        65.1879
65.9704        65.1879
65.9266        65.1879
65.9886        65.1879
65.7005        65.1879
65.7248        65.1879
66.0538        65.1879
65.4567        65.1879
65.6194        65.1879
65.5699        65.1879
66.0079        65.1879
66.2509        65.1879
65.7802        65.1879
65.8421        65.1879
65.8952        65.1879
65.7679        65.1879
66.0683        65.1879
65.6671        65.1879
65.6512        65.1879
65.7766        65.1879
65.4589        65.1879
65.3251        65.1879
65.4485        65.1879
65.6463        65.1879
65.4448        65.1879
65.6772        65.1879
65.9822        65.1879
66.143        65.1879
66.5702        65.1879
65.8067        65.1879
66.4898        65.1879
65.9719        65.1879
65.9654        65.1879
65.8806        65.1879
66.3981        65.1879
66.3808        65.1879
66.3322        65.1879
66.4744        65.1879
66.2718        65.1879
65.9369        65.1879
65.909        65.1879
66.1778        65.1879
66.0505        65.1879
66.1484        65.1879
66.4182        65.1879
66.0368        65.1879
66.1507        65.1879
66.0549        65.1879
66.4498        65.1879
65.6714        65.1879
65.4913        65.1879
65.3627        65.1879
65.5589        65.1879
65.8081        65.1879
65.927        65.1879
65.752        65.1879
65.7569        65.1879
65.5989        65.1879
65.6407        65.1879
65.8007        65.1879
65.7706        65.1879
66.0964        65.1879
65.8715        65.1879
65.5453        65.1879
65.5972        65.1879
65.9239        65.1879
66.2854        65.1879
66.5229        65.1879
65.9449        65.1879
65.4982        65.1879
65.7225        65.1879
65.9782        65.1879
65.7285        65.1879
65.6093        65.1879
65.7976        65.1879
65.6763        65.1879
65.8585        65.1879
65.4609        65.1879
65.518        65.1879
65.5802        65.1879
65.9243        65.1879
66.0593        65.1879
65.6475        65.1879
65.5848        65.1879
65.6098        65.1879
65.5589        65.1879
66.2014        65.1879
66.0006        65.1879
66.0813        65.1879
65.7337        65.1879
66.2101        65.1879
65.8543        65.1879
65.6124        65.1879
65.5603        65.1879
65.7598        65.1879
66.1483        65.1879
65.8707        65.1879
65.4447        65.1879
65.4801        65.1879
65.9141        65.1879
66.447        65.1879
66.0175        65.1879
65.6799        65.1879
65.6969        65.1879
65.8972        65.1879
65.4822        65.1879
65.8335        65.1879
66.4285        65.1879
66.0413        65.1879
66.2667        65.1879
66.0217        65.1879
65.9874        65.1879
65.8586        65.1879
65.7782        65.1879
65.9742        65.1879
66.3053        65.1879
66.1611        65.1879
66.147        65.1879
65.9434        65.1879
65.8942        65.1879
65.8664        65.1879
66.135        65.1879
65.9459        65.1879
66.0225        65.1879
66.3082        65.1879
65.6655        65.1879
65.7915        65.1879
65.8301        65.1879
66.0907        65.1879
66.3874        65.1879
66.183        65.1879
66.3825        65.1879
66.7405        65.1879
65.7312        65.1879
65.6593        65.1879
65.8015        65.1879
65.8717        65.1879
65.9961        65.1879
65.5935        65.1879
65.7328        65.1879
65.5861        65.1879
65.7261        65.1879
65.8868        65.1879
66.3543        65.1879
66.1227        65.1879
66.2965        65.1879
65.9514        65.1879
66.0175        65.1879
66.1371        65.1879
65.544        65.1879
65.8667        65.1879
65.6949        65.1879
65.9611        65.1879
66.1439        65.1879
65.627        65.1879
65.6456        65.1879
65.9535        65.1879
66.1356        65.1879
65.7941        65.1879
65.6262        65.1879
65.5432        65.1879
65.7158        65.1879
65.8832        65.1879
65.7947        65.1879
65.8364        65.1879
66.5262        65.1879
66.544        65.1879
66.5034        65.1879
66.1345        65.1879
66.3328        65.1879
66.1053        65.1879
66.2007        65.1879
66.0315        65.1879
65.4918        65.1879
65.8327        65.1879
65.4819        65.1879
66        65.1879
66.0605        65.1879
65.9081        65.1879
66.0298        65.1879
65.8681        65.1879
65.8728        65.1879
65.8321        65.1879
65.9427        65.1879
65.9552        65.1879
66.1736        65.1879
65.6411        65.1879
65.9533        65.1879
65.9421        65.1879
66.4581        65.1879
66.3603        65.1879
66.3838        65.1879
65.8288        65.1879
65.9402        65.1879
66.4906        65.1879
65.8        65.1879
66.199        65.1879
65.4905        65.1879
65.8623        65.1879
65.8163        65.1879
65.7418        65.1879
65.7265        65.1879
65.5326        65.1879
65.6353        65.1879
66.1619        65.1879
66.103        65.1879
65.7633        65.1879
65.7751        65.1879
65.5815        65.1879
65.5188        65.1879
65.9564        65.1879
65.769        65.1879
65.9753        65.1879
65.7651        65.1879
65.9076        65.1879
65.862        65.1879
65.8164        65.1879
66.1881        65.1879
65.9248        65.1879
65.7056        65.1879
65.7105        65.1879
65.9983        65.1879
66.0426        65.1879
65.7853        65.1879
66.2027        65.1879
66.3993        65.1879
66.0554        65.1879
65.7237        65.1879
65.9351        65.1879
66.3708        65.1879
65.9418        65.1879
65.9284        65.1879
66.4047        65.1879
65.7762        65.1879
66.0259        65.1879
65.6753        65.1879
65.7422        65.1879
65.8417        65.1879
65.9121        65.1879
65.9856        65.1879
66.0941        65.1879
65.786        65.1879
65.7521        65.1879
65.5903        65.1879
65.8864        65.1879
65.7673        65.1879
65.4848        65.1879
65.9723        65.1879
66.111        65.1879
65.9797        65.1879
65.9896        65.1879
65.7644        65.1879
65.4416        65.1879
65.9395        65.1879
66.1803        65.1879
65.8028        65.1879
65.8937        65.1879
66.0471        65.1879
66.0285        65.1879
66.0195        65.1879
65.8705        65.1879
65.5625        65.1879
65.8549        65.1879
65.8875        64.8528
65.6532        64.8528
65.8611        64.8528
65.951        64.8528
65.8978        64.8528
65.8647        64.8528
65.5883        64.8528
65.8406        64.8528
65.596        64.8528
65.3305        64.8528
65.0631        64.8528
65.3362        64.8528
65.041        64.8528
64.9554        64.8528
65.2063        64.8528
65.3878        64.8528
65.6128        64.8528
65.5639        64.8528
65.7233        64.8528
65.994        64.8528
66.1024        64.8528
66.068        64.8528
66.2488        64.8528
65.351        64.8528
65.5146        64.8528
65.6485        64.8528
65.7043        64.8528
65.7782        64.8528
65.3363        64.8528
65.1554        64.8528
65.1142        64.8528
65.3576        64.8528
65.2707        64.8528
65.221        64.8528
65.0966        64.8528
65.4842        64.8528
65.4983        64.8528
65.3715        64.8528
65.7329        64.8528
65.8029        64.8528
65.5047        64.8528
65.8333        64.8528
65.818        64.8528
65.4234        64.8528
65.0922        64.8528
65.3161        64.8528
65.4106        64.8528
65.5626        64.8528
65.6674        64.8528
66.189        64.8528
66.1263        64.8528
65.5241        64.8528
65.6603        64.8528
65.8877        64.8528
65.1621        64.8528
65.1193        64.8528
65.33        64.8528
65.438        64.8528
65.115        64.8528
65.384        64.8528
65.4708        64.8528
65.291        64.8528
65.4605        64.8528
65.5382        64.8528
65.5254        64.8528
65.4789        64.8528
65.832        64.8528
65.7126        64.8528
65.5968        64.8528
65.3714        64.8528
65.6668        64.8528
65.3597        64.8528
65.4936        64.8528
65.3946        64.8528
65.3592        64.8528
65.2162        64.8528
65.3179        64.8528
65.0851        64.8528
65.2477        64.8528
65.0857        64.8528
65.1476        64.8528
65.0383        64.8528
65.1225        64.8528
65.446        64.8528
65.3165        64.8528
65.2064        64.8528
65.3368        64.8528
65.3431        64.8528
65.6036        64.8528
65.4385        64.8528
66.117        64.8528
65.3506        64.8528
65.7035        64.8528
65.9962        64.8528
65.703        64.8528
65.6454        64.8528
65.506        64.8528
65.4349        64.8528
65.4741        64.8528
65.3154        64.8528
65.4694        64.8528
66.0655        64.8528
66.3143        64.8528
65.9593        64.8528
66.1905        64.8528
65.4579        64.8528
65.619        64.8528
65.455        64.8528
65.6771        64.8528
66.2106        64.8528
66.1177        64.8528
65.9416        64.8528
65.4837        64.8528
65.0942        64.8528
65.1346        64.8528
65.399        64.8528
65.7668        64.8528
65.6526        64.8528
65.4906        64.8528
65.3407        64.8528
65.3387        64.8528
65.1128        64.8528
64.9419        64.8528
65.1454        64.8528
65.6614        64.8528
65.5106        64.8528
66.1165        64.8528
65.7293        64.8528
65.3922        64.8528
65.4962        64.8528
65.4008        64.8528
65.8005        64.8528
65.4883        64.8528
65.267        64.8528
65.7487        64.8528
65.7623        64.8528
65.5906        64.8528
65.6816        64.8528
65.7294        64.8528
66.0289        64.8528
65.7523        64.8528
65.414        64.8528
65.4634        64.8528
65.5861        64.8528
65.4303        64.8528
65.7689        64.8528
65.6588        64.8528
65.3928        64.8528
65.4136        64.8528
65.2549        64.8528
65.2908        64.8528
65.4512        64.8528
65.3594        64.8528
65.2291        64.8528
65.2656        64.8528
65.1432        64.8528
65.44        64.8528
65.2822        64.8528
65.4917        64.8528
65.3588        64.8528
65.5278        64.8528
65.5011        64.8528
65.8752        64.8528
65.6741        64.8528
65.7544        64.8528
66.2616        64.8528
65.4215        64.8528
65.4235        64.8528
65.4575        64.8528
65.2809        64.8528
65.2838        64.8528
65.6362        64.8528
65.7804        64.8528
65.9876        64.8528
65.74        64.8528
65.4523        64.8528
65.3061        64.8528
65.4584        64.8528
65.4019        64.8528
65.1347        64.8528
65.2279        64.8528
65.3745        64.8528
65.4222        64.8528
65.229        64.8528
65.5602        64.8528
65.3544        64.8528
65.7115        64.8528
65.5806        64.8528
65.3988        64.8528
65.9272        64.8528
65.514        64.8528
65.4984        64.8528
65.58        64.8528
65.982        64.8528
65.3106        64.8528
65.2323        64.8528
65.3322        64.8528
65.7731        64.8528
65.6287        64.8528
65.5233        64.8528
66.0222        64.8528
66.078        64.8528
66.0031        64.8528
65.6238        64.8528
65.9435        64.8528
65.691        64.8528
65.581        64.8528
65.4726        64.8528
65.1695        64.8528
65.6948        64.8528
65.4416        64.8528
65.3075        64.8528
65.3951        64.8528
65.1742        64.8528
65.1196        64.8528
65.2589        64.8528
65.6646        64.8528
65.5692        64.8528
65.5161        64.8528
65.4048        64.8528
65.3866        64.8528
65.3006        64.8528
65.5454        64.8528
65.4245        64.8528
65.4357        64.8528
65.6731        64.8528
65.7241        64.8528
66.112        64.8528
65.7104        64.8528
65.5197        64.8528
65.4084        64.8528
65.7873        64.8528
65.3898        64.8528
65.3808        64.8528
65.8777        64.8528
65.5845        64.8528
65.4825        64.8528
65.5699        64.8528
65.5071        64.8528
65.4384        64.8528
65.7146        64.8528
65.5947        64.8528
65.6021        64.8528
65.3988        64.8528
65.1697        64.8528
65.499        64.8528
65.624        64.8528
65.7192        64.8528
65.5942        64.8528
65.8002        64.8528
65.4757        64.8528
65.7143        64.8528
65.5579        64.8528
65.6072        64.8528
65.6572        64.8528
65.056        64.8528
65.1177        64.8528
65.3417        64.8528
65.3091        64.8528
65.4129        64.8528
65.9347        64.8528
65.7941        64.8528
66.1138        64.8528
66.0647        64.8528
66.6605        64.8528
66.5508        64.8528
65.9784        64.8528
66.6256        64.8528
66.0139        64.8528
65.556        64.8528
65.8058        64.8528
65.5524        64.8528
65.2243        64.8528
65.5095        64.8528
65.9329        64.8528
65.5101        64.8528
65.578        64.8528
65.6646        64.8528
65.399        64.8528
65.5672        64.8528
65.4687        64.8528
65.5567        64.8528
65.3516        64.8528
65.6246        64.8528
65.5407        64.8528
65.2286        64.8528
65.6726        64.8528
65.9713        64.8528
65.6678        64.8528
65.4745        64.8528
65.8053        64.8528
65.4075        64.8528
65.5887        64.8528
65.9446        64.8528
66.1295        64.8528
65.713        64.8528
65.7948        64.8528
65.7284        64.8528
65.2311        64.8528
65.0544        64.8528
65.0524        64.8528
65.4325        64.8528
65.6631        64.8528
65.6505        64.8528
65.5987        64.8528
65.3835        64.8528
65.0956        64.8528
65.1402        64.8528
65.3076        64.8528
65.5183        64.8528
65.6134        64.8528
65.2038        64.8528
64.8804        64.8528
65.0592        64.8528
65.576        64.8528
65.489        64.8528
65.6766        64.8528
65.3669        64.8528
65.5226        64.8528
65.5224        64.8528
65.4015        64.8528
65.4974        64.8528
65.6717        64.8528
65.4417        64.8528
65.6564        64.8528
65.3358        64.8528
65.8772        64.8528
65.8839        64.8528
65.7035        64.8528
65.3523        64.8528
65.3691        64.8528
65.4478        64.8528
65.1364        64.8528
65.3976        64.8528
65.4232        64.8528
65.5268        64.8528
65.1647        64.8528
65.179        64.8528
65.3278        64.8528
65.774        64.8528
66.2382        64.8528
65.8148        64.8528
65.9226        64.8528
65.6012        64.8528
65.3387        64.8528
65.1798        64.8528
65.762        64.8528
65.7719        64.8528
65.8158        64.8528
65.9424        64.8528
65.8202        64.8528
65.692        64.8528
65.3762        64.8528
65.7588        64.8528
65.6846        64.8528
65.6912        64.8528
65.6069        64.8528
65.2859        64.8528
65.3272        64.8528
65.6457        64.8528
65.5801        64.8528
65.6274        64.8528
65.4678        64.8528
65.6342        64.8528
65.3817        64.8528
65.6161        64.8528
65.6787        64.8528
65.1794        64.8528
65.1257        64.8528
65.3137        64.8528
65.5529        64.8528
65.4162        64.8528
65.5847        64.8528
65.6282        64.8528
65.4535        64.8528
65.75        64.8528
65.7534        64.8528
65.6682        64.8528
65.1804        64.8528
65.2607        64.8528
65.6499        64.8528
66.1075        64.8528
65.5157        64.8528
65.4556        64.8528
65.3458        64.8528
65.6194        64.8528
65.3036        64.8528
65.6556        64.8528
65.3837        64.8528
66.1957        64.8528
65.5668        64.8528
65.7281        64.8528
65.5568        64.8528
65.6935        64.8528
65.1963        64.8528
65.2247        64.8528
65.3254        64.8528
65.4777        64.8528
65.8789        64.8528
65.4025        64.8528
65.3131        64.8528
65.3272        64.8528
65.1079        64.8528
65.3852        64.8528
65.43        64.8528
65.4534        64.8528
65.696        64.8528
65.4448        64.8528
65.9196        64.8528
65.7261        64.8528
65.9236        64.8528
66.0938        64.8528
65.922        64.8528
66.0327        64.8528
65.843        64.8528
65.3192        64.8528
65.3282        64.8528
65.3946        64.8528
65.3247        64.8528
65.5702        64.8528
65.425        64.8528
65.1958        64.8528
65.5224        64.8528
65.6319        64.8528
65.8412        64.8528
66.0199        64.8528
66.0468        64.8528
65.8332        64.8528
66.2197        64.8528
65.4843        64.8528
65.1526        64.8528
65.0592        64.8528
65.3859        64.8528
65.4766        64.8528
65.3242        64.8528
65.4961        64.8528
65.5667        64.8528
65.3498        64.8528
65.3307        64.8528
65.2233        64.8528
65.1097        64.8528
65.3009        64.8528
65.3692        64.8528
65.4409        64.8528
65.2049        64.8528
65.0954        64.8528
65.2558        64.8528
65.4818        64.8528
65.2744        64.8528
65.4633        64.8528
65.5092        64.8528
65.4806        64.8528
65.4005        64.8528
65.6681        64.8528
65.6879        64.8528
65.6335        64.8528
65.8709        64.8528
66.0592        64.8528
65.8796        64.8528
65.7171        64.8528
66.0797        64.8528
65.7437        64.8528
65.58        64.8528
65.4773        64.8528
65.2983        64.8528
65.5243        64.8528
65.5648        64.8528
65.5902        64.8528
65.1915        64.8528
65.2802        64.8528
65.2891        64.8528
66.0123        64.8528
65.7097        64.8528
65.7122        64.8528
65.8526        64.8528
65.7212        64.8528
65.7946        64.8528
65.8066        64.8528
65.242        64.8528
65.4512        64.8528
65.2414        64.8528
65.6147        64.8528
66.2002        64.8528
66.2608        64.8528
65.6041        64.8528
65.3854        64.8528
65.4376        64.8528
65.7772        64.8528
65.7213        64.8528
65.4024        64.8528
65.4549        64.8528
65.4227        64.8528
65.8761        64.8528
65.7491        64.8528
65.5083        64.8528
65.5567        64.8528
65.1311        64.8528
65.3126        64.8528
65.7296        64.8528
65.7196        64.8528
65.3373        64.8528
65.4197        64.8528
65.5632        64.8528
65.4518        64.8528
65.2963        64.8528
65.3039        64.8528
65.5324        64.8528
65.2056        64.8528
65.5695        64.8528
65.7699        64.8528
65.6786        64.8528
65.5092        64.8528
65.5324        64.8528
65.6012        64.8528
65.4521        64.8528
66.2046        64.8528
65.8165        64.8528
65.6533        64.8528
65.6947        64.8528
65.6201        64.8528
66.4427        64.8528
66.0657        64.8528
66.113        64.8528
65.4433        64.8528
65.5853        64.8528
65.8388        64.8528
65.4764        64.8528
65.6702        64.8528
65.5564        64.8528
65.6101        64.8528
65.8759        64.8528
66.1934        64.8528
66.0219        64.8528
66.086        64.8528
65.9873        64.8528
65.9548        64.8528
65.8323        64.8528
65.4869        64.8528
65.63        64.8528
65.5327        64.8528
65.5527        64.8528
66.0061        64.8528
65.6654        64.8528
65.8081        64.8528
65.7252        64.8528
65.6117        64.8528
65.27        64.8528
65.372        64.8528
65.7741        64.8528
65.4264        64.8528
65.5004        64.8528
65.555        64.8528
65.9562        64.8528
65.7561        64.8528
65.5398        64.8528
65.8179        64.8528
65.5749        64.8528
65.2086        64.8528
65.7932        64.8528
66.0885        64.8528
65.8975        64.8528
65.6858        64.8528
65.7319        64.8528
65.9431        64.8528
65.6695        64.8528
66.0193        64.8528
66.149        64.8528
66.357        64.8528
66.104        64.8528
65.7996        64.8528
65.5594        64.8528
65.6726        64.8528
65.3961        64.8528
65.5576        64.8528
65.3361        64.8528
65.4716        64.8528
65.3568        64.8528
65.4067        64.8528
65.3224        64.8528
65.5773        64.8528
65.6819        64.8528
65.6923        64.8528
65.4332        64.8528
65.4622        64.8528
65.4751        64.8528
65.3176        64.8528
65.2962        64.8528
65.4051        64.8528
65.6396        64.8528
65.6349        64.8528
65.6639        64.8528
65.5604        64.8528
65.6346        64.8528
65.5332        64.8528
65.73        64.8528
66.1466        64.8528
65.4844        64.8528
65.5465        64.8528
65.7072        64.8528
65.5184        64.8528
65.9375        64.8528
65.831        64.8528
65.6727        64.8528
65.536        64.8528
65.6318        64.8528
65.8126        64.8528
66.4153        64.8528
66.6356        64.8528
65.6712        64.8528
66.0873        64.8528
66.1451        64.8528
65.7189        64.8528
65.3572        64.8528
65.8982        64.8528
65.65        64.8528
65.8101        64.8528
65.5143        64.8528
65.5297        64.8528
65.6361        64.8528
65.8579        64.8528
65.5517        64.8528
65.3863        64.8528
65.5591        64.8528
65.0214        64.8528
65.1891        64.8528
65.6572        64.8528
65.7696        64.8528
65.7139        64.8528
65.5725        64.8528
65.931        64.8528
65.7419        64.8528
65.6749        64.8528
65.8289        64.8528
65.7157        64.8528
65.7112        64.8528
65.8944        64.8528
65.7304        64.8528
65.8896        64.8528
65.7964        64.8528
66.147        64.8528
65.9053        64.8528
65.5741        64.8528
65.383        64.8528
65.7613        64.8528
65.886        64.8528
65.9251        64.8528
66.3274        64.8528
65.8664        64.8528
65.4786        64.8528
65.2832        64.8528
65.3921        64.8528
65.4452        64.8528
65.4518        64.8528
65.0983        64.8528
65.3934        64.8528
65.7329        64.8528
66.1273        64.8528
66.2755        64.8528
65.9606        64.8528
65.9936        64.8528
65.3551        64.8528
65.1459        64.8528
65.1077        64.8528
65.033        64.8528
65.5723        64.8528
65.0972        64.8528
64.9718        64.8528
65.2895        64.8528
65.678        64.8528
65.8381        64.8528
65.4624        64.8528
65.5027        64.8528
65.851        64.8528
65.5365        64.8528
65.8161        64.8528
65.6701        64.8528
65.3234        64.8528
65.7865        64.8528
65.7776        64.8528
65.7438        64.8528
66.0093        64.8528
65.9593        64.8528
65.6537        64.8528
66.1025        64.8528
66.0855        64.8528
66.1154        64.8528
66.2928        64.8528
66.137        64.8528
65.7107        64.8528
65.7583        64.8528
65.1109        64.8528
65.1514        64.8528
65.285        64.8528
65.7795        64.8528
65.991        64.8528
65.4413        64.8528
65.5025        64.8528
65.8756        64.8528
65.9084        64.8528
65.9475        64.8528
65.6739        64.8528
65.6287        64.8528
65.167        64.8528
65.3902        64.8528
65.32        64.8528
65.6317        64.8528
66.0907        64.8528
65.6029        64.8528
65.8751        64.8528
65.4899        64.8528
65.7411        64.8528
65.6213        64.8528
65.2581        64.8528
65.4014        64.8528
65.4106        64.8528
66.1292        64.8528
65.6973        64.8528
65.704        64.8528
65.6634        64.8528
65.3134        64.8528
65.5517        64.8528
65.2102        64.8528
65.2034        64.8528
65.266        64.8528
65.2793        64.8528
65.3641        64.8528
64.9955        64.8528
65.3674        64.8528
65.0347        64.8528
65.4924        64.8528
65.2147        64.8528
65.6363        64.8528
65.6532        64.8528
65.8741        64.8528
65.545        64.8528
65.5916        64.8528
65.9006        64.8528
66.1215        64.8528
65.8233        64.8528
65.7699        64.8528
65.6496        64.8528
65.4127        64.8528
65.7009        64.8528
65.5466        64.8528
65.6264        64.8528
65.3874        64.8528
65.4652        64.8528
65.5549        64.8528
65.424        64.8528
65.3673        64.8528
65.2211        64.8528
65.6824        64.8528
65.6119        64.8528
65.5605        64.8528
65.2718        64.8528
65.5037        64.8528
65.6569        64.8528
65.4372        64.8528
65.4728        64.8528
65.2062        64.8528
65.4192        64.8528
65.5159        64.8528
65.5613        64.8528
65.1409        64.8528
65.3066        64.8528
65.7241        64.8528
65.4325        64.8528
66.0301        64.8528
65.6794        64.8528
65.8162        64.8528
65.6185        64.8528
65.39        64.8528
65.4031        64.8528
65.5878        64.8528
65.2651        64.8528
65.3451        64.8528
65.2116        64.8528
65.1654        64.8528
65.4598        64.8528
65.8474        64.8528
65.5103        64.8528
66.028        64.8528
65.6664        64.8528
65.9044        64.8528
65.6907        64.8528
65.4212        64.8528
65.3729        64.8528
65.6649        64.8528
65.3051        64.8528
65.2488        64.8528
65.266        64.8528
65.4306        64.8528
65.318        64.8528
65.6583        64.8528
65.3548        64.8528
65.2131        64.8528
65.1733        64.8528
65.4729        64.8528
65.7404        64.8528
65.7146        64.8528
66.024        64.8528
65.9164        64.8528
66.1933        64.8528
65.6004        64.8528
65.7741        64.8528
65.7494        64.8528
66.0641        64.8528
65.7469        64.8528
65.9814        64.8528
66.0569        64.8528
65.6971        64.8528
65.7081        64.8528
65.8482        64.8528
65.6562        64.8528
65.2271        64.8528
65.1668        64.8528
65.2762        64.8528
65.4978        64.8528
65.5328        64.8528
65.5556        64.8528
66.0538        64.8528
65.4912        64.8528
65.791        64.8528
65.4698        64.8528
65.3683        64.8528
65.1522        64.8528
65.4533        64.8528
65.4482        64.8528
65.8042        64.8528
65.7438        64.8528
65.4393        64.8528
65.2755        64.8528
65.5827        64.8528
65.6933        64.8528
65.7544        64.8528
65.3975        64.8528
65.654        64.8528
65.4373        64.8528
65.3946        64.8528
65.5315        64.8528
65.8277        64.8528
65.4147        64.8528
65.6112        64.8528
65.3162        64.8528
65.6244        64.8528
65.4258        64.8528
65.1789        64.8528
65.498        64.8528
65.3208        64.8528
65.6708        64.8528
65.4815        64.8528
65.8242        64.8528
65.4974        64.8528
65.5946        64.8528
65.8361        64.8528
66.3626        64.8528
66.3822        64.8528
65.8543        64.8528
65.9883        64.8528
66.1522        64.8528
65.8316        64.8528
65.7208        64.8528
65.5459        64.8528
65.6901        64.8528
65.613        64.8528
65.5814        64.8528
65.5829        64.8528
65.7447        64.8528
65.9558        64.8528
65.5215        64.8528
65.6279        64.8528
65.6172        64.8528
65.7701        64.8528
66.2734        64.8528
66.2229        64.8528
65.8386        64.8528
66.0334        64.8528
65.7474        64.8528
66.0232        64.8528
65.5772        64.8528
65.3413        64.8528
65.3887        64.8528
65.3625        64.8528
65.4992        64.8528
65.8315        64.8528
65.8046        64.8528
65.6092        64.8528
66.2101        64.8528
65.8308        64.8528
65.5577        64.8528
66.0689        64.8528
65.6042        64.8528
66.0721        64.8528
66.289        64.8528
65.681        64.8528
65.9739        64.8528
65.5242        64.8528
65.4323        64.8528
65.7115        64.8528
65.4854        64.8528
66.0382        64.8528
65.6454        64.8528
65.3191        64.8528
65.31        64.8528
65.4902        64.8528
66.0117        64.8528
66.0537        64.8528
65.5619        64.8528
65.5273        64.8528
65.5041        64.8528
65.7734        64.8528
65.3643        64.8528
65.7349        64.8528
66.1107        64.8528
66.434        64.8528
65.6654        64.8528
65.4774        64.8528
65.8914        64.8528
65.7513        64.8528
