492.708        441.665
471.542        427.786
451.285        392.476
432.132         387.92
409.965        374.394
391.539        368.985
381.174        359.443
372.023        353.318
365.004        345.349
357.862        332.701
350.427        328.724
341.941        318.926
334.393        311.034
325.989        306.149
318.448        301.228
311.553        289.487
305.52        288.837
299.623        282.455
293.461        277.588
288.181        276.316
283.897        267.702
279.836        265.516
275.62        262.027
270.293        256.973
266.967        250.868
263.682        249.493
259.972        245.419
256.408        242.762
252.439        237.058
248.14        234.153
243.554        231.251
239.936        231.157
236.429        224.145
233.923        221.187
230.49        217.855
225.638        214.897
222.708        211.832
220.918        211.817
218.775        206.674
215.304        203.921
211.945        201.782
208.988        200.542
206.694        196.165
203.958        194.864
201.714         193.58
199.008        189.075
196.725        187.478
193.685        186.579
191.8        184.971
189.743          183.8
187.841        181.619
186.173        180.578
184.582        179.318
183.658         178.79
182.513        175.797
181.504        174.756
179.36        172.727
177.728         171.01
175.592        167.554
173.379        167.448
171.429        165.224
170.15        162.316
168.33        160.987
166.053        159.481
164.307        158.481
162.959        155.097
161.556        153.519
159.792        152.812
158.19        151.963
157.24        151.355
155.744        149.429
154.607        147.862
153.524         146.32
151.382        143.986
149.124        143.377
147.399        141.585
145.358         140.26
143.58        138.989
142.303        136.136
141.59        135.834
141.712        135.834
141.994        133.954
140.074        132.588
138.385        131.021
136.881        131.021
136.46        130.457
135.444        128.498
134.936        128.307
134.705        126.787
133.606        126.182
132.764        123.659
131.512        123.536
129.833        121.602
126.872        119.263
124.313        118.579
122.031        117.869
120.83        117.823
119.908        116.819
120.569        116.774
120.705        116.256
120.39        115.516
119.666        114.467
119.177        113.829
118.141        113.005
116.244        112.453
114.983         110.77
113.555         110.77
112.54        109.969
112.135        109.796
111.836        107.717
110.846        107.717
110.111        107.335
109.079        106.819
108.166        106.604
107.554        105.906
107.739        105.856
108.574        105.329
108.964        105.329
109.27        104.599
109.225        104.599
108.08        104.361
106.833         103.03
106.52         103.03
105.663        102.533
104.806        102.533
104.195        102.071
103.801        101.573
102.878        100.914
102.332         100.64
102.395        100.483
101.65        99.9807
101.859        99.9807
101.712        99.9807
101.035        98.5168
101.215        98.5168
101.466        97.8549
100.851        97.8054
99.9565         97.233
99.2176        97.0375
98.7838        95.9856
98.0375        95.9856
97.3404        95.9856
97.2485        94.5868
97        94.5868
96.9696        94.3763
96.7746        94.3763
96.577        93.8899
95.6856        93.8899
94.7948        93.8899
94.7512        93.8899
94.7207        93.5339
94.6779        93.5339
94.5912        93.4226
94.8121        92.3602
95.0386        92.3602
94.8889        92.0014
94.1806        91.8347
93.9643         91.476
94.2698         91.067
94.3133        90.7189
93.2548          90.31
92.8096          90.31
92.3745        89.8346
91.8067        89.8346
91.6218          89.74
91.3247          89.74
90.7587          89.74
90.564        89.7309
90.509        89.5288
90.1811        89.5288
90.3878        89.5288
90.591         89.416
90.669        89.2139
90.7056         88.409
90.3348         88.409
91.0299         88.409
91.3445        87.1738
90.8232        87.1738
90.2472        87.1738
89.2358        86.5271
88.7893        86.5271
87.9039        85.9311
87.9667        85.9311
87.4645        85.9311
87.0096        85.6143
86.601        85.6143
86.5983        85.6143
86.247        85.6143
86.3993        85.5687
86.4158        84.7959
85.9495        84.7502
85.8058        84.7502
85.7529        84.3584
85.4895         84.091
85.5256        84.0454
85.2895        83.3428
84.8952        83.1408
84.6707        83.1408
84.2355        83.1408
83.9725        83.1408
84.0516        83.1408
83.7268        83.1408
83.662         82.854
84.0151         82.854
83.7999         82.854
83.6701         82.854
83.5555        82.3742
83.2858        82.3742
83.8705         82.184
83.5676        81.6126
83.554        81.0621
82.6211        80.8719
82.124        80.7625
82.2202        80.7625
82.6064        80.0989
82.5996        80.0989
83.4184        79.8518
82.2959        79.8518
81.7829        79.8518
81.2647        79.8518
81.245        79.8518
80.8248        79.6737
81.0749        79.6737
80.8012        79.6737
80.6297        79.6737
80.1855        79.6737
80.2485        79.6737
80.6352        79.3033
80.4696        79.2157
80.4661        78.6904
80.0225        78.6904
79.7975        78.6904
79.8832        78.6904
79.6174        78.6741
79.8084        78.6741
79.3577        78.4077
79.0018        78.4077
79.0464        78.4077
78.8203        78.4077
79.0843        77.9759
79.1436        77.9436
79.1549        77.5119
78.4845        77.5119
78.2764        77.1894
78.1814        77.1894
78.023        77.1894
78.1708        77.1894
78.102        76.6141
78.0787        76.6141
77.7292        76.6141
77.4959        76.2473
77.4466        76.2473
77.572        76.2473
77.4152        76.2473
77.4943        76.2473
77.1631         75.986
76.8224        75.7609
76.8248        75.7609
77.2123        75.7609
77.1342        75.7609
76.855        75.7609
77.5482        75.7609
76.4589        75.7609
76.2099        75.7609
76.6759        75.7609
76.7284        75.7609
76.4745        75.7609
76.3081        75.7609
76.9859        75.7609
76.5033        75.7609
76.1673        75.7609
76.1627        75.7609
76.1544        75.7609
76.1018        75.6192
76.099        75.6192
76.421        75.6192
76.3364        75.6192
76.1775        75.6192
75.8095        75.6192
76.108        75.6192
75.7842        75.6192
75.8644         75.269
75.9916         75.269
75.9745        74.9552
76.2228        74.9552
76.2752        74.9552
76.2597        74.9552
76.3227        74.9552
75.9798        74.9552
75.8185        74.9448
76.4858        74.9448
77.1481        74.9448
77.832        74.9448
77.9883        74.9448
77.924        74.9448
77.1258        74.9448
76.5675        74.9448
75.7867         74.482
76.1908         74.482
76.244         74.482
76.5021        74.2918
76.9767        74.2918
76.9852        74.2918
76.5258        74.2918
76.1498        74.2918
75.9218        74.2918
75.6375        74.2918
75.1627        74.2918
74.7608        74.0653
74.8056        74.0653
74.6467        74.0653
74.8979        74.0653
75.3102        74.0653
74.9826        74.0653
74.6237        74.0482
74.7095        74.0482
74.6956        74.0482
74.5477        74.0482
74.7886        74.0482
74.6837        74.0482
74.4824        73.9581
74.5758        73.9581
74.4969        73.9581
74.5288          73.94
74.4791          73.94
74.8466          73.94
75.4886          73.94
76.2091        73.6503
77.4213        73.6322
78.0879        73.6322
78.5846        73.6322
76.7681        73.6322
76.3715        73.6322
76.6249        73.6322
78.5845        73.6322
78.135        73.6322
78.215        73.6322
76.1581        73.6322
75.7007        73.6322
75.0364        73.6322
74.7704        73.6322
74.4006        73.6322
74.3751        73.6322
74.2729        73.6322
74.2106        73.6322
73.9527        73.6322
74.2893        73.6322
74.3422        73.6322
74.1808        73.6322
74.3159        73.6322
74.0403        73.6322
74.3943        73.6322
74.8162        73.6322
74.8347        73.6322
74.5438        73.6322
74.716        73.6322
74.4768        73.5255
74.3581        73.5074
73.932        73.5074
73.8762        73.4811
74.1969        73.4811
74.7712        73.4295
74.1584        73.4295
74.3762        73.4295
74.0166        73.4295
73.8892        73.4295
74.013        73.4295
73.9415        73.4295
73.9864        73.4066
74.2551        73.4066
74.2413        73.3634
74.1857        73.2498
73.7787        73.2269
73.5992        73.2269
73.5553        73.2269
73.8674        73.0409
73.7326        72.9682
73.7305        72.9682
73.7391        72.9682
73.3384        72.9682
73.4892        72.9682
73.5798        72.9682
73.765        72.9682
73.499        72.9682
73.4208        72.9682
73.7804        72.9682
73.8587        72.9682
73.6139        72.9682
73.3954        72.9682
73.439        72.9682
73.717        72.9682
73.2777        72.9682
73.5714        72.9682
73.8089        72.9682
73.8468        72.9682
73.692        72.9682
73.7269        72.9682
73.7173        72.9682
73.8163        72.9682
73.754        72.9682
73.733        72.9682
73.7208        72.9682
73.4099        72.9682
73.4269        72.9682
73.6611        72.9682
73.5785        72.9682
73.6823        72.9682
73.503        72.9682
73.8126        72.3922
73.5457        72.3922
73.0688        72.3922
72.9646        72.3922
73.116        72.3922
72.9294        72.3922
72.9513        72.3922
73.0352        72.3922
73.3361        72.3922
73.3833        72.3922
73.0605        72.3922
72.9658        72.3922
72.8789        72.3922
72.7142        72.3922
72.711        72.3922
72.9301        72.3922
72.9855        72.3922
72.9033        72.3922
73.0265        72.3922
72.8907        72.3922
73.2016        72.3922
73.2661        72.3922
73.0994        72.3922
72.8423        72.3922
73.4424        72.3922
73.3752        72.3922
73.1613        72.3922
73.2201        72.3922
73.1154        72.3922
73.1665        72.3922
72.7451        72.3922
72.7555        72.3922
73.114        72.3922
73.1239        72.3922
73.2121        72.3922
72.6563        72.3922
73.0853        72.3922
72.9635        72.3922
72.7567        72.3922
72.6899        72.3922
73.0397        72.3922
72.9968        72.3922
72.762        72.3922
73.6057        72.3922
73.5814        72.3922
73.3702        72.3922
73.2093        72.3922
72.966        72.3922
73.1986        72.3922
73.0766        72.3922
73.2971        72.3922
73.2974        72.1434
72.9759        72.1434
72.6346        72.0831
73.1432        72.0831
73.1152        72.0831
73.2379        72.0831
73.5096        72.0831
72.7995        72.0831
72.8673        72.0831
72.6573        72.0831
72.4481        72.0831
72.6628        72.0831
72.8746        72.0831
72.7662        72.0831
72.7237        72.0831
72.898        72.0831
72.4393        72.0831
72.5609        72.0831
72.6772        72.0831
72.5929        72.0831
73.0504        72.0831
72.8002        72.0831
72.8623        72.0831
72.7194        72.0831
72.5414        72.0831
72.9967        72.0831
73.0782        72.0831
73.2291        72.0831
73.7346        72.0831
72.7632        72.0831
73.1788        72.0831
72.8244        72.0831
72.7562        72.0831
72.5816        72.0831
72.7222        72.0831
72.741        72.0831
72.8423        72.0831
72.8188        72.0831
72.6753        72.0831
72.5918        72.0831
72.3391        72.0831
72.8315        72.0831
72.7097        72.0831
72.904        72.0831
73.0736        72.0831
72.7206        72.0831
72.4473        72.0831
72.7698        72.0831
72.9821        72.0831
72.9108        72.0831
73.3176        72.0831
72.9693        72.0831
72.7679        72.0831
72.7386        72.0831
72.3413        72.0831
72.2998        72.0831
72.3863        72.0831
72.243        72.0831
72.328        72.0831
72.475        72.0831
72.8673        72.0831
72.9934        72.0831
73.1128        72.0831
72.9795        72.0831
72.638        72.0831
72.9313        72.0831
72.6261        72.0831
73.0484        72.0831
72.5691        72.0831
72.2614        72.0831
72.5065        72.0831
72.823        72.0831
72.8031        72.0831
73.2515        72.0831
73.2573        72.0831
73.0581        72.0831
73.1645        72.0831
73.6106        72.0831
73.0382        72.0831
72.8813        72.0831
72.5539        72.0831
72.6468        72.0831
72.8404        72.0831
73.2688        72.0831
72.8232        72.0831
72.8851        72.0831
72.8691        72.0831
72.9132        72.0831
72.8131        72.0831
72.7509        72.0831
72.5906        72.0831
72.7009        72.0831
72.736        72.0831
72.5836        72.0831
72.5934        72.0831
73.4078        72.0831
73.1147        72.0831
73.0597        72.0831
72.491        72.0831
72.7418        72.0831
73.181        71.6912
73.1423        71.6912
72.762        71.6912
72.503        71.6912
72.4462        71.6912
72.4721        71.6912
72.428        71.6912
72.7306        71.6912
72.8024        71.6912
72.2689        71.6912
72.2281        71.6912
72.2025        71.6912
72.3393        71.6912
72.2683        71.6912
72.2255        71.6912
71.9757        71.6912
72.2465        71.6912
72.0611        71.6912
72.2288        71.6912
72.1804        71.6912
72.6243        71.6912
72.3838        71.6912
72.7426        71.6912
72.2778        71.6912
72.528        71.6912
72.6758        71.6912
72.5018        71.6912
72.6683        71.6912
72.9933        71.6912
72.7168        71.6912
72.7648        71.6912
72.7358        71.6912
72.8736        71.6912
72.7889        71.6912
72.546        71.6912
72.4167        71.6912
73.191        71.6912
72.9274        71.6912
73.2757        71.6912
72.9991        71.6912
72.506        71.6912
72.7728        71.6912
72.2687        71.6912
72.6721        71.6912
72.9194        71.6912
72.9306        71.6912
72.9685        71.6912
72.815        71.6912
72.7247        71.6912
73.1509        71.6912
72.7566        71.6912
72.5342        71.6912
72.6029        71.6912
72.1841        71.6912
72.0213        71.6912
72.2506        71.6912
72.4007        71.6912
72.4636        71.6912
72.3859        71.6912
72.3547        71.6912
72.461        71.6912
72.6965        71.6912
72.6367        71.6912
72.2139        71.6912
72.7516        71.6912
72.1465        71.6912
72.2554        71.6912
71.9519        71.6912
72.6607        71.6912
72.2116        71.6912
72.3564        71.6912
72.0866        71.6912
72.2328        71.6912
72.2584        71.6912
72.4796        71.6912
72.8595        71.6912
72.7904        71.6912
72.7209        71.6912
72.3383        71.6912
72.4182        71.6912
72.8417        71.6912
72.4659        71.6912
72.3938        71.6912
72.591        71.6912
72.6038        71.6912
72.4822        71.6912
72.1255        71.6912
72.5297        71.6912
72.3767        71.6912
72.5231        71.6912
72.2977        71.6912
72.5021        71.6912
72.7286        71.6912
72.9567        71.6912
72.4041        71.6912
72.1549        71.6912
72.0668        71.6912
72.4904        71.6912
72.0573        71.6912
72.5333        71.6912
72.3662        71.6912
72.6086        71.6912
72.3394        71.6912
72.0758        71.6912
71.9825        71.6912
72.2507        71.6912
72.5196        71.6912
72.4687        71.6912
72.3404        71.6912
72.4341        71.6912
72.7776        71.6912
72.5182        71.6912
72.9957        71.6912
72.5662        71.6912
72.5638        71.6912
72.4143        71.6912
72.6617        71.6912
72.3643        71.6912
72.4971        71.6912
72.5798        71.6912
72.5596        71.6912
72.6698        71.6912
72.882        71.6912
72.642        71.6912
72.8331        71.6912
72.3979        71.6912
72.2131        71.6912
72.3929        71.6912
72.1983        71.6912
72.5102        71.6912
72.3067        71.6912
72.6581        71.6912
72.645        71.6912
72.731        71.6912
72.3319        71.6912
72.1755        71.6912
72.3128        71.6912
72.3545        71.6912
72.5366        71.6912
72.6766        71.6912
72.4509        71.6912
72.3493        71.6912
72.4048        71.6912
72.4321        71.6912
72.2191        71.6912
72.1065        71.6912
72.0116        71.6912
72.1326        71.6912
72.5731        71.6912
72.4684        71.6912
72.3497        71.6912
72.429        71.6912
72.7063        71.6912
72.6669        71.6912
72.4738        71.6912
72.5392        71.6912
72.1989        71.6912
72.4211        71.6912
72.4364        71.6912
72.4573        71.6912
72.3514        71.6912
72.4947        71.6912
72.1861        71.6912
71.9698        71.6912
71.8307        71.6912
71.9218        71.6912
72.3359        71.6912
72.9605        71.6912
72.9927        71.6912
72.584        71.6912
72.2011        71.6912
72.2815        71.6912
72.7075        71.6912
73.0081        71.6912
72.7472        71.6912
72.8696        71.6912
72.8945        71.6912
72.4258        71.6912
72.155        71.6912
72.2828        71.6912
72.0447        71.6912
72.0914        71.6912
72.2012        71.6912
72.3124        71.6912
72.1096        71.6912
72.0178        71.6912
71.8117        71.6912
71.9361        71.6912
71.9123        71.6912
72.2589        71.6912
72.4498        71.6912
72.2305        71.6912
72.3704        71.6912
72.5278        71.6912
72.6745        71.6912
72.1533        71.6912
72.4266        71.6912
72.3571        71.6912
72.554        71.6912
72.1681        71.6912
72.0509        71.6912
72.7055        71.6912
72.4639        71.6912
72.1106        71.6912
72.136        71.6912
72.2356        71.6912
72.0427        71.6912
71.8578        71.6912
71.8892        71.6912
72.3586        71.6912
72.4648        71.6912
72.5649        71.6912
72.4728        71.6912
72.0758        71.6912
72.1601        71.6912
72.2527        71.6912
72.2009        71.6912
72.7274        71.6912
72.6079        71.6912
72.3422        71.6912
73.2155        71.6912
72.9446        71.6912
72.226        71.6912
72.3749        71.6912
72.1521        71.6912
71.913        71.6912
71.9098        71.6912
72.0552        71.6912
72.2355        71.6912
72.6232        71.6912
72.7734        71.6912
72.4876        71.6912
72.8712        71.6912
72.9331        71.6912
72.2841        71.6912
72.4735        71.6912
72.7505        71.6912
72.3118        71.6912
72.4133        71.6912
72.3713        71.6912
72.3912        71.6912
72.4988        71.6912
72.6267        71.6912
72.584        71.6912
72.5402        71.6912
72.5294        71.6912
72.3948        71.6912
72.8185        71.6912
72.3742        71.6912
72.4475        71.6912
72.7756        71.6912
72.2306        71.6912
72.223        71.6912
72.4002        71.6912
72.3852        71.6912
72.3077        71.6912
72.4806        71.6912
72.2447        71.6912
72.2271        71.6912
72.3298        71.6912
72.4758        71.6912
72.5281        71.6912
72.2636        71.6912
72.2357        71.6912
72.2991        71.6912
72.58        71.6912
72.4515        71.6912
72.5498        71.6912
72.4677        71.6912
72.206        71.6912
71.9309        71.6912
71.9284        71.6912
72.2381        71.6912
72.6156        71.6912
72.7139        71.6912
72.4846        71.6912
72.4321        71.6912
72.6094        71.6912
72.5475        71.6912
72.1234        71.6912
72.1192        71.6912
72.4846        71.6912
72.4855        71.6912
72.6832        71.6912
72.7441        71.6912
72.4021        71.6912
72.3626        71.6912
72.7345        71.6912
72.3033        71.6912
72.1344        71.6912
72.5358        71.6912
72.7198        71.6912
72.5006        71.6912
72.5647        71.6912
72.5732        71.6912
72.3536        71.6912
72.6025        71.6912
72.7217        71.6912
72.8498        71.6912
72.9077        71.6912
72.5243        71.6912
72.5423        71.6912
72.1885        71.6912
72.2271        71.6912
72.1545        71.6912
72.4297        71.6912
72.1145        71.6912
72.2309        71.6912
72.3474        71.6912
72.6033        71.6912
72.3086        71.6912
72.0014        71.6912
72.4231        71.6912
72.3397        71.6912
72.4087        71.6912
72.5046        71.6912
72.6097        71.6912
72.4749        71.6912
72.3197        71.6912
72.4172        71.6912
72.2328        71.6912
72.2242        71.6912
72.3258        71.6912
72.4201        71.6912
72.3209        71.6912
71.8901        71.6912
72.1661        71.6912
72.3855        71.6912
72.5403        71.6912
72.0918        71.6912
72.2527        71.6912
71.8971        71.6912
72.4692        71.6912
72.7876        71.6912
73.0924        71.6912
72.7134        71.6912
72.453        71.6912
72.5185        71.6912
72.587        71.6912
72.3789        71.6912
72.6386        71.6912
72.1968        71.6912
72.1829        71.6912
72.3842        71.6912
72.985        71.6912
72.7241        71.6912
72.2349        71.6912
72.2305        71.6912
72.2072        71.6912
72.3546        71.6912
72.0253        71.6912
72.2134        71.6912
71.8498        71.6912
72.0486        71.6912
71.8592        71.6912
72.1248        71.6912
72.4506        71.6912
72.1787        71.6912
72.3614        71.6912
72.4177        71.6912
72.372        71.6912
72.1231        71.6912
72.0682        71.6912
72.2763        71.6912
72.3466        71.6912
72.2849        71.6912
72.324        71.6912
72.6026        71.6912
72.3548        71.6912
72.7125        71.6912
72.9451        71.6912
72.7433        71.6912
72.5737        71.6912
72.3773        71.6912
72.4646        71.6912
72.264        71.6821
72.145        71.6821
72.2991        71.6821
72.3582        71.6821
72.2175        71.6821
72.4999        71.6821
72.3091        71.6821
72.2577        71.6821
72.341        71.6821
72.6178        71.6821
72.5698        71.6821
72.5406        71.6821
72.5977        71.6821
72.7129        71.6821
72.6055        71.6821
72.3634        71.6821
71.9789        71.6821
72.1324        71.6821
72.4401        71.6821
72.5924        71.6821
72.6258        71.6821
72.239        71.6821
72.0161        71.6821
72.359        71.6821
72.4514        71.6821
72.3817        71.6821
72.6395        71.6821
72.6787        71.6821
72.975        71.6821
72.7389        71.6821
72.4742        71.6821
72.7448        71.6821
72.2642        71.6821
72.2716        71.6821
72.404        71.6821
72.2734        71.6821
72.2402        71.6821
73.0364        71.6821
73.017        71.6821
72.2203        71.6821
72.4825        71.6821
72.4253        71.6821
72.411        71.6821
72.2849        71.6821
72.4629        71.6821
72.4659        71.6821
72.6437        71.6821
72.386        71.6821
72.4665        71.6821
72.3311        71.6821
72.1428        71.6821
72.0577        71.6821
71.9417        71.6821
72.159        71.6821
72.5575        71.6821
72.7888        71.6821
72.6647        71.6821
72.5861        71.6821
72.6309        71.6821
72.1103        71.6821
72.0569        71.6821
72.312        71.6821
72.1457        71.6821
72.1588        71.6821
72.0651        71.6821
72.2695        71.6821
72.4033        71.6821
72.3206        71.6821
72.2961        71.6821
72.2294        71.6821
72.2912        71.6821
72.4057        71.6821
72.411        71.6821
72.1255        71.6821
72.5559        71.6821
72.7061        71.6821
72.6496        71.6821
72.6791        71.6821
72.595        71.6821
72.4325        71.6821
72.1956        71.6821
72.3997        71.6821
72.2552        71.6821
72.4377        71.6821
72.1793        71.6821
72.5834        71.6821
72.527        71.6821
72.6879        71.6821
72.4859        71.6821
72.7392        71.6821
72.3215        71.6821
72.5119        71.6821
72.7247        71.6821
72.3615        71.6821
72.2637        71.6821
72.294        71.6821
72.1218        71.6821
71.9485        71.6821
72.3973        71.6821
72.6138        71.6821
72.1425        71.6821
72.1876        71.6821
72.1418        71.6821
72.4125        71.6821
72.2655        71.6821
72.2559        71.6821
72.3539        71.6821
72.5658        71.6821
72.6681        71.6821
72.6517        71.6821
72.4562        71.6821
72.7466        71.6821
72.2503        71.6821
72.4357        71.6821
72.5112        71.6821
72.5376        71.6821
72.8586        71.6821
72.8185        66.2413
73.9075        66.2413
74.3853        66.2413
74.8329        66.2413
71.8765        66.2413
69.862        66.2413
68.8616        66.2413
68.3269        66.2413
67.73        66.2413
67.6647        66.2413
67.4662        66.2413
67.1198        66.2413
67.0158        66.2413
67.0728        66.2413
66.9378        66.2413
66.7599        66.2413
66.6458        66.2413
66.5092        66.2413
66.7983        66.2413
66.583        66.2413
66.9652        66.2413
66.4938        66.2413
66.9836        66.2413
67.3905        66.2413
66.7881        66.2413
66.9893        66.2413
67.0906        66.2413
66.9678        66.2413
66.8533        66.2413
66.8798        66.2413
66.6779        66.2413
66.667        66.2413
66.7246        66.2413
67.1584        66.2413
67.3412        66.2413
67.2938        66.2413
67.4598        66.2413
67.5532        66.2413
67.1171        66.2413
66.8598        66.2413
67.0099        66.2413
66.6905        66.2413
66.7171        66.2413
66.6736        66.2413
66.8368        66.2413
67.2779        66.2413
67.2548        66.2413
67.6527        66.2413
67.469        66.2413
67.4353        66.2413
67.0335        66.2413
67.0869        66.2413
66.8839        66.2413
66.7482        66.2413
66.9951        66.2413
67.1571        66.2413
67.2681        66.2413
67.1752        66.2413
66.8188        66.2413
66.8844        66.2413
66.724        66.2413
67.0039        66.2413
66.9645        66.2413
66.9488        66.2413
67.0011        66.2413
66.7892        66.2413
66.7002        66.2413
66.7447        66.2413
66.6496        66.2413
66.7154        66.2413
66.5692        66.2413
66.6644        66.2413
67.1007        66.2413
67.2446        66.2413
67.3811        66.2413
67.6233        66.2413
67.3703        66.2413
67.028        66.2413
67.4697        66.2413
66.9108        66.2413
66.5694        66.2413
66.3995        66.2413
66.5534        66.2413
66.6493        66.2413
66.8726        66.2413
66.5609        66.2413
66.6437        66.2413
66.576        66.2413
66.7651        66.2413
66.8385        66.2413
66.7346        66.2413
66.8677        66.2413
67.1476        66.2413
66.8587        66.2413
66.7898        66.2413
67.2965        66.2413
66.807        66.2413
66.7815        66.2413
66.6985        66.2413
66.6639        66.2413
66.8863        66.2413
66.8911        66.2413
66.8651        66.2413
66.827        66.2413
66.7268        66.2413
66.8661        66.2413
67.0894        66.2413
67.0082        66.2413
67.2055        66.2413
66.5833        66.2413
66.9542        66.2413
66.9486        66.2413
67.0557        66.2413
66.8333        66.2413
67.1184        66.2413
66.8933        66.2413
67.1392        66.2413
66.4973        66.2413
66.8742        66.2413
66.89        66.2413
67.061        66.2413
67.0467        66.2413
67.0992        66.2413
67.436        66.2413
67.1357        66.2413
66.6056        66.2413
66.5526        66.2413
66.4146        66.2413
66.8027        66.2413
67.4531        66.2413
67.0774        66.2413
67.1812        66.2413
66.8347        66.2413
66.6595        66.2413
66.6855        66.2413
66.627        66.2413
66.801        66.2413
66.6132        66.2413
66.6758        66.2413
66.6382        66.2413
66.694        66.2413
66.6328        66.2413
66.8594        66.2413
66.8729        66.2413
66.9604        66.2413
67.0776        66.2413
67.5321        66.2413
67.2133        66.2413
66.802        66.2413
67.1742        66.2413
67.1762        66.2413
67.409        66.2413
67.0511        66.2413
66.6616        66.2413
67.0417        66.2413
67.232        66.2413
67.423        66.2413
67.1364        66.2413
67.302        66.2413
66.9299        66.2413
66.9177        66.2413
67.258        66.2413
67.0177        66.2413
66.7884        66.2413
67.0645        66.2413
66.5863        66.2413
66.5903        66.2413
66.4328        66.2413
66.6174        66.2413
66.6547        66.2413
66.9596        66.2413
67.4328        66.2413
67.0018        66.2413
66.5443        66.2413
67.0365        66.2413
66.8213        66.2413
66.6615        66.2413
66.6817        66.2413
66.6804        66.2413
66.9379        66.2413
66.7187        66.2413
67.0025        66.2413
66.5709        66.2413
66.5259        66.2413
66.9657        66.2413
67.1894        66.2413
67.1419        66.2413
67.2828        66.2413
66.9781        66.2413
67.1445        66.2413
66.955        66.2413
67.0186        66.2413
66.9485        66.2413
66.807        66.2413
67.1272        66.2413
66.7157        66.2413
66.8978        66.2413
66.6283        66.2413
66.4525        66.2413
66.822        66.2413
67.0002        66.2413
67.3749        66.2413
67.3597        66.2413
67.0727        66.2413
67.3229        66.2413
67.1813        66.2413
66.6585        66.2413
66.5167        66.2413
66.6662        66.2413
67.2052        66.2413
67.3983        66.2413
67.2685        66.2413
66.9089        66.2413
67.4909        66.2413
67.2579        66.2413
67.1682        66.2413
66.9887        66.2413
66.6955        66.2413
66.8963        66.2413
66.5558        66.2413
66.7596        66.2413
67.0961        66.2413
67.1956        66.2413
67.1843        66.2413
67.3555        66.2413
66.9774        66.2413
67.375        66.2413
67.069        66.2413
67.2152        66.2413
67.3205        66.2413
66.9655        66.2413
66.8746        66.2413
67.2112        66.2413
67.3846        66.2413
66.7683        66.2413
66.8491        66.2413
66.8405        66.2413
66.7185        66.2413
66.6801        66.2413
66.7328        66.2413
67.106        66.2413
67.1728        66.2413
67.0416        66.2413
67.2805        66.2413
67.1529        66.2413
66.7126        66.2413
66.8145        66.2413
66.6542        66.2413
66.6478        66.2413
66.7732        66.2413
66.7962        66.2413
66.9922        66.2413
66.6906        66.2413
66.7899        66.2413
66.594        66.2413
66.9264        66.2413
67.0874        66.2413
66.8049        66.2413
67.1951        66.2413
66.7459        66.2413
67.155        66.2413
67.184        66.2413
67.1102        66.2413
66.6924        66.2413
66.8222        66.2413
66.8903        66.2413
67.3213        66.2413
67.0158        66.2413
66.5809        66.2413
66.7917        66.2413
66.7505        66.2413
66.9551        66.2413
66.8235        66.2413
66.6943        66.2413
67.3597        66.2413
67.0302        66.2413
66.6803        66.2413
66.9443        66.2413
67.1144        66.2413
67.4991        66.2413
66.938        66.2413
67.2431        66.2413
66.7928        66.2413
66.7901        66.2413
66.9844        66.2413
66.9724        66.2413
67.2807        66.2413
66.9879        66.2413
66.7586        66.2413
66.8207        66.2413
66.8923        66.2413
66.5582        66.2413
67.0301        66.2413
66.7802        66.2413
67.038        66.2413
67.1719        66.2413
67.2263        66.2413
67.2083        66.2413
67.4241        66.2413
67.407        66.2413
67.0276        66.2413
66.7732        66.2413
66.7367        66.2413
66.6651        66.2413
66.4643        66.2413
66.7645        66.2413
66.6871        66.2413
67.0353        66.2413
66.8293        66.2413
67.01        66.2413
67.1059        66.2413
67.1433        66.2413
67.1604        66.2413
67.7243        66.2413
66.932        66.2413
66.9501        66.2413
66.9099        66.2413
67.1675        66.2413
66.9083        66.2413
66.5712        66.2413
66.8516        66.2413
66.8016        66.2413
66.803        66.2413
66.7636        66.2413
66.8755        66.2413
66.6702        66.2413
66.7298        66.2413
66.5603        66.2413
66.6875        66.2413
66.7099        66.2413
66.864        66.2413
67.4181        66.2413
67.5457        66.2413
67.4505        66.2413
66.8161        66.2413
67.0218        66.2413
67.2183        66.2413
67.4004        66.2413
66.9569        66.2413
67.3137        66.2413
66.844        66.2413
67.2155        66.2413
66.9633        66.2413
67.4342        66.2413
67.4486        66.2413
67.0286        66.2413
67.0664        66.2413
66.8396        66.2413
66.6029        66.2413
67.0301        66.2413
67.3461        66.2413
66.9229        66.2413
67.1418        66.2413
67.0612        66.2413
66.9809        66.2413
66.7406        66.2413
66.8547        66.2413
67.1699        66.2413
67.1245        66.2413
66.7387        66.2413
66.7106        66.2413
67.147        66.2413
67.1193        66.2413
67.0324        66.2413
66.5455        66.2413
66.6701        66.2413
66.4417        66.2413
66.992        66.2413
66.7014        66.2413
66.7934        66.2413
67.1085        66.2413
66.9902        66.2413
66.631        66.2413
66.8577        66.2413
67.1934        66.2413
66.9393        66.2413
66.9231        66.2413
66.9084        66.2413
66.8184        66.2413
67.0064        66.2413
66.9986        66.2413
67.167        66.2413
67.2616        66.2413
67.0807        66.2413
67.2389        66.2413
67.1645        66.2413
66.6416        66.2413
66.792        66.2413
66.9663        66.2413
66.7409        66.2413
66.9473        66.2413
67.2712        66.2413
66.9678        66.2413
66.6715        66.2413
66.6517        66.2413
66.9155        66.2413
66.9842        66.2413
67.2319        66.2413
66.9741        66.2413
66.78        66.2413
66.906        66.2413
66.9423        66.2413
66.7272        66.2413
66.998        66.2413
67.2403        66.2413
67.2044        66.2413
67.0704        66.2413
67.1912        66.2413
67.4355        66.2413
67.4195        66.2413
67.0681        66.2413
66.9528        66.2413
66.7009        66.2413
66.8629        66.2413
67.1128        66.2413
66.6062        66.2413
66.6273        66.2413
66.6937        66.2413
66.7121        66.2413
66.7535        66.2413
67.0559        66.2413
66.9366        66.2413
67.0487        66.2413
66.9094        66.2413
67.0545        66.2413
66.9083        66.2413
66.7146        66.2413
67.1234        66.2413
66.8236        66.2413
66.804        66.2413
67.2207        66.2413
66.8805        66.2413
66.9864        66.2413
66.9796        66.2413
66.9827        66.2413
66.63        66.2413
66.7251        66.2413
66.6277        66.2012
66.6786        66.2012
66.5911        66.2012
66.728        66.2012
66.7859        66.2012
66.5592        66.2012
66.6405        66.2012
66.8466        66.2012
67.3579        66.2012
67.2894        66.2012
67.1097        66.2012
67.0575        66.2012
67.1324        66.2012
67.0691        66.2012
66.6364        66.2012
66.579        66.2012
66.4936        66.2012
66.7147        66.2012
66.5895        66.2012
66.6966        66.2012
67.143        66.2012
67.3387        66.2012
67.4515        66.2012
67.4867        66.2012
67.357        66.2012
67.0062        66.2012
66.8617        66.2012
66.9551        66.2012
67.566        66.2012
67.4045        66.2012
67.554        66.2012
67.1771        66.2012
66.9449        66.2012
66.8701        66.2012
66.9939        66.2012
66.8389        66.2012
66.859        66.2012
66.5495        66.2012
66.5555        66.2012
66.471        66.2012
67.3733        66.2012
67.2661        66.2012
67.043        66.2012
66.9159        66.2012
67.3296        66.2012
67.1168        66.2012
67.1457        66.2012
67.107        66.2012
67.0769        66.2012
67.1762        66.2012
66.7948        66.2012
66.9885        66.2012
67.2178        66.2012
67.1618        66.2012
67.0384        66.2012
66.6416        66.2012
66.8        66.2012
66.6282        66.2012
66.6666        66.2012
66.8969        66.2012
67.1783        66.2012
67.0988        66.2012
67.2974        66.2012
66.8036        66.2012
66.7076        66.2012
66.4862        66.2012
66.7406        66.2012
66.7818        66.2012
66.7032        66.2012
66.4705        66.2012
66.8121        66.2012
66.781        66.2012
66.9636        66.2012
67.5994        66.2012
67.1112        66.2012
66.9011        66.2012
66.973        66.2012
67.2123        66.2012
66.8833        66.2012
66.9352        66.2012
66.7662        66.2012
66.564        66.2012
66.6611        66.2012
66.9932        66.2012
66.9682        66.2012
67.0055        66.2012
66.8514        66.2012
66.9983        66.2012
67.1482        66.2012
67.1967        66.2012
67.2885        66.2012
67.3862        66.2012
67.046        66.2012
67.0142        66.2012
66.7888        66.2012
66.962        66.2012
67.4291        66.2012
67.1226        66.2012
66.7043        66.2012
66.8012        66.2012
66.574        66.2012
66.669        66.2012
66.6022        66.2012
67.0644        66.2012
66.969        66.2012
67.1138        66.2012
67.1723        66.2012
67.1819        66.2012
67.8006        66.2012
67.1501        66.2012
67.2756        66.2012
66.8409        66.2012
67.0437        66.2012
67.2906        66.2012
66.8214        66.2012
66.8607        66.2012
66.7522        66.2012
66.7941        66.2012
67.4498        66.2012
67.1375        66.2012
66.6273        66.2012
67.1283        66.2012
67.1185        66.2012
67.1545        66.2012
68.0233        66.2012
67.6157        66.2012
67.4895        66.2012
66.9836        66.2012
67.4427        66.2012
67.0558        66.2012
66.9135        66.2012
66.8617        66.2012
66.7694        66.2012
67.3485        66.2012
68.0019        66.2012
67.4092        66.2012
67.0307        66.2012
67.2756        66.2012
66.7168        66.2012
67.3493        66.2012
67.0331        66.2012
66.9465        66.2012
67.3004        66.2012
66.9403        66.2012
67.3885        66.2012
67.0375        66.2012
66.9052        66.2012
66.6973        66.1803
66.6394        66.1803
66.6754        66.1803
66.9156        66.1803
66.9855        66.1803
66.9764        66.1803
66.6756        66.1803
66.735        66.1803
66.8727        66.1803
66.7795        66.1803
67.0535        66.1803
66.855        66.1803
66.9665        66.1803
66.6773        66.1803
66.5324        66.1803
66.3836        66.1803
66.5961        66.1803
66.6151        66.1803
66.9884        66.1803
66.5808        66.1803
67.1247        66.1803
66.7369        66.1803
66.8806        66.1803
67.0078        66.1803
67.3095        66.1803
67.0505        66.1803
67.1121        66.1803
66.7264        66.1803
66.7322        66.1803
66.515        66.1803
66.7322        66.1803
66.5615        66.1803
67.1221        66.1803
67.5339        66.1803
67.3746        66.1803
66.9067        66.1803
66.814        66.1803
66.8284        66.1803
66.6061        66.1803
66.5701        66.1803
66.5669        66.1803
66.7689        66.1803
66.5529        66.1803
66.8592        66.1803
67.0457        66.1803
67.1885        66.1803
67.0666        66.1204
67.254        66.1204
67.3861        66.1204
67.7556        66.1204
67.7568        66.1204
67.0811        66.1204
67.1932        66.1204
66.8702        65.8961
66.964        65.8961
66.6654        65.8961
66.7596        65.8961
66.7456        65.8961
66.7501        65.8961
67.1044        65.8961
66.8297        65.8961
66.4761        65.8961
66.8363        65.8961
66.5435        65.8961
66.4344        65.8961
66.7103        65.8961
66.6467        65.8961
66.4025        65.8961
66.8364        65.8961
66.395        65.8961
66.8721        65.8961
67.4449        65.8961
67.0959        65.8961
66.6576        65.8961
66.4975        65.8961
66.3773        65.8961
66.34        65.8961
66.3763        65.8961
66.3139        65.8961
66.2993        65.8961
66.3001        65.8961
66.7104        65.8961
66.2791        65.8961
66.086        65.8961
66.4739        65.8961
66.3329        65.8961
66.552        65.8961
66.5045        65.8961
66.3462        65.8961
66.4319        65.8961
66.7726        65.8961
66.6297        65.8961
66.9939        65.8961
66.5574        65.8961
66.5077        65.8961
66.7745        65.8961
66.4923        65.8961
66.8106        65.8961
66.7261        65.8961
66.7278        65.8961
66.4416        65.8961
66.7676        65.8961
66.4506        65.8961
66.8151        65.8961
66.6354        65.8961
66.5168        65.8961
66.6397        65.8961
66.5433        65.8961
66.4784        65.8961
66.3125        65.8961
66.5825        65.8961
66.9196        65.8961
66.5051        65.8961
66.5321        65.8961
66.6068        65.8961
66.7651        65.8961
66.8359        65.2157
66.8123        65.2157
66.196        65.1879
65.8602        65.1879
65.879        65.1879
65.6557        65.1879
66.0949        65.1879
66.1455        65.1879
65.9557        65.1879
65.9207        65.1879
65.9288        65.1879
65.7963        65.1879
65.6583        65.1879
65.8675        65.1879
66.0577        65.1879
66.2522        65.1879
66.0085        65.1879
65.7214        65.1879
65.7509        65.1879
66.012        65.1879
65.9471        65.1879
65.7002        65.1879
66.1146        65.1879
65.9438        65.1879
65.8568        65.1879
65.9017        65.1879
65.8677        65.1879
66.1054        65.1879
66.1341        65.1879
66.2569        65.1879
66.3735        65.1879
66.469        65.1879
66.4039        65.1879
66.4233        65.1879
66.1931        65.1879
65.9766        65.1879
66.0614        65.1879
66.3626        65.1879
65.8836        65.1879
65.7086        65.1879
65.5659        65.1879
65.9177        65.1879
66.1056        65.1879
65.8229        65.1879
66.3358        65.1879
65.9982        65.1879
65.5364        65.1879
65.8753        65.1879
66.1808        65.1879
66.3294        65.1879
66.2119        65.1879
65.9723        65.1879
65.6431        65.1879
65.7915        65.1879
65.9609        65.1879
66.3634        65.1879
65.8009        65.1879
65.7033        65.1879
66.0636        65.1879
65.9828        65.1879
65.7166        65.1879
65.6195        65.1879
65.8406        65.1879
65.7936        65.1879
65.5226        65.1879
65.8391        65.1879
66.0601        65.1879
65.8526        65.1879
66.0008        65.1879
65.7654        65.1879
65.8082        65.1879
65.8389        65.1879
65.746        65.1879
66.1735        65.1879
66.302        65.1879
66.5957        65.1879
65.831        65.1879
66.1893        65.1879
65.938        65.1879
65.7894        65.1879
65.6351        65.1879
65.7323        65.1879
65.674        65.1879
65.7892        65.1879
65.5971        65.1879
65.5991        65.1879
65.3955        65.1879
65.5972        65.1879
65.6691        65.1879
65.6339        65.1879
65.8812        65.1879
65.5725        65.1879
65.4182        65.1879
65.5638        65.1879
65.6784        65.1879
65.6175        65.1879
65.8877        65.1879
65.8811        65.1879
65.7423        65.1879
66.0567        65.1879
65.8126        65.1879
65.4948        65.1879
66.1828        65.1879
66.0362        65.1879
66.1996        65.1879
65.9302        65.1879
65.7556        65.1879
65.8011        65.1879
65.7321        65.1879
65.9937        65.1879
66.0164        65.1879
66.5159        65.1879
66.1951        65.1879
65.875        65.1879
66.0464        65.1879
66.2161        65.1879
65.7094        65.1879
65.8364        65.1879
65.7453        65.1879
66.2908        65.1879
66.5423        65.1879
66.1557        65.1879
66.17        65.1879
66.1884        65.1879
66.0831        65.1879
65.9695        65.1879
65.9184        65.1879
65.3784        65.1879
65.6468        65.1879
65.7623        65.1879
65.9118        65.1879
66.1145        65.1879
66.2618        65.1879
66.4126        65.1879
66.6726        65.1879
66.7606        65.1879
66.0898        65.1879
65.9182        65.1879
66.1703        65.1879
66.3075        65.1879
66.1204        65.1879
66.0013        65.1879
65.7853        65.1879
65.5433        65.1879
65.7346        65.1879
66.1235        65.1879
66.4085        65.1879
65.8589        65.1879
66.0833        65.1879
66.0007        65.1879
65.6264        65.1879
65.8118        65.1879
65.8511        65.1879
65.693        65.1879
65.9242        65.1879
65.7313        65.1879
66.0594        65.1879
65.7793        65.1879
65.7509        65.1879
65.7553        65.1879
65.5724        65.1879
65.5047        65.1879
65.7736        65.1879
65.8332        65.1879
65.9633        65.1879
66.3495        65.1879
66.0838        65.1879
66.0182        65.1879
65.6301        65.1879
65.8105        65.1879
65.6499        65.1879
65.5369        65.1879
65.6198        65.1879
65.6445        65.1879
65.6612        65.1879
65.9957        65.1879
65.9915        65.1879
65.6015        65.1879
65.4854        65.1879
66.135        65.1879
65.9263        65.1879
65.7605        65.1879
65.7736        65.1879
65.8744        65.1879
66.0974        65.1879
66.1244        65.1879
65.9814        65.1879
66.0708        65.1879
65.7571        65.1879
65.6122        65.1879
65.6179        65.1879
65.793        65.1879
66.4986        65.1879
66.6127        65.1879
66.1398        65.1879
66.0288        65.1879
66.3102        65.1879
66.1363        65.1879
66.1536        65.1879
65.7675        65.1879
65.7965        65.1879
65.6237        65.1879
65.7113        65.1879
65.8543        65.1879
66.1939        65.1879
66.2762        65.1879
66.2389        65.1879
66.4503        65.1879
65.9998        65.1879
66.3946        65.1879
65.7895        65.1879
65.82        65.1879
65.9076        65.1879
65.8724        65.1879
65.8559        65.1879
65.7117        65.1879
65.8942        65.1879
66.0805        65.1879
66.4111        65.1879
66.9638        65.1879
66.612        65.1879
66.2517        65.1879
66.2312        65.1879
66.2023        65.1879
66.1949        65.1879
65.7129        65.1879
65.7324        65.1879
65.6881        65.1879
65.9143        65.1879
65.9024        65.1879
66.1141        65.1879
65.8018        65.1879
65.8435        65.1879
66.3028        65.1879
66.4608        65.1879
66.1428        65.1879
65.9756        65.1879
66.1899        65.1879
65.7686        65.1879
65.8613        65.1879
65.8126        65.1879
65.928        65.1879
65.6244        65.1879
65.8254        65.1879
65.7298        65.1879
65.8971        65.1879
66.0873        65.1879
66.2451        65.1879
65.6774        65.1879
65.7612        65.1879
66.1624        65.1879
65.9456        65.1879
66.0344        65.1879
65.7747        65.1879
65.7192        65.1879
65.9382        65.1879
65.9589        65.1879
66.1053        65.1879
65.9524        65.1879
65.9534        65.1879
65.749        65.1879
65.8432        65.1879
66.1552        65.1879
66.1783        65.1879
66.2367        65.1879
66.0708        65.1879
65.7779        65.1879
65.6403        65.1879
66.0487        65.1879
65.8462        65.1879
66.3245        65.1879
66.2475        65.1879
65.9007        65.1879
66.2969        65.1879
66.6033        65.1879
66.1442        65.1879
66.6736        65.1879
66.4352        65.1879
66.4068        65.1879
66.4277        65.1879
65.9766        64.9014
65.802        64.9014
66.1841        64.9014
65.8112        64.9014
65.76        64.9014
65.748        64.9014
65.7359        64.9014
65.5897        64.9014
65.3286        64.9014
65.3774        64.9014
65.3496        64.9014
65.3727        64.9014
65.7252        64.9014
65.7112        64.9014
65.6764        64.9014
65.4035        64.9014
65.1056        64.9014
65.1905        64.9014
65.0999        64.9014
65.6841        64.9014
65.4162        64.9014
65.3483        64.9014
65.5249        64.9014
65.3062        64.9014
65.7325        64.9014
65.8109        64.9014
65.5613        64.9014
66.1195        64.9014
66.2814        64.9014
65.7335        64.9014
65.3917        64.9014
65.4957        64.9014
65.5711        64.9014
65.5999        64.9014
65.7516        64.9014
65.5237        64.9014
65.5935        64.9014
65.5112        64.9014
65.3604        64.9014
66.105        64.9014
65.3227        64.9014
65.4167        64.9014
65.7959        64.9014
65.9727        64.9014
65.707        64.9014
65.6786        64.9014
65.6422        64.9014
65.4309        64.9014
65.2645        64.9014
65.4265        64.9014
65.7457        64.9014
66.439        64.9014
66.0074        64.9014
65.8316        64.9014
66.4743        64.9014
65.8097        64.9014
65.1939        64.9014
65.6911        64.9014
65.7514        64.9014
65.5962        64.9014
65.5404        64.9014
65.6072        64.9014
65.9882        64.9014
65.7965        64.9014
65.8352        64.9014
65.7599        64.9014
65.3299        64.9014
65.2258        64.9014
65.1422        64.9014
65.0778        64.9014
65.3144        64.9014
65.4489        64.9014
65.5235        64.9014
65.6265        64.9014
65.3004        64.9014
65.1363        64.9014
65.2605        64.9014
65.4821        64.9014
65.5264        64.9014
65.6328        64.9014
65.864        64.9014
65.4131        64.9014
65.1518        64.9014
65.4954        64.9014
65.3538        64.9014
65.3261        64.9014
65.4047        64.9014
65.4733        64.9014
65.9014        64.9014
66.175        64.9014
66.1164        64.9014
65.6799        64.9014
65.509        64.9014
65.6079        64.9014
65.4508        64.9014
65.6604        64.9014
65.5899        64.9014
65.4546        64.9014
65.4677        64.9014
65.483        64.9014
66.0309        64.9014
65.9312        64.9014
65.8655        64.9014
65.8384        64.9014
65.4702        64.9014
65.573        64.9014
65.4735        64.9014
66.1496        64.9014
65.8396        64.9014
65.4378        64.9014
65.3125        64.9014
65.7061        64.9014
65.8889        64.9014
65.7354        64.9014
65.395        64.9014
65.6034        64.9014
65.7149        64.9014
65.8128        64.9014
65.6642        64.9014
65.5243        64.9014
65.2353        64.9014
65.6849        64.9014
65.4891        64.9014
65.337        64.9014
65.4758        64.9014
65.4972        64.9014
65.444        64.9014
65.3596        64.9014
65.5665        64.9014
65.3345        64.9014
65.7355        64.9014
66.0339        64.9014
66.0333        64.9014
66.2503        64.9014
65.4797        64.9014
65.709        64.9014
65.4793        64.9014
65.7615        64.9014
65.9453        64.9014
66.2857        64.9014
66.3546        64.9014
66.0623        64.9014
65.7273        64.9014
65.6236        64.9014
65.3878        64.9014
65.6533        64.9014
65.4588        64.9014
65.4479        64.9014
65.6427        64.9014
65.5449        64.9014
65.5369        64.9014
65.661        64.9014
65.5801        64.9014
65.6497        64.9014
65.9713        64.9014
65.5815        64.9014
65.491        64.9014
65.9286        64.9014
66.4145        64.9014
66.2303        64.9014
65.9046        64.9014
66.1162        64.9014
66.2515        64.9014
65.9247        64.9014
65.393        64.9014
65.577        64.9014
65.6356        64.9014
65.619        64.9014
65.5624        64.9014
65.3491        64.9014
65.2085        64.9014
65.2673        64.9014
65.5625        64.9014
65.3011        64.9014
65.3213        64.9014
65.3126        64.9014
65.8336        64.9014
65.7673        64.9014
65.1199        64.9014
65.2682        64.9014
65.4911        64.9014
65.823        64.9014
65.498        64.9014
65.3118        64.9014
65.6612        64.9014
65.2395        64.9014
65.5819        64.9014
65.3363        64.9014
65.2445        64.9014
65.2919        64.9014
65.7403        64.9014
65.3572        64.9014
65.174        64.9014
65.74        64.9014
65.3282        64.9014
65.7243        64.9014
65.8931        64.9014
65.9022        64.9014
65.5881        64.9014
65.6944        64.9014
65.6485        64.9014
66.0662        64.9014
65.6189        64.9014
65.8063        64.9014
65.7595        64.9014
65.8083        64.9014
65.8198        64.9014
65.3546        64.9014
65.5078        64.9014
65.5817        64.9014
65.9398        64.9014
65.7018        64.9014
65.5832        64.9014
65.4561        64.9014
65.3968        64.9014
65.535        64.9014
65.8412        64.9014
66.0227        64.9014
65.7616        64.9014
65.6141        64.9014
65.5946        64.9014
65.4451        64.9014
65.4943        64.9014
65.2037        64.9014
65.1672        64.9014
65.6603        64.9014
65.5996        64.9014
65.3998        64.9014
65.6199        64.9014
65.8347        64.9014
65.5491        64.9014
65.8227        64.9014
65.3673        64.9014
65.3097        64.9014
65.6874        64.9014
65.6496        64.9014
65.7626        64.9014
65.3926        64.9014
65.3908        64.9014
65.4212        64.9014
65.4767        64.9014
65.6031        64.9014
65.9344        64.9014
66.0582        64.9014
65.9502        64.9014
65.3812        64.9014
65.4064        64.9014
65.3989        64.9014
65.6543        64.9014
65.5378        64.9014
65.7164        64.9014
65.7948        64.9014
65.6171        64.9014
66.0027        64.9014
65.7098        64.9014
65.5809        64.9014
65.2821        64.9014
65.404        64.9014
65.217        64.9014
65.9503        64.9014
65.7859        64.9014
65.6724        64.9014
65.834        64.9014
65.921        64.9014
65.3077        64.9014
65.6849        64.9014
65.7447        64.9014
65.4932        64.9014
65.4239        64.9014
65.0588        64.9014
65.1991        64.9014
65.3975        64.9014
65.5678        64.9014
65.7405        64.9014
65.6602        64.9014
65.6598        64.9014
65.5231        64.9014
65.6943        64.9014
65.4085        64.9014
65.6157        64.9014
66.0371        64.9014
65.7819        64.9014
65.9628        64.9014
65.7241        64.9014
66.081        64.9014
65.9479        64.9014
66.0102        64.9014
65.6953        64.9014
65.9401        64.9014
66.1063        64.9014
65.8423        64.9014
66.1099        64.9014
65.9015        64.9014
65.5478        64.9014
65.8925        64.9014
65.96        64.9014
65.7473        64.9014
65.4183        64.9014
65.1787        64.9014
65.2506        64.9014
65.1584        64.9014
65.1925        64.9014
65.3861        64.9014
65.5697        64.9014
65.5363        64.9014
65.9918        64.9014
65.7285        64.9014
65.671        64.9014
66.2004        64.9014
65.6759        64.9014
65.8959        64.9014
65.9648        64.9014
65.3855        64.9014
65.3668        64.9014
65.2434        64.9014
65.3174        64.9014
65.5491        64.9014
65.2251        64.9014
65.829        64.9014
65.5368        64.9014
65.4833        64.9014
65.5324        64.9014
65.4943        64.9014
65.4336        64.9014
65.6497        64.9014
65.3267        64.9014
65.4904        64.9014
65.7916        64.9014
65.8273        64.9014
65.5548        64.9014
66.13        64.9014
65.7828        64.9014
65.7201        64.9014
66.0815        64.9014
65.6258        64.9014
65.2603        64.9014
65.3302        64.9014
65.5529        64.9014
65.7428        64.9014
65.6609        64.9014
65.412        64.9014
65.5968        64.9014
65.6235        64.9014
65.2331        64.9014
65.4975        64.9014
65.262        64.9014
66.3545        64.9014
66.3988        64.9014
66.4638        64.9014
65.8578        64.9014
66.0753        64.9014
66.1094        64.9014
65.7191        64.9014
65.4199        64.9014
65.3574        64.9014
65.4622        64.9014
66.0166        64.9014
66.1772        64.9014
65.593        64.9014
65.6555        64.9014
65.3617        64.9014
65.6998        64.9014
65.6939        64.9014
65.758        64.9014
65.8349        64.9014
65.5059        64.9014
65.2687        64.9014
65.2591        64.9014
65.6697        64.9014
65.3453        64.9014
65.582        64.9014
65.4288        64.9014
65.5425        64.9014
65.8106        64.9014
65.4204        64.9014
65.5975        64.9014
65.2051        64.9014
64.9334        64.9014
65.1097        64.9014
65.2454        64.9014
65.2945        64.9014
65.7038        64.9014
65.9534        64.9014
65.8151        64.9014
66.4082        64.9014
66.0338        64.9014
65.8663        64.9014
65.5214        64.9014
65.5365        64.9014
65.464        64.9014
65.2276        64.9014
65.7072        64.9014
65.9419        64.9014
65.8583        64.9014
65.6982        64.9014
65.3319        64.9014
65.5484        64.9014
65.7795        64.9014
65.9684        64.9014
65.9567        64.9014
66.0961        64.9014
65.6927        64.9014
65.3776        64.9014
65.464        64.9014
65.4804        64.9014
65.4043        64.9014
65.9466        64.9014
65.401        64.9014
65.9196        64.9014
65.8114        64.9014
65.4873        64.9014
65.633        64.9014
65.5626        64.9014
65.416        64.9014
65.3243        64.9014
65.44        64.9014
65.5993        64.9014
66.0765        64.9014
65.5205        64.9014
65.4897        64.9014
65.6532        64.9014
65.8987        64.9014
65.6162        64.9014
65.363        64.9014
65.3652        64.9014
65.4188        64.9014
65.326        64.9014
65.4401        64.9014
65.5413        64.9014
65.5296        64.9014
66.2172        64.9014
65.8281        64.9014
65.7618        64.9014
65.6418        64.9014
65.3958        64.9014
65.3732        64.9014
65.1918        64.9014
65.3327        64.9014
65.814        64.9014
65.5857        64.9014
65.9056        64.9014
65.7459        64.9014
65.8501        64.9014
65.9883        64.9014
65.3299        64.9014
65.4266        64.9014
65.6117        64.9014
65.4476        64.9014
65.5574        64.9014
65.8014        64.9014
65.4713        64.9014
65.3749        64.9014
65.4363        64.9014
65.4303        64.9014
65.748        64.9014
65.5252        64.9014
65.7116        64.9014
65.5307        64.9014
65.7668        64.9014
65.7068        64.9014
65.9392        64.9014
65.8452        64.9014
66.0682        64.9014
65.5117        64.9014
65.5989        64.9014
65.5853        64.9014
65.6388        64.9014
65.4364        64.9014
65.5849        64.9014
65.5547        64.9014
65.6854        64.9014
65.8943        64.9014
65.9749        64.9014
65.9038        64.9014
65.6971        64.9014
65.6314        64.9014
65.3355        64.9014
65.5027        64.9014
65.2746        64.9014
65.3412        64.9014
65.4888        64.9014
65.286        64.9014
65.3532        64.9014
65.404        64.9014
65.3815        64.9014
65.866        64.9014
65.6727        64.9014
65.368        64.9014
65.4805        64.9014
65.6316        64.9014
65.8297        64.9014
65.5769        64.9014
65.4557        64.9014
65.7313        64.9014
65.7799        64.9014
65.3042        64.9014
65.6752        64.9014
65.668        64.9014
65.4261        64.9014
65.8922        64.9014
65.6849        64.9014
65.3825        64.9014
65.4017        64.9014
65.4086        64.9014
65.6298        64.9014
65.692        64.9014
65.9399        64.9014
65.6915        64.9014
65.8003        64.9014
65.6421        64.9014
65.5038        64.9014
65.5894        64.9014
65.7259        64.9014
65.8843        64.9014
65.3557        64.9014
65.4467        64.9014
65.4926        64.9014
65.6823        64.9014
65.3831        64.9014
65.3115        64.9014
65.7628        64.9014
65.9628        64.9014
65.6069        64.9014
65.689        64.9014
65.4003        64.9014
65.5217        64.9014
65.3137        64.9014
65.2727        64.9014
65.2334        64.9014
65.8724        64.9014
65.3667        64.9014
65.6711        64.9014
65.8952        64.9014
65.6671        64.9014
65.7506        64.9014
65.7666        64.9014
66.2679        64.9014
65.9405        64.9014
65.5658        64.9014
65.5142        64.9014
65.1357        64.9014
65.1065        64.9014
65.63        64.9014
66.0261        64.9014
66.1653        64.9014
65.8348        64.9014
65.7029        64.9014
65.5566        64.9014
65.8809        64.9014
65.5232        64.9014
65.3285        64.9014
65.4446        64.9014
65.3226        64.9014
65.4917        64.9014
65.5303        64.9014
65.5023        64.9014
66.0103        64.9014
65.5813        64.9014
65.3339        64.9014
65.5232        64.9014
65.4643        64.9014
65.7946        64.9014
65.7447        64.9014
65.5026        64.9014
65.6861        64.9014
65.7814        64.9014
65.815        64.9014
65.5234        64.9014
65.5974        64.9014
65.7395        64.9014
66.2914        64.9014
65.8418        64.9014
65.7577        64.9014
65.7397        64.9014
65.9516        64.9014
66.039        64.9014
65.9546        64.9014
66.2709        64.9014
65.3451        64.9014
65.7209        64.9014
65.7037        64.9014
66.0746        64.9014
65.5449        64.9014
65.4223        64.9014
65.4066        64.9014
65.4795        64.9014
65.1211        64.9014
65.6247        64.9014
66.0994        64.9014
65.6955        64.9014
65.7282        64.9014
65.728        64.9014
66.1103        64.9014
65.3916        64.9014
65.402        64.9014
65.2013        64.9014
65.5784        64.9014
65.6587        64.9014
66.0223        64.9014
65.6436        64.9014
65.795        64.9014
65.6401        64.9014
65.7401        64.9014
66.0476        64.9014
66.3965        64.9014
65.8893        64.9014
66.1942        64.9014
65.8498        64.9014
66.2466        64.9014
65.6603        64.9014
65.377        64.9014
65.3418        64.9014
66.1726        64.9014
65.7901        64.9014
65.537        64.9014
65.9124        64.9014
66.0424        64.9014
66.2954        64.9014
65.5639        64.9014
66.037        64.9014
66.1115        64.9014
65.3104        64.9014
65.2663        64.9014
65.5157        64.9014
65.542        64.9014
65.4092        64.9014
65.2939        64.9014
65.5138        64.9014
65.8151        64.9014
66.3633        64.9014
65.7228        64.9014
65.7362        64.9014
65.9688        64.9014
65.7024        64.9014
65.8588        64.9014
65.4383        64.9014
65.3685        64.9014
65.5036        64.9014
65.9981        64.9014
66.0287        64.9014
66.051        64.9014
65.929        64.9014
65.373        64.9014
65.5355        64.9014
65.8469        64.9014
65.7199        64.9014
65.6578        64.9014
65.4761        64.9014
65.5547        64.9014
65.3781        64.9014
65.2655        64.9014
65.4002        64.9014
65.9177        64.9014
65.7057        64.9014
65.4787        64.9014
65.5418        64.9014
65.6255        64.9014
65.405        64.9014
65.2073        64.9014
65.5823        64.9014
65.9808        64.9014
65.5722        64.9014
65.8311        64.9014
65.7778        64.9014
65.4005        64.9014
65.5113        64.9014
65.8972        64.9014
65.6821        64.9014
66.0301        64.9014
66.1242        64.9014
65.8919        64.9014
66.0277        64.9014
65.5046        64.9014
65.381        64.9014
65.3583        64.9014
65.3769        64.9014
65.2124        64.9014
65.7309        64.9014
65.4418        64.9014
65.3801        64.9014
65.2774        64.9014
65.3852        64.9014
65.5402        64.9014
65.6549        64.9014
65.7101        64.9014
65.7123        64.9014
65.2413        64.9014
65.8216        64.9014
65.9059        64.9014
65.9641        64.9014
65.9052        64.9014
65.5783        64.9014
65.6428        64.9014
65.2307        64.9014
65.5057        64.9014
65.5412        64.9014
65.1077        64.9014
65.0831        64.9014
65.2633        64.9014
65.7515        64.9014
65.4422        64.9014
65.6597        64.9014
65.738        64.9014
65.7446        64.9014
65.9862        64.9014
65.8905        64.9014
65.7621        64.9014
65.5945        64.9014
65.7656        64.9014
65.9675        64.9014
65.5982        64.9014
65.2317        64.9014
65.5574        64.9014
65.5081        64.9014
65.4592        64.9014
65.4897        64.9014
65.9344        64.9014
65.8579        64.9014
65.8274        64.9014
65.2995        64.9014
65.4235        64.9014
65.7029        64.9014
65.4278        64.9014
65.417        64.9014
65.4854        64.9014
65.6451        64.9014
66.1812        64.9014
66.1528        64.9014
65.8698        64.9014
66.2682        64.9014
66.1059        64.9014
66.0271        64.9014
65.5944        64.9014
65.444        64.9014
65.1962        64.9014
65.5208        64.9014
65.4781        64.9014
65.2979        64.9014
65.6006        64.9014
65.4817        64.9014
65.6004        64.9014
65.5461        64.9014
65.603        64.9014
65.4442        64.9014
65.4653        64.9014
65.84        64.9014
66.1659        64.9014
66.1188        64.9014
65.9166        64.9014
65.9572        64.9014
65.9409        64.9014
65.7231        64.9014
65.3966        64.9014
65.3009        64.9014
65.587        64.9014
65.5681        64.9014
66.0425        64.9014
65.5466        64.9014
65.9806        64.9014
66.1917        64.9014
66.2899        64.9014
66.2533        64.9014
65.6664        64.9014
65.1514        64.9014
65.5699        64.9014
65.6604        64.9014
65.8456        64.9014
65.6226        64.9014
65.6122        64.9014
65.7756        64.9014
65.8326        64.9014
65.7983        64.9014
65.5973        64.9014
65.6327        64.9014
65.695        64.9014
66.1169        64.9014
66.0028        64.9014
65.8062        64.9014
66.1688        64.9014
65.6237        64.9014
65.5325        64.9014
65.3394        64.9014
65.7435        64.9014
65.7004        64.9014
65.6184        64.9014
65.7672        64.9014
65.7886        64.9014
65.8981        64.9014
65.8        64.9014
65.5405        64.9014
65.399        64.9014
65.9692        64.9014
65.8347        64.9014
65.805        64.9014
65.8398        64.9014
65.6085        64.9014
65.1543        64.9014
65.4187        64.9014
65.3925        64.9014
65.4465        64.9014
65.6782        64.9014
65.6306        64.9014
65.7769        64.9014
66.1044        64.9014
65.5096        64.9014
65.3998        64.9014
65.4339        64.9014
65.4574        64.9014
65.8342        64.9014
65.5514        64.9014
65.1616        64.9014
65.5447        64.9014
65.6653        64.9014
65.7176        64.9014
65.6679        64.9014
65.8116        64.9014
65.8215        64.9014
65.9045        64.9014
66.0906        64.9014
65.4775        64.9014
65.4893        64.9014
65.4516        64.9014
65.4994        64.9014
65.411        64.9014
65.4392        64.9014
65.63        64.9014
65.5609        64.9014
65.6772        64.9014
65.3635        64.9014
65.2996        64.9014
65.5494        64.9014
65.4364        64.9014
65.6815        64.9014
65.7926        64.9014
65.6792        64.9014
66.0483        64.9014
65.6475        64.9014
65.0317        64.9014
65.4025        64.9014
65.3682        64.9014
65.1935        64.9014
65.3569        64.9014
65.4698        64.9014
65.5031        64.9014
65.5856        64.9014
65.465        64.9014
65.5417        64.9014
65.5972        64.9014
65.59        64.9014
65.6869        64.9014
65.3429        64.9014
65.3081        64.9014
65.1715        64.9014
65.3176        64.9014
65.67        64.9014
65.6608        64.9014
65.3972        64.9014
65.258        64.9014
65.6113        64.9014
65.6603        64.9014
65.7506        64.9014
66.1605        64.9014
65.6708        64.9014
65.7457        64.9014
65.5454        64.9014
65.4101        64.9014
65.6336        64.9014
65.4432        64.9014
65.2509        64.9014
65.519        64.9014
65.722        64.9014
65.5849        64.9014
65.5292        64.9014
65.7753        64.9014
65.7123        64.9014
65.7725        64.9014
65.8751        64.9014
65.5284        64.9014
66.0214        64.9014
65.6721        64.9014
65.8842        64.9014
65.6195        64.9014
65.9241        64.9014
65.932        64.9014
66.0779        64.9014
65.5636        64.9014
65.9431        64.9014
65.7629        64.9014
66.0221        64.9014
65.7426        64.9014
65.6658        64.9014
65.5542        64.9014
65.3878        64.9014
65.2474        64.9014
65.6828        64.9014
65.9859        64.9014
65.5861        64.9014
65.2541        64.9014
65.3103        64.9014
65.3515        64.9014
65.4037        64.9014
65.1628        64.9014
65.434        64.9014
65.1181        64.9014
65.2245        64.9014
65.5547        64.9014
65.3108        64.9014
65.1296        64.9014
65.2138        64.9014
65.244        64.9014
65.6123        64.8528
65.7519        64.8528
65.9288        64.8528
65.4921        64.8528
65.3242        64.8528
65.8227        64.8528
65.6128        64.8528
65.4389        64.8528
65.701        64.8528
65.3388        64.8528
65.4618        64.8528
65.6257        64.8528
65.4941        64.8528
65.8271        64.8528
65.357        64.8528
65.6278        64.8528
65.4562        64.8528
65.3206        64.8528
65.3878        64.8528
65.2428        64.8528
64.9992        64.8528
65.6095        64.8528
66.13        64.8528
65.4859        64.8528
65.261        64.8528
65.3677        64.8528
65.3905        64.8528
65.2119        64.8528
65.5155        64.8528
65.7011        64.8528
65.5655        64.8528
65.7393        64.8528
66.1227        64.8528
65.3874        64.8528
65.601        64.8528
65.6994        64.8528
65.9403        64.8528
65.8858        64.8528
65.4214        64.8528
65.563        64.8528
65.539        64.8528
65.6334        64.8528
65.9376        64.8528
65.1559        64.8528
65.4825        64.8528
65.2475        64.8528
65.1112        64.8528
65.2596        64.8528
65.781        64.8528
65.6268        64.8528
65.6046        64.8528
65.6417        64.8528
65.8228        64.8528
65.6676        64.8528
65.6045        64.8528
65.5685        64.8528
65.9611        64.8528
65.8258        64.8528
65.6703        64.8528
66.2889        64.8528
66.1649        64.8528
65.4285        64.8528
66.0165        64.8528
66.2136        64.8528
66.0173        64.8528
66.2527        64.8528
65.9986        64.8528
66.3098        64.8528
66.0156        64.8528
65.6257        64.8528
66.1906        64.8528
65.7904        64.8528
65.3026        64.8528
65.2086        64.8528
65.3724        64.8528
65.3714        64.8528
65.1088        64.8528
65.4999        64.8528
65.3371        64.8528
65.7287        64.8528
65.4964        64.8528
65.6559        64.8528
65.7885        64.8528
65.3089        64.8528
65.5375        64.8528
65.8026        64.8528
65.3061        64.8528
65.4467        64.8528
65.4896        64.8528
65.4532        64.8528
65.3019        64.8528
65.0825        64.8528
65.1594        64.8528
65.1806        64.8528
65.5745        64.8528
65.6909        64.8528
65.6176        64.8528
65.9882        64.8528
65.3444        64.8528
65.3768        64.8528
65.3927        64.8528
65.3572        64.8528
65.5302        64.8528
65.6455        64.8528
65.2253        64.8528
65.2999        64.8528
65.3964        64.8528
66.272        64.8528
66.1907        64.8528
66.0253        64.8528
66.252        64.8528
65.9661        64.8528
66.199        64.8528
65.8605        64.8528
65.9666        64.8528
65.8909        64.8528
65.8201        64.8528
65.6485        64.8528
65.8208        64.8528
65.7657        64.8528
66.0795        64.8528
65.7522        64.8528
65.6415        64.8528
65.9094        64.8528
65.6585        64.8528
65.4549        64.8528
65.6933        64.8528
65.5433        64.8528
65.395        64.8528
65.3113        64.8528
65.3712        64.8528
65.8614        64.8528
65.3217        64.8528
65.556        64.8528
65.415        64.8528
65.2328        64.8528
65.5335        64.8528
65.5487        64.8528
65.632        64.8528
65.8935        64.8528
65.651        64.8528
65.4999        64.8528
66.0701        64.8528
65.6334        64.8528
66.0707        64.8528
66.1039        64.8528
65.6355        64.8528
65.2618        64.8528
65.1694        64.8528
65.4243        64.8528
65.8551        64.8528
65.6458        64.8528
65.8729        64.8528
66.2562        64.8528
65.6039        64.8528
65.4864        64.8528
65.3174        64.8528
65.1591        64.8528
65.3226        64.8528
66.102        64.8528
66.0027        64.8528
65.5688        64.8528
65.8314        64.8528
65.6504        64.8528
65.3936        64.8528
65.2332        64.8528
65.5603        64.8528
65.5799        64.8528
65.4841        64.8528
65.6937        64.8528
65.7616        64.8528
65.3262        64.8528
65.2125        64.8528
65.1708        64.8528
65.7145        64.8528
65.3222        64.8528
65.5607        64.8528
65.4044        64.8528
65.9622        64.8528
65.7981        64.8528
65.5171        64.8528
64.9586        64.8528
65.4082        64.8528
65.1675        64.8528
65.3803        64.8528
65.8209        64.8528
65.7294        64.8528
65.6496        64.8528
65.7769        64.8528
65.9127        64.8528
65.811        64.8528
65.5879        64.8528
66.0058        64.8528
66.3156        64.8528
65.8308        64.8528
66.3227        64.8528
65.8665        64.8528
65.5577        64.8528
65.5097        64.8528
66.282        64.8528
66.1561        64.8528
65.725        64.8528
65.3789        64.8528
65.4507        64.8528
65.2974        64.8528
65.296        64.8528
65.725        64.8528
65.5594        64.8528
65.788        64.8528
65.7071        64.8528
66.0429        64.8528
66.32        64.8528
65.6251        64.8528
65.5326        64.8528
65.9526        64.8528
65.8071        64.8528
65.5056        64.8528
65.3351        64.8528
65.5587        64.8528
65.4515        64.8528
65.631        64.8528
65.4179        64.8528
65.9213        64.8528
65.9657        64.8528
64.994        64.8528
65.0907        64.8528
65.5852        64.8528
65.3749        64.8528
65.6522        64.8528
65.6792        64.8528
65.6293        64.8528
65.3029        64.8528
65.2643        64.8528
65.3025        64.8528
65.0749        64.8528
65.409        64.8528
65.1384        64.8528
65.3917        64.8528
65.62        64.8528
65.9723        64.8528
66.1682        64.8528
65.865        64.8528
65.5103        64.8528
65.7803        64.8528
65.7946        64.8528
65.8387        64.8528
65.5186        64.8528
65.2749        64.8528
65.2875        64.8528
65.1633        64.8528
65.4713        64.8528
65.3398        64.8528
65.3376        64.8528
65.3424        64.8528
65.424        64.8528
65.3132        64.8528
65.6071        64.8528
65.9771        64.8528
65.7034        64.8528
65.8645        64.8528
65.5787        64.8528
65.4246        64.8528
65.6963        64.8528
65.1488        64.8528
65.207        64.8528
65.3032        64.8528
65.4863        64.8528
65.5427        64.8528
65.9529        64.8528
65.7753        64.8528
65.8795        64.8528
66.2661        64.8528
66.13        64.8528
65.8297        64.8528
65.8677        64.8528
65.7567        64.8528
65.7757        64.8528
65.5517        64.8528
65.4633        64.8528
65.3729        64.8528
65.955        64.8528
65.3387        64.8528
65.1425        64.8528
64.9716        64.8528
65.433        64.8528
65.8237        64.8528
65.446        64.8528
65.5598        64.8528
65.5418        64.8528
65.811        64.8528
65.4044        64.8528
65.5217        64.8528
65.7447        64.8528
65.7958        64.8528
65.6485        64.8528
65.2794        64.8528
65.7688        64.8528
65.9096        64.8528
66.2257        64.8528
65.8896        64.8528
65.8224        64.8528
65.921        64.8528
65.768        64.8528
66.1777        64.8528
66.3946        64.8528
65.4857        64.8528
65.4069        64.8528
65.2984        64.8528
65.297        64.8528
65.2253        64.8528
65.6668        64.8528
65.2914        64.8528
65.0461        64.8528
65.4011        64.8528
65.927        64.8528
65.7329        64.8528
65.6608        64.8528
65.7207        64.8528
65.6599        64.8528
65.6488        64.8528
65.9466        64.8528
65.762        64.8528
65.6268        64.8528
65.2298        64.8528
65.0309        64.8528
65.0813        64.8528
65.2975        64.8528
65.4517        64.8528
66.1597        64.8528
65.75        64.8528
65.308        64.8528
65.6529        64.8528
65.7109        64.8528
65.8437        64.8528
65.6919        64.8528
65.6579        64.8528
65.6242        64.8528
65.4608        64.8528
65.5174        64.8528
65.6304        64.8528
65.6225        64.8528
65.3453        64.8528
65.2466        64.8528
65.0927        64.8528
65.3232        64.8528
65.3656        64.8528
65.4188        64.8528
65.4595        64.8528
65.2824        64.8528
65.5686        64.8528
65.2699        64.8528
65.5935        64.8528
65.4491        64.8528
65.5024        64.8528
65.4966        64.8528
65.4219        64.8528
65.6817        64.8528
65.6991        64.8528
65.5717        64.8528
65.6521        64.8528
65.4041        64.8528
65.1344        64.8528
65.3166        64.8528
65.5672        64.8528
65.6051        64.8528
65.734        64.8528
65.685        64.8528
65.6429        64.8528
65.3658        64.8528
65.5157        64.8528
65.7813        64.8528
65.7287        64.8528
65.4413        64.8528
65.5444        64.8528
65.731        64.8528
65.5243        64.8528
65.8785        64.8528
65.9487        64.8528
65.8584        64.8528
66.1526        64.8528
65.7204        64.8528
65.6902        64.8528
65.7408        64.8528
65.5674        64.8528
65.2591        64.8528
65.276        64.8528
65.7064        64.8528
65.5359        64.8528
65.217        64.8528
65.3514        64.8528
65.6025        64.8528
65.4267        64.8528
65.5931        64.8528
65.5316        64.8528
65.3366        64.8528
65.6309        64.8528
65.4233        64.8528
65.4461        64.8528
65.6201        64.8528
65.3486        64.8528
65.8444        64.8528
65.4368        64.8528
65.2311        64.8528
65.5072        64.8528
65.8063        64.8528
65.6952        64.8528
65.64        64.8528
65.7819        64.8528
65.4579        64.8528
65.3695        64.8528
66.0635        64.8528
66.3775        64.8528
65.9992        64.8528
65.4194        64.8528
65.2308        64.8528
65.4575        64.8528
65.1232        64.8528
65.1374        64.8528
65.2486        64.8528
65.6124        64.8528
65.6385        64.8528
65.4182        64.8528
65.7052        64.8528
65.884        64.8528
65.4588        64.8528
65.5421        64.8528
65.9639        64.8528
65.6351        64.8528
65.7196        64.8528
65.7862        64.8528
65.7441        64.8528
65.6778        64.8528
65.6141        64.8528
65.4869        64.8528
65.89        64.8528
65.6861        64.8528
65.6431        64.8528
65.6574        64.8528
65.4016        64.8528
65.1577        64.8528
65.2031        64.8528
65.4514        64.8528
65.4993        64.8528
65.6385        64.8528
65.5231        64.8528
65.4357        64.8528
65.5517        64.8528
65.4854        64.8528
65.5905        64.8528
65.6066        64.8528
65.4125        64.8528
65.5542        64.8528
65.4997        64.8528
65.4795        64.8528
66.008        64.8528
66.0594        64.8528
65.9807        64.8528
66.0205        64.8528
65.9691        64.8528
65.6565        64.8528
65.6693        64.8528
65.9173        64.8528
65.8035        64.8528
65.3608        64.8528
65.5828        64.8528
65.8511        64.8528
65.6937        64.8528
65.855        64.8528
65.8779        64.8528
65.6951        64.8528
65.6559        64.8528
65.6902        64.8528
66.0875        64.8528
65.541        64.8528
65.6846        64.8528
65.4178        64.8528
65.4944        64.8528
65.4177        64.8528
65.6965        64.8528
65.7528        64.8528
65.7509        64.8528
65.6024        64.8528
65.9981        64.8528
66.2167        64.8528
65.9345        64.8528
65.2074        64.8528
65.86        64.8528
65.8035        64.8528
65.3939        64.8528
65.2437        64.8528
65.3624        64.8528
65.8112        64.8528
65.4639        64.8528
65.9568        64.8528
66.0606        64.8528
65.9608        64.8528
65.4819        64.8528
65.4431        64.8528
65.4198        64.8528
65.6674        64.8528
65.3928        64.8528
65.7034        64.8528
66.0996        64.8528
65.5466        64.8528
65.4858        64.8528
65.3406        64.8528
65.1481        64.8528
64.9895        64.8528
65.4154        64.8528
65.4081        64.8528
65.2877        64.8528
65.6276        64.8528
65.4984        64.8528
65.5943        64.8528
65.563        64.8528
65.5384        64.8528
65.7994        64.8528
65.5423        64.8528
65.1245        64.8528
65.3348        64.8528
65.5605        64.8528
65.5496        64.8528
66.0464        64.8528
66.1351        64.8528
66.078        64.8528
65.6748        64.8528
65.7821        64.8528
65.6899        64.8528
65.6052        64.8528
65.7291        64.8528
65.3155        64.8528
65.2208        64.8528
65.6034        64.8528
65.3803        64.8528
65.6379        64.8528
65.7463        64.8528
65.6128        64.8528
65.287        64.8528
65.0434        64.8528
65.1024        64.8528
65.3719        64.8528
65.7324        64.8528
65.7171        64.8528
65.6648        64.8528
65.8327        64.8528
65.832        64.8528
65.8725        64.8528
65.7238        64.8528
65.8739        64.8528
65.7101        64.8528
65.4946        64.8528
65.4965        64.8528
65.9583        64.8528
65.9042        64.8528
65.4514        64.8528
65.9789        64.8528
65.9521        64.8528
65.8401        64.8528
65.7249        64.8528
65.9352        64.8528
65.7926        64.8528
65.6211        64.8528
65.7883        64.8528
66.2961        64.8528
65.874        64.8528
65.838        64.8528
66.0369        64.8528
65.8441        64.8528
66.0413        64.8528
65.7119        64.8528
65.7888        64.8528
65.5687        64.8528
65.8366        64.8528
65.7665        64.8528
65.4455        64.8528
65.6207        64.8528
65.4118        64.8528
65.7299        64.8528
65.5428        64.8528
66.2178        64.8528
66.0428        64.8528
65.8342        64.8528
65.464        64.8528
65.4358        64.8528
65.5034        64.8528
65.4258        64.8528
65.3636        64.8528
65.7919        64.8528
65.6563        64.8528
65.8692        64.8528
65.9025        64.8528
65.9195        64.8528
65.5925        64.8528
65.437        64.8528
65.6114        64.8528
65.5617        64.8528
65.5875        64.8528
66.0021        64.8528
65.7478        64.8528
65.7188        64.8528
65.5419        64.8528
66.0466        64.8528
66.0962        64.8528
65.7671        64.8528
65.8702        64.8528
65.3188        64.8528
65.4625        64.8528
65.5752        64.8528
65.3438        64.8528
65.2056        64.8528
65.2424        64.8528
66.0453        64.8528
65.4532        64.8528
65.3392        64.8528
65.4681        64.8528
65.5952        64.8528
65.5743        64.8528
65.6609        64.8528
65.6057        64.8528
66.0496        64.8528
65.7972        64.8528
65.9968        64.8528
66.1021        64.8528
66.0026        64.8528
66.1062        64.8528
65.8512        64.8528
65.9588        64.8528
65.3049        64.8528
65.2151        64.8528
65.4755        64.8528
65.6947        64.8528
65.7056        64.8528
65.8116        64.8528
65.5919        64.8528
65.5156        64.8528
65.4765        64.8528
65.7576        64.8528
65.4185        64.8528
65.6232        64.8528
65.7012        64.8528
65.7966        64.8528
65.5569        64.8528
65.441        64.8528
65.1362        64.8528
65.3219        64.8528
65.528        64.8528
65.4086        64.8528
65.6827        64.8528
65.5924        64.8528
65.4784        64.8528
65.8346        64.8528
65.4966        64.8528
65.5189        64.8528
65.8997        64.8528
65.1798        64.8528
65.1672        64.8528
65.4209        64.8528
65.2803        64.8528
65.2646        64.8528
65.2266        64.8528
65.2265        64.8528
65.4891        64.8528
66.175        64.8528
65.5727        64.8528
65.5103        64.8528
65.5861        64.8528
65.8877        64.8528
65.6553        64.8528
65.3883        64.8528
65.8115        64.8528
65.6766        64.8528
65.9073        64.8528
66.4848        64.8528
65.873        64.8528
65.5604        64.8528
65.5365        64.8528
65.4652        64.8528
65.5827        64.8528
65.7503        64.8528
66.0188        64.8528
65.5801        64.8528
65.4496        64.8528
65.332        64.8528
65.3746        64.8528
65.6256        64.8528
65.7032        64.8528
65.2762        64.8528
65.1308        64.8528
65.129        64.8528
65.4723        64.8528
65.1868        64.8528
65.6133        64.8528
65.3935        64.8528
65.6663        64.8528
65.5976        64.8528
65.2911        64.8528
65.3735        64.8528
65.496        64.8528
65.3827        64.8528
65.8826        64.8528
65.6089        64.8528
65.3211        64.8528
65.1175        64.8528
65.247        64.8528
65.4365        64.8528
65.5551        64.8528
65.1282        64.8528
65.5339        64.8528
65.5535        64.8528
65.6761        64.8528
65.8584        64.8528
65.7851        64.8528
65.3924        64.8528
65.4715        64.8528
65.7579        64.8528
66.281        64.8528
66.1685        64.8528
66.157        64.8528
66.0898        64.8528
66.0931        64.8528
65.7972        64.8528
66.3802        64.8528
66.2878        64.8528
66.1359        64.8528
65.6135        64.8528
66.1089        64.8528
65.7081        64.8528
65.6607        64.8528
65.5015        64.8528
65.705        64.8528
65.6449        64.8528
66.0668        64.8528
65.9049        64.8528
66.2276        64.8528
65.955        64.8528
65.4503        64.8528
65.45        64.8528
65.5404        64.8528
66.0013        64.8528
65.7909        64.8528
65.6556        64.8528
65.7893        64.8528
65.7385        64.8528
65.222        64.8528
65.3425        64.8528
65.5985        64.8528
65.3419        64.8528
65.3938        64.8528
65.4688        64.8528
65.5991        64.8528
65.8077        64.8528
65.5541        64.8528
65.4693        64.8528
65.2224        64.8528
65.3299        64.8528
65.4404        64.8528
65.4571        64.8528
65.3024        64.8528
65.2576        64.8528
65.4741        64.8528
65.3234        64.8528
65.7277        64.8528
65.259        64.8528
65.246        64.8528
65.5541        64.8528
65.4867        64.8528
65.725        64.8528
65.8483        64.8528
65.872        64.8528
65.7113        64.8528
65.4709        64.8528
65.5989        64.8528
65.2082        64.8528
65.2779        64.8528
65.5349        64.8528
65.2323        64.8528
65.1079        64.8528
65.1035        64.8528
65.4887        64.8528
65.2766        64.8528
65.1553        64.8528
65.4795        64.8528
65.5883        64.8528
65.3046        64.8528
65.1262        64.8528
65.2582        64.8528
65.0959        64.8528
65.6997        64.8528
65.786        64.8528
65.7312        64.8528
65.7542        64.8528
65.6054        64.8528
65.3533        64.8528
65.8973        64.8528
66.1631        64.8528
66.0634        64.8528
65.6126        64.8528
65.5601        64.8528
65.2381        64.8528
65.4359        64.8528
65.3673        64.8528
65.7235        64.8528
65.6135        64.8528
65.3519        64.8528
65.6562        64.8528
65.7728        64.8528
65.4275        64.8528
65.2098        64.8528
66.0118        64.8528
65.7937        64.8528
66.0882        64.8528
65.7531        64.8528
65.6938        64.8528
65.4563        64.8528
65.3643        64.8528
65.8075        64.8528
65.3924        64.8528
65.0393        64.8528
65.3971        64.8528
65.6998        64.8528
65.4962        64.8528
65.3061        64.8528
65.4345        64.8528
65.2007        64.8528
65.4069        64.8528
65.5192        64.8528
65.3554        64.8528
65.348        64.8528
65.4767        64.8528
65.4599        64.8528
65.3234        64.8528
65.3982        64.8528
65.5828        64.8528
65.8482        64.8528
65.6047        64.8528
65.4742        64.8528
65.5456        64.8528
65.4081        64.8528
65.5965        64.8528
66.0779        64.8528
65.8461        64.8528
65.3324        64.8528
65.2554        64.8528
65.5384        64.8528
65.5669        64.8528
65.7241        64.8528
65.723        64.8528
65.6076        64.8528
65.616        64.8528
66.0766        64.8528
65.3508        64.8528
65.4852        64.8528
65.5458        64.8528
65.2344        64.8528
65.2799        64.8528
65.4367        64.8528
65.2189        64.8528
65.1059        64.8528
65.2856        64.8528
65.4527        64.8528
65.3096        64.8528
65.5625        64.8528
65.5759        64.8528
65.6196        64.8528
65.4976        64.8528
65.3121        64.8528
65.6964        64.8528
65.6003        64.8528
65.6072        64.8528
65.8093        64.8528
65.9769        64.8528
65.4993        64.8528
65.5863        64.8528
65.3395        64.8528
65.2331        64.8528
65.1299        64.8528
65.1997        64.8528
65.2096        64.8528
65.3374        64.8528
65.2808        64.8528
65.554        64.8528
65.1398        64.8528
65.5607        64.8528
65.5198        64.8528
65.4932        64.8528
65.3627        64.8528
66.0551        64.8528
65.908        64.8528
66.2208        64.8528
66.0237        64.8528
65.7298        64.8528
65.6652        64.8528
65.8364        64.8528
65.9262        64.8528
65.4466        64.8528
65.8111        64.8528
65.885        64.8528
65.8364        64.8528
65.5849        64.8528
65.7348        64.8528
65.41        64.8528
65.058        64.8528
65.2248        64.8528
65.2838        64.8528
65.284        64.8528
65.2616        64.8528
65.1921        64.8528
65.2975        64.8528
65.2832        64.8528
65.7075        64.8528
65.7894        64.8528
65.3899        64.8528
65.1925        64.8528
65.1763        64.8528
65.271        64.8528
65.2108        64.8528
65.4514        64.8528
65.7408        64.8528
65.5467        64.8528
65.7063        64.8528
65.7108        64.8528
65.5807        64.8528
65.0508        64.8528
65.273        64.8528
65.2504        64.8528
65.552        64.8528
65.9388        64.8528
65.3925        64.8528
65.6711        64.8528
65.8619        64.8528
65.8562        64.8528
65.4029        64.8528
65.5856        64.8528
65.1602        64.8528
65.1015        64.8528
65.6106        64.8528
65.9011        64.8528
65.8294        64.8528
66.2834        64.8528
65.9409        64.8528
65.5783        64.8528
65.7066        64.8528
65.9601        64.8528
66.0655        64.8528
65.5937        64.8528
65.7541        64.8528
66.1665        64.8528
66.1408        64.8528
65.8263        64.8528
65.5496        64.8528
65.5463        64.8528
65.2311        64.8528
65.5562        64.8528
65.7556        64.8528
65.7226        64.8528
65.6869        64.8528
65.5662        64.8528
65.4329        64.8528
65.399        64.8528
65.307        64.8528
65.4392        64.8528
65.3329        64.8528
65.6328        64.8528
65.4237        64.8528
65.2852        64.8528
65.6521        64.8528
65.5476        64.8528
65.6077        64.8528
66.1242        64.8528
65.4344        64.8528
65.1068        64.8528
65.261        64.8528
66.0383        64.8528
65.486        64.8528
65.6313        64.8528
66.0659        64.8528
65.2984        64.8528
65.3252        64.8528
65.3687        64.8528
65.2767        64.8528
65.5663        64.8528
66.2162        64.8528
66.2434        64.8528
65.6743        64.8528
66.2474        64.8528
65.7353        64.8528
65.6237        64.8528
65.317        64.8528
65.1592        64.8528
65.3542        64.8528
65.4672        64.8528
65.9268        64.8528
65.8719        64.8528
65.6275        64.8528
65.7379        64.8528
65.7842        64.8528
65.253        64.8528
65.4198        64.8528
65.3029        64.8528
65.2169        64.8528
65.3501        64.8528
65.4887        64.8528
65.6674        64.8528
65.6306        64.8528
65.2964        64.8528
65.1859        64.8528
65.4469        64.8528
65.4518        64.8528
66.3572        64.8528
66.4117        64.8528
66.0053        64.8528
66.0209        64.8528
65.8047        64.8528
65.8279        64.8528
65.8381        64.8528
65.5479        64.8528
65.9682        64.8528
65.4484        64.8528
65.2855        64.8528
65.1892        64.8528
65.4404        64.8528
65.4806        64.8528
65.3477        64.8528
65.405        64.8528
65.7446        64.8528
65.9299        64.8528
66.0274        64.8528
66.0867        64.8528
65.9274        64.8528
66.0004        64.8528
65.545        64.8528
65.7299        64.8528
65.796        64.8528
65.9421        64.8528
65.9647        64.8528
65.6068        64.8528
65.306        64.8528
65.1257        64.8528
65.6455        64.8528
65.5394        64.8528
65.2774        64.8528
65.6002        64.8528
65.8315        64.8528
65.7008        64.8528
65.9116        64.8528
66.0397        64.8528
65.8681        64.8528
65.8813        64.8528
65.8131        64.8528
66.0691        64.8528
66.1536        64.8528
66.1716        64.8528
66.646        64.8528
65.6355        64.8528
66.5651        64.8528
65.9369        64.8528
65.8219        64.8528
65.4413        64.8528
65.8414        64.8528
