493.146        439.417
472.117        408.332
447.393        391.396
419.865        378.653
400.112        352.506
385.336        345.626
364.509         341.19
352.209        328.708
344.927        325.448
336.628        318.654
329.645        307.822
323.677        303.209
316.804        293.348
309.118        290.204
300.993         284.53
294.982        279.477
289.951        273.802
284.455        267.877
278.211         262.49
273.313        261.038
267.858        257.852
264.226        253.364
260.446        250.028
257.6        245.648
254.284        243.998
250.624        240.577
247.81        238.846
245.352        235.971
243.473        233.155
240.92        227.248
237.789        224.628
234.03        214.885
229.504        212.241
224.358        209.695
219.353        209.164
215.687         206.52
213.438            206
211.197        202.613
208.698        201.733
207.547         200.04
206.616        199.047
204.608        196.707
202.857        191.869
200.631        191.869
197.842        189.025
195.62        187.522
193.195        187.522
191.523        186.638
190.125        184.928
189.947        184.859
189.003        182.685
188.067        179.061
187.31        179.061
184.422        176.713
181.964        173.285
180.346        172.455
178.31        171.127
176.369        170.297
174.55        166.438
172.601        166.438
171.538        166.346
170.481        163.585
169.554        163.585
168.028         161.61
166.628        160.985
165.368        160.616
164.756        159.167
164.309        158.872
163.453        154.921
161.966        154.453
159.308         152.72
158.82        150.827
157.042        150.492
155.632        149.646
154.364        149.646
153.551        148.013
151.632        146.056
150.224         145.43
149.252         144.32
148.054        142.702
146.659        141.362
145.788        139.789
144.55        138.583
143.566        138.109
142.076        137.832
140.854        136.726
139.263        136.205
138.113        135.301
137.465        133.985
136.639        133.466
136.348         132.15
135.923        130.814
134.568        129.402
132.862        128.384
131.52        127.539
129.993        127.349
128.884        126.317
128.642        125.145
128.14         124.95
127.715        124.635
127.532         123.18
126.611        122.586
125.87        121.008
124.661        120.251
123.298         119.15
122.775        118.394
121.787        117.207
120.821        116.845
119.587        116.641
118.583        115.658
117.842        115.252
117.059        113.768
116.376        113.322
115.629        111.883
114.451        111.231
114.275        109.791
113.09        107.583
112.357        107.583
111.071        107.027
109.864        107.027
108.668        106.441
107.785        105.802
107.566        105.371
106.846          105.1
106.509        104.669
106.094        104.586
105.73        104.302
105.243        104.302
105.099        104.276
104.782        103.561
104.697        103.477
104.37        103.037
104.008        102.897
104.046        102.373
103.917        102.368
103.492        102.175
103.494        100.971
103.366        100.971
102.927        100.231
102.623        100.121
101.696         99.446
102.351        99.5392
102.473        99.5392
103.01        99.1974
103.725        99.0376
103.371        98.6959
102.562         98.049
101.267        98.0121
100.495        96.7317
99.6266        95.1284
98.5104        95.1284
97.5773        95.1284
96.9517        95.1284
96.1324        94.9764
96.0785         94.713
95.9227        94.0915
96.0667        93.5866
95.3135        93.5866
94.7219        93.5293
94.5649        93.3796
94.2801        93.3223
94.0527        93.3223
93.8717        93.3223
93.6318         92.035
93.5953         92.035
93.5494         92.035
93.5838        91.0641
92.8418        91.0641
92.5832        91.0641
92.2128        91.0641
92.2582        90.7237
92.2257        90.7237
92.3081        90.5899
91.9519        90.1979
91.332        89.7516
91.2463        89.2257
90.9579        89.2257
90.2552        89.1711
90.5068        89.1711
89.8101        88.2322
90.2299        88.2322
91.456        87.5062
91.923        87.5062
91.8137        87.5062
90.7425        87.5062
89.5922        87.0915
89.1518        87.0915
88.8969        87.0915
88.4006        87.0915
88.1097        87.0514
88.3481        86.7167
88.928        85.9517
89.3026        85.9517
88.6531        85.9517
88.0002        85.9336
87.3636        85.9336
87.2279        85.8166
86.9951        85.8166
86.9363        85.8166
86.6533        85.8166
86.381        85.5106
86.1927        85.2922
86.0004        85.0038
85.7598        84.4794
85.8326        84.3623
85.8872        83.6212
86.5902        83.4489
88.057        83.4489
88.5794        83.4489
88.705        83.4386
87.464        83.4386
86.4121        83.4386
85.7881        82.8889
84.5853        82.8889
84.1728        82.7666
84.1558        82.2169
84.059        82.2169
83.5749        82.2169
83.0878        81.8278
82.7802        81.8278
82.3317        81.7829
82.2572        80.2979
81.9265         80.253
81.6425        80.2496
81.0551        80.1161
80.7622        80.1161
80.9632        80.1161
80.7956        80.1161
80.5155        80.1161
80.6882        80.1161
81.0308        80.1161
80.6282         79.964
80.6481         79.964
80.8976         79.964
80.7174         79.964
80.7108         79.964
80.5236         79.964
80.4528        79.6893
80.905        79.6893
80.1973        79.6393
80.2714        79.6393
80.4958        79.3645
80.7074        79.3645
80.7736        79.3645
80.9186        79.3645
81.0511        79.3645
80.731        78.9717
80.7726        78.9717
80.1379        78.9717
79.9648        78.4955
80.063        78.4955
80.0705        78.1669
79.3312        78.0787
79.1695         77.981
79.223         77.981
79.0271        77.5313
78.9369        77.0308
78.9716        77.0308
79.064        77.0308
78.9664        77.0308
78.6437        75.4796
78.4137        75.4796
78.4648        75.4796
78.085        75.2727
77.3557        74.4124
76.4652        74.4124
76.2519        74.0173
76.1167        74.0173
75.3198        74.0173
74.9766        73.9033
74.8279        73.9033
74.949        73.9033
75.1328        73.9033
74.8731        73.7451
74.9279        73.4072
74.7762        73.2489
75.1197        73.2489
74.7655        73.1198
73.8646        72.9605
73.6306        72.9605
73.67        72.9605
73.7261        72.9605
73.6558        72.9605
73.5464        72.9605
73.4426        72.9605
73.131        72.9605
73.2898        72.4247
73.5225        72.4247
73.3157        72.4247
72.972        72.4247
73.081        72.4247
73.2546        72.4247
73.3424        72.4247
72.9834        71.9539
73.6628        71.8664
74.0072         71.716
73.3961        71.6286
72.7727        71.6286
72.6024        71.6286
72.4698        71.6286
72.3171        71.6286
72.3265        71.5776
72.4023        71.5776
72.755        71.5776
73.1182        71.5776
72.6095        71.5776
72.0271        71.5776
71.9937        71.5776
71.71        71.5776
71.8935        71.5776
72.3986        71.5776
72.6058        71.5776
72.347        71.5776
72.2918        71.5776
72.5408        71.5776
72.2557        71.3273
72.3725        71.3273
72.2241        71.3273
72.1745        71.3273
71.8158        71.3273
71.7398        71.3273
71.7292        71.3273
71.7409        71.1559
71.7017        71.1559
71.9719        71.1559
71.9832        71.1559
71.5016        71.1559
71.6648        71.1559
71.7623        71.1559
71.9109        71.1559
71.7505        71.1559
71.6517        71.1559
71.7061        71.1559
71.9129        71.1559
71.6135        71.1559
72.0621        71.1559
71.9937        71.1559
71.5445        70.9275
71.3385        70.9275
71.491        70.9275
71.2851        70.9275
71.251        70.9275
71.7805        70.9275
72.1766        70.9275
72.0344        70.9275
71.722        70.9275
71.5958        70.9275
71.9158        70.9275
71.8588        70.9275
71.8392        70.9127
72.3246        70.9127
72.0205        70.9127
71.9899        70.9127
71.5242        70.9127
71.571        70.9127
71.5198        70.9127
71.467        70.9127
71.5873        70.9127
71.6763        70.9127
71.7317        70.9072
71.6496        70.9072
71.7232        70.9072
71.3612        70.9072
71.4449        70.9072
71.4289        70.9072
71.734        70.9072
71.5277        70.9072
71.7494        70.9072
71.7491        70.9072
71.5781        70.9072
71.7287        70.9072
71.2872        70.9072
71.6477        70.9072
72.0079        70.9072
72.0688        70.9072
71.8532        70.9072
71.6001        70.9072
71.7779        70.9072
72.0225        70.9072
71.7617        70.8921
72.1206        70.8921
71.5267        70.8921
71.2454        70.8921
71.4344        70.8921
71.4362        70.6833
71.2854        70.6833
71.3781        70.6833
71.5475        70.6833
71.8557        70.6833
71.7866        70.6833
71.3811        70.6833
71.1448        70.4935
71.3195        70.4935
71.3972        70.4935
71.1818        70.4935
70.9214        69.9479
71.0097        69.9479
71.1452        69.9479
70.3118        69.9479
70.3673        69.9479
70.5094        69.9479
70.6367        69.9479
70.6985        69.9479
70.6055        69.9479
70.6689        69.9479
70.5995        69.9479
70.7964        69.9479
70.3855        69.9479
70.5676        69.9479
70.6348        69.9479
70.616        69.9479
70.5817        69.9479
70.8312        69.9479
70.664        69.9479
70.4068        69.9479
70.6404        69.9479
70.4647        69.9479
70.6387        69.9479
70.8681        69.9479
71.0852        69.9479
70.6646        69.9479
70.6423        69.9479
71.021        69.9479
71.0397        69.9479
70.8825        69.9479
71.181        69.9479
71.4537        69.9479
70.9797        69.9479
70.819        69.9479
70.3157        69.9479
70.8037        69.9479
71.1488        69.9479
70.8205        69.9479
70.4653        69.9479
70.2676        69.9479
70.4369        69.9479
70.6564        69.9479
70.6658        69.9479
70.7024        69.9479
70.9626        69.9479
71.1528        69.9479
70.8199        69.9479
70.7398        69.9479
70.8113        69.9479
70.2462        69.9479
70.5118        69.9479
70.6288        69.9479
70.8563        69.9479
70.4663        69.9479
70.3173        69.9479
70.292        69.9479
70.7789        69.9479
71.5336        69.9479
71.4449        69.9479
71.0037        69.9479
71.2168        69.9479
70.6611        69.9479
70.7892        69.9437
70.5593        69.9437
70.7954        69.9437
70.3926        69.9437
70.9697        69.9437
71.1675        69.9437
70.9114        69.9437
70.9142        69.3817
70.4129        69.3817
70.2891        69.3817
69.8336        69.3817
70.5449        69.3817
70.2039        68.9713
69.9756        68.9713
69.8413        68.9713
69.6988        68.9713
69.7466        68.9713
69.5737        68.9713
69.8524        68.9713
69.5505        68.9713
69.8285        68.9713
69.4395        68.9713
69.6922        68.9713
69.3571        68.9713
69.4449        68.9713
69.622        68.9713
69.6826        68.9713
69.266        68.9713
69.371        68.9713
69.3113        68.9713
69.7444        68.9713
69.7841        68.9713
69.8169        68.9713
69.3458        68.9713
69.4617        68.9713
69.8742        68.9713
69.2688        68.9713
69.1891        68.9713
69.26        68.9713
69.1604        68.9713
69.4107        68.9713
69.5217        68.9713
69.7715        68.9713
69.7529        68.9713
69.6035        68.9713
69.6208        68.9713
69.554        68.9713
69.4017        68.9713
69.3452        68.9713
69.3248        68.9713
69.5344        68.9713
69.3072        68.9713
69.3822        68.9713
69.3488        68.9713
69.5759        68.9713
69.3504        68.9713
69.4196        68.9713
69.7617        68.9713
69.5234        68.9713
69.829        68.9713
69.5311        68.9713
70.0216        68.9713
69.7607        68.9713
69.6169        68.9713
69.689        68.9713
69.768        68.9713
69.6697        68.9713
69.8206        68.9713
69.6228        68.9713
69.5238        68.9713
69.5798        68.9713
69.4209        68.9713
69.8248        68.9713
70.4488        68.9713
70.4124        68.9713
70.2394        68.9713
70.4538        68.9713
70.3784        68.9713
69.5695        68.9713
69.281        68.9713
69.3241        68.9713
69.3068        68.8266
69.5819        68.8266
69.6471        68.8266
69.5832        68.8266
69.6127        68.8266
69.5514        68.8266
69.3319        68.8266
69.466        68.8266
69.5169        68.8266
69.6418        68.8266
70.2771        68.8266
70.1156        68.8266
69.6095        68.8266
69.612        68.8266
69.4686        68.8266
69.558        68.8266
69.4702        68.8266
69.2819        68.8266
69.5177        68.8266
69.8909        68.8266
70.0419        68.8266
69.7247        68.8266
69.8204        68.6344
69.4982        68.6344
69.627        68.6344
69.9228        68.6344
69.3584        68.6344
69.0672        68.6344
69.3519        68.6344
69.1451        68.6344
69.385        68.6344
69.0874        68.6344
69.307        68.6344
69.448        68.6344
69.4073        68.4898
69.4319        68.4898
68.9428        68.4898
68.9759        68.4898
69.1328        68.4898
69.0108        68.4898
68.8721        68.4898
69.3347        68.4898
69.5914        68.4898
69.9306        68.4898
69.3953        68.4898
69.3169        68.4898
69.7869        68.4898
69.1541        68.4898
69.5656        68.4898
69.1454        68.4898
69.4        68.4898
68.9906        68.4898
68.9619        68.4898
69.0949        68.4898
69.066        68.4898
68.7588        68.4898
69.0517        68.4898
69.3114        68.4898
68.9412        68.4898
68.8435        68.4898
68.9765        68.4281
69.6734        68.4281
69.5452        68.4281
69.3542        68.4281
69.1312        68.4281
69.0391        68.4281
69.1057        68.4281
69.0583        68.4281
69.087        68.4281
69.1122        68.4281
69.2853        68.4281
69.1755        68.4281
69.3988        68.4281
69.3072        68.4281
69.1364        68.4281
68.9381        68.4281
69.5108        68.4281
69.4764        68.4281
69.2753        68.4281
69.5917        68.4281
68.999        68.4281
68.974        68.4281
68.9748        68.4281
68.9301        68.4281
69.148        68.4281
69.1363        68.4281
69.116        68.4281
69.2206        68.4281
69.0394        68.4281
68.8207        68.4281
69.087        68.4281
69.233        68.4281
68.9327        68.4281
69.0736        68.3715
68.9245        68.3715
69.3372        68.3715
69.4061        68.3715
68.7262        68.3715
69.0736        68.3715
69.2351        68.3715
69.364        68.3715
69.0096        68.3715
68.8989        68.3715
69.01        68.3715
69.0378        68.3715
69.457        68.3715
69.183        68.3715
68.727        68.3715
68.8821        68.3715
68.7196        68.3715
68.8747        68.3715
68.9559        68.3715
68.554        68.3715
68.9171        68.3715
69.5405        68.3715
68.9403        68.3715
69.2323        68.3715
69.2117        68.3715
68.7619        68.3715
69.1127        68.3715
69.1527        68.1813
68.9766        68.1813
68.7876        68.1813
68.8925        68.1813
68.4595        68.1813
68.5572        68.1813
68.3846        68.1813
68.6439        68.1813
68.853        68.1813
68.5952        68.1813
68.5646        68.1813
68.4368        68.1813
69.1697        68.1813
69.0729        68.1813
69.0871        68.1813
68.7818        68.1813
69.0291        68.1813
68.9682        68.1813
68.8094        68.1813
68.8749        68.1813
68.6405        68.1813
68.6038        68.1813
68.6695        68.1813
68.5609        68.1813
69.0628        68.1813
68.8631        68.1813
68.8054        68.1813
69.1102        68.1813
69.1312        68.1813
68.6153        68.1813
68.4585        68.1813
68.3908        68.1813
68.598        68.1813
68.593        68.1813
68.8103        68.1813
68.6322        68.1813
68.8881        68.1813
69.2126        68.1813
68.6805        68.1813
68.9103        68.1813
68.5637        68.1813
69.1961        68.1813
68.8355        68.1813
68.7577        68.1813
68.8143        68.1813
68.7418        68.1813
68.534        68.1813
68.6911        68.1813
68.588        68.1813
68.7313        68.1813
68.6774        68.1813
69.1768        68.1813
68.7043        68.1813
69.0199        68.1813
69.1721        68.1813
68.7325        68.1813
68.7185        68.1813
68.7234        68.1813
68.9898        68.1813
68.665        68.1813
68.7094        68.1813
68.9219        68.1813
68.5696        68.1813
68.5928        68.1813
68.6028        68.1813
68.7354        68.1813
68.752        68.1813
68.4886        68.1813
68.5881        68.1813
68.7164        68.1813
68.7586        68.1813
68.9621        68.1813
68.8289        68.1813
69.055        68.1813
68.649        68.1813
68.5894        68.1813
68.7571        68.1813
68.3918        68.1813
68.556        68.1813
68.5359        68.1813
68.429        68.1813
68.5543        68.1813
69.0763        68.1813
68.8638        68.1813
68.8901        68.1813
68.886        68.1813
68.9275        68.1813
68.6478        68.1813
68.7241        68.1813
69.0589        68.1813
69.4297        68.1813
69.4329        68.1813
69.1601        68.1813
68.5861        68.1813
68.7352        68.1813
68.7388        68.1813
68.7207        68.1813
68.855        68.1813
68.5195        68.1813
69.2696        68.1813
68.9791        68.1813
69.0861        68.1813
68.8843        68.1813
69.2121        68.1813
69.7668        68.1813
69.5713        68.1813
69.1543        68.1813
69.3026        68.1813
69.1857        68.1813
69.0539        68.1813
69.2435        68.1813
69.2185        68.1813
68.98        68.1813
68.7826        68.1813
68.9576        68.1813
68.6823        68.1813
68.9928        68.1813
68.7702        68.1813
68.7665        68.1813
69.0986        68.1813
69.2344         68.153
69.3019         68.153
68.816         68.153
68.6597         68.153
68.8408         68.153
69.0678         68.153
69.0147        68.0999
68.6967        68.0999
68.7433        68.0999
68.5973        68.0999
68.7312        68.0999
68.538        68.0999
68.8294        68.0999
68.6252        68.0999
68.84        68.0999
68.8276        68.0999
68.7392        68.0999
68.8773        68.0999
69.0789        68.0999
68.8902        68.0999
68.7528        68.0999
69.1389        68.0999
68.684        68.0999
68.8004        68.0999
68.8109        68.0999
69.0095        68.0999
68.6455        68.0999
68.7545        68.0999
69.0012        68.0999
69.3024        68.0999
68.9078        68.0999
68.5776        68.0999
68.5314        68.0999
68.4926        68.0999
68.437        68.0999
68.4646        68.0999
68.7983        68.0999
68.9355        68.0999
68.6388        68.0999
68.677        68.0999
69.1081        68.0999
69.0154        68.0999
68.6345        68.0999
68.6766        68.0999
68.6012        68.0999
68.8452        68.0999
68.8197        68.0999
68.8186        68.0999
68.5297        68.0999
68.8864        68.0999
69.1916        68.0999
68.8958        68.0999
68.714        68.0999
68.9289        68.0999
68.5192        68.0999
68.4707        68.0999
68.7671        68.0999
69.0165        68.0999
68.7363        68.0999
68.5087        68.0999
68.5378        68.0999
68.5786        68.0999
68.6185        68.0999
68.4691        66.5988
69.0595        66.5988
69.2045        66.5988
68.7097        66.5988
67.9878        66.5988
68.2963        66.5988
68.1841        66.5988
67.3483        66.5988
67.2235        66.5988
67.2939        66.5988
67.2878        66.5988
67.1463        66.5988
67.2103        66.5988
67.3381        66.5988
67.4276        66.5988
66.995        66.5988
67.2186        66.5988
67.5067        66.5988
67.3586        66.5988
67.07        66.5988
66.9552        66.5988
66.8617        66.5988
66.9283        66.5988
67.354        66.5988
67.0544        66.5988
66.9459        66.5988
66.9744        66.5988
67.3949        66.5988
67.6566        66.5988
67.2329        66.5988
67.0287        66.5988
67.0964        66.5988
67.1945        66.5988
67.3992        66.5988
67.3542        66.5988
66.8909        66.5988
67.0623        66.5988
67.2729        66.5988
67.4098        66.5988
67.0395        66.5988
67.0802        66.5988
67.2349        66.5988
67.2962        66.5988
67.2179        66.5988
67.3494        66.5988
67.0827        66.5988
67.093        66.5988
67.1685        66.5988
67.639        66.5988
67.3553        66.5988
67.2887        66.5988
67.422        66.5988
67.2616        66.5988
67.0477        66.5988
67.5971        66.5988
67.2076        66.5988
67.3891        66.5988
67.3224        66.5988
67.3207        66.5988
67.2204        66.5988
67.2915        66.5988
67.3907        66.5988
67.6023        66.5988
67.7339        66.5988
67.5525        66.5988
67.4107        66.5988
67.8812        66.5988
67.3136        66.5988
67.2906        66.5988
67.1989        66.5988
67.4417        66.5988
67.2826        66.5988
67.1052        66.5988
67.0832        66.5988
67.4671        66.5988
67.37        66.5988
67.1751        66.5988
67.235        66.5988
67.2982        66.5988
67.8106        66.5988
67.565        66.5988
67.3792        66.5988
67.5353        66.5988
67.6731        66.5988
68.0277        66.5988
68.3064        66.5988
67.6058        66.5988
67.6381        66.5988
67.2455        66.5988
67.1713        66.5988
67.2494        66.5988
67.017        66.5988
66.8422        66.5988
66.916        66.5988
67.0435        66.5988
66.8792        66.5988
66.9499        66.5988
67.1829        66.5988
67.3681        66.5988
67.2784        66.5988
67.2853        66.5988
67.1926        66.5988
66.9021        66.5988
66.8856        66.5988
66.9691        66.5988
66.768        66.5988
66.7717        66.5988
67.0781        66.5988
67.273        66.5988
67.5925        66.5988
67.767        66.5988
67.6498        66.5988
67.2457        66.5988
67.203        66.5988
67.0699        66.5988
67.0823        66.5988
67.3442        66.5988
67.2839        66.5988
66.908        66.5988
67.2556        66.5988
67.177        66.5988
67.2633        66.5988
67.534        66.5988
66.9916        66.5988
67.0191        66.5988
67.0093        66.5988
67.0124        66.5988
67.2038        66.5988
67.3379        66.5988
66.9176        66.5988
67.2528        66.5988
67.331        66.5988
67.0545        66.5988
67.4943        66.5988
67.2412        66.5988
67.3188        66.5988
67.1031        66.5988
66.9912        66.5988
67.2626        66.5988
67.1566        66.5988
67.0582        66.5988
67.046        66.5988
67.7503        66.5988
67.5964        66.5988
67.5222        66.5988
67.2119        66.5988
67.6194        66.5988
67.6563        66.5988
67.2059        66.5988
66.7783        66.5988
66.9323        66.5988
66.8778        66.5988
66.9504        66.5988
66.8498        66.5988
66.8455        66.5988
67.1493        66.5988
66.9607        66.5988
67.2508        66.5988
67.3142        66.5988
67.5599        66.5988
67.4965        66.5988
67.2706        66.5988
67.5651        66.5988
67.5439        66.5988
67.3142        66.5988
66.8566        66.5988
67.1114        66.5988
67.5476        66.5988
67.8207        66.5988
67.3564        66.5988
67.103        66.5988
67.2081        66.5988
67.4043        66.5988
67.4587        66.5988
67.3095        66.5988
67.1092        66.5988
67.1412        66.5988
67.4823        66.5988
67.1123        66.5988
67.0167        66.5988
67.0631        66.5988
67.3884        66.5988
67.6844        66.5988
67.3672        66.5988
67.6206        66.5988
67.921        66.5988
67.0493        66.5988
66.8304        66.5988
67.0105        66.5988
67.324        66.5988
67.3528        66.5988
67.2419        66.5988
67.4752        66.5988
67.2348        66.5988
67.2489        66.5988
67.0778        66.5988
67.1202        66.5988
67.061        66.5988
67.1774        66.5988
67.2386        66.5988
67.4241        66.5988
67.8635        66.5988
67.5315        66.5988
67.6166        66.5988
67.1467        66.5988
67.0201        66.5988
67.0126        66.5988
67.0628        66.5988
66.9577        66.5988
66.9944        66.5988
66.9835        66.5988
67.1091        66.5988
66.9027        66.5988
66.9277        66.5988
66.879        66.5988
67.8006        66.5988
67.5284        66.5988
67.4313        66.5988
66.9362        66.5988
67.1794        66.5988
67.0715        66.5988
67.3609        66.5988
67.4225        66.5988
67.535        66.5988
67.6236        66.5988
67.6041        66.5988
67.2701        66.5988
67.3946        66.5988
67.3632        66.5988
66.9575        66.5988
67.1616        66.5988
67.3233        66.5988
67.233        66.5988
67.2422        66.5988
67.171        66.5988
67.2993        66.5988
67.1776        66.5988
67.3449        66.5988
66.9396        66.5988
67.5931        66.5988
67.2264        66.5988
66.9118        66.5988
66.7942        66.5988
67.2041        66.5988
67.5356        66.5988
67.4944        66.5988
68.0937        66.5988
67.6288        66.5988
67.7748        66.5988
67.6466        66.5988
67.5448        66.5988
67.6116        66.5988
67.1567        66.5988
67.29        66.5988
67.5718        66.5988
67.3928        66.5988
67.6816        66.5988
67.2903        66.5988
67.3479        66.5988
67.4319        66.5988
67.3859        66.5988
67.3875        66.5988
67.1339        66.5988
66.7741        66.5988
67.1722        66.5988
67.2426        66.5988
67.3481        66.5988
67.1001        66.5988
67.2225        66.5988
67.1965        66.5988
67.3267        66.5988
67.4553        66.5988
66.912        66.5988
67.0786        66.5988
67.1001        66.5988
67.2718        66.5988
67.0018        66.5988
67.4674        66.5988
67.4292        66.5988
67.514        66.5988
67.0869        66.5988
67.15        66.5988
67.1753        66.5988
67.2426        66.5988
67.3123        66.5988
67.5365        66.5988
66.9669        66.5988
67.199        66.5988
67.3083        66.5988
67.1516        66.5988
67.3681        66.5988
67.167        66.5988
67.1585        66.5988
67.2874        66.5988
67.4793        66.5988
67.5817        66.5988
67.4998        66.5988
67.617        66.5988
67.2167        66.5988
67.408        66.5988
67.4669        66.5988
67.3272        66.5988
67.1284        66.5988
67.092        66.5988
67.3909        66.5988
67.2975        66.5988
67.3534        66.5988
67.2        66.5988
67.3339        66.5988
67.0285        66.5988
67.1461        66.5988
67.7915        66.5988
67.5199        66.5988
67.4383        66.5988
67.0179        66.5988
67.2667        66.5988
67.6637        66.5988
67.3787        66.5988
67.6375        66.5988
67.3273        66.5988
67.3097        66.5988
67.2264        66.5988
67.0216        66.5988
67.1551        66.5988
67.2677        66.5988
67.2703        66.5988
67.129        66.5988
67.4264        66.5988
67.2684        66.5988
67.4595        66.5988
67.0952        66.5988
67.6147        66.5988
67.4405        66.5988
67.2314        66.5988
67.3563        66.5988
67.255        66.5988
66.9832        66.5988
67.6578        66.5988
67.8002        66.5988
67.4532        66.5988
67.5388        66.5988
67.4455        66.5988
67.365        66.5988
67.3664        66.5988
67.0335        66.5988
66.9462        66.5988
67.1168        66.5988
66.9471        66.5988
67.1296        66.5988
67.199        66.5988
67.8012        66.5988
67.6816        66.5988
67.4372        66.5988
67.362        66.5988
67.5659        66.5988
67.6003        66.5988
67.8411        66.5988
67.7034        66.5988
67.2681        66.3953
67.2396        66.3953
67.3197        66.3953
66.9625        66.3953
67.2205        66.3953
67.0177        66.3953
66.7298        66.3953
66.9682        66.3953
66.988        66.3953
67.1494        66.3953
67.0899        66.3953
67.2075        66.3953
67.749        66.3953
67.7336        66.3953
67.1773        66.3953
67.0887        66.3953
66.9678        66.3953
67.3889        66.3466
67.1154        66.3466
66.8433        66.3466
66.668        66.3466
66.9189        66.3466
67.2078        66.3466
66.9129        66.3466
67.7606        66.3466
67.3706        66.3466
66.7526        66.3466
66.8463        66.3466
67.2594        66.3466
67.516        66.3466
66.9878        66.3466
66.9694        66.3466
67.2068        66.3466
67.6806        66.3466
67.3138        66.3466
67.2515        66.0977
67.2924        66.0977
67.2757        66.0977
67.5832        66.0977
67.3691        66.0977
67.0234        66.0977
66.7839        66.0977
66.6903        66.0977
66.7435        66.0977
66.6461        66.0977
66.444        66.0977
66.5201        66.0977
66.8296        66.0977
66.8987        66.0977
66.7499        66.0977
67.4091        66.0977
66.9035        66.0977
66.661        66.0977
66.8586        66.0977
67.2828        66.0977
67.338        66.0977
67.2591        66.0977
66.7993        66.0977
66.8185        66.0977
67.1586        66.0977
67.178        66.0977
67.1854        66.0977
66.9136        66.0977
66.5441        66.0977
66.5834        66.0977
66.5501        66.0977
66.7417        66.0977
66.9949        66.0977
66.7632        66.0977
66.8982        66.0977
66.83        66.0977
66.4402        66.0977
66.7939        66.0977
67.1754        66.0977
66.998        66.0977
67.0158        66.0977
66.9942        66.0977
66.555        66.0977
66.6802        66.0977
67.5483        66.0977
67.1289        66.0977
66.9079        66.0977
66.8669        66.0977
66.8441        66.0977
66.6309        66.0977
66.4342        66.0977
66.6232        66.0977
66.7308        66.0977
66.9277        66.0977
66.7715        66.0977
66.6919        66.0977
66.8851        66.0977
67.3535        66.0977
66.963        66.0977
66.6059        66.0977
66.3531        66.0977
66.8991        66.0977
66.7644        66.0977
67.0118        66.0977
66.6884        66.0977
66.8419        66.0977
67.5037        66.0977
66.7283        66.0977
66.786        66.0977
66.8204        66.0977
67.161        66.0977
66.8024        66.0977
66.4626        66.0977
66.571        66.0977
66.4909        66.0977
66.7786        66.0977
66.6586        66.0977
66.6321        66.0977
66.616        66.0977
66.4366        66.0977
66.9696        66.0977
67.0127        66.0977
66.7721        66.0977
66.6536        66.0977
66.7681        66.0977
66.8499        66.0977
66.9996        66.0977
66.8028        66.0977
66.6709        66.0977
66.9115        66.0977
66.9397        66.0977
67.1602        66.0977
66.5424        66.0977
66.7317        66.0977
67.0025        66.0977
67.489        66.0977
67.5686        66.0977
67.7006        66.0977
66.9526        66.0977
67.1995        66.0977
67.0582        66.0977
66.8922        66.0977
66.7815        66.0977
66.6363        66.0977
66.647        66.0977
66.9987        66.0977
67.1209        66.0977
67.1779        66.0977
66.9689        66.0977
66.8586        66.0977
66.9938        66.0977
67.4378        66.0977
67.0977        66.0977
67.0163        66.0977
66.9141        66.0977
66.8142        66.0977
66.7181        66.0977
66.5107        66.0977
67.1704        66.0977
66.8785        66.0977
66.8829        66.0977
66.6664        66.0977
67.232        66.0977
66.8412        66.0977
66.861        66.0977
66.4935        66.0977
66.996        66.0977
66.6806        66.0977
66.4991        66.0977
66.3375        66.0977
66.3006        66.0977
67.092        66.0977
67.0131        66.0977
66.9106        66.0977
66.8691        66.0977
66.8609        66.0977
66.7452        66.0977
66.8685        66.0977
66.6658        66.0977
66.6967        66.0977
66.7295        66.0977
66.4626        66.0977
66.2824        66.0977
66.6806        66.0977
67.0345        66.0977
66.8272        66.0977
66.7946        66.0977
67.2276        66.0977
67.0513        66.0977
67.1159        66.0977
67.3098        66.0977
67.2046        66.0977
66.8961        66.0977
66.6317        66.0977
66.8466        66.0977
66.7627        66.0977
66.5023        66.0977
66.9369        66.0977
66.7669        66.0977
66.7287        66.0977
66.6099        66.0977
67.3711        66.0977
67.4687        66.0977
67.6057        66.0977
67.2609        66.0977
67.0675        66.0977
66.9058        66.0977
67.1453        66.0977
67.0184        66.0977
66.9801        66.0977
66.4809        66.0977
66.4936        66.0977
66.8001        66.0977
67.0861        66.0977
66.9985        66.0977
67.0622        66.0977
67.1166        66.0977
67.0934        66.0977
67.0854        66.0977
66.542        66.0977
66.3735        66.0977
66.5354        66.0977
66.4976        66.0977
66.488        66.0977
66.4916        66.0977
66.7611        66.0977
66.8183        66.0977
66.5843        66.0977
66.6725        66.0977
66.6845        66.0977
66.7022        66.0977
66.7639        66.0977
66.6135        66.0977
66.8046        66.0977
67.0992        66.0977
67.0446        66.0977
66.9668        66.0977
66.8987        66.0977
66.9056        66.0977
66.6042        66.0977
66.2975        66.0977
66.5359        66.0977
66.6929        66.0977
66.5065        66.0977
66.8175        66.0977
66.7806        66.0977
67.1747        66.0977
67.0782        66.0977
67.1538        66.0977
66.8884        66.0977
66.8315        66.0977
66.858        66.0977
67.1244        66.0977
66.9068        66.0977
67.1044        66.0977
66.8843        66.0977
67.1421        66.0977
67.3695        66.0977
67.2797        66.0977
66.6985        66.0977
66.7931        66.0977
66.7591        66.0977
67.2653        66.0977
67.8212        66.0977
67.2059        66.0977
67.0353        66.0977
66.925        66.0977
66.4363        66.0977
67.0045        66.0977
67.155        66.0977
67.0454        66.0977
67.0871        66.0977
66.6138        66.0977
66.8211        66.0977
67.017        66.0977
66.7174        66.0977
66.7862        66.0977
66.9856        66.0977
67.2018        66.0977
67.249        66.0977
67.223        66.0977
66.428        66.0977
66.4049        66.0977
66.3855        66.0977
66.6345        66.0977
66.7362        66.0977
66.7053        66.0977
66.5285        66.0977
66.6416        66.0977
66.5267        66.0977
66.4887        66.0977
66.4981        66.0977
66.9936        66.0977
66.4906        66.0977
66.6398        66.0977
67.1336        66.0977
66.9391        66.0977
67.5143        66.0977
67.3737        66.0977
66.746        66.0977
66.9645        66.0977
66.9986        66.0977
66.7961        66.0977
66.7505        66.0977
67.0964        66.0977
66.8122        66.0977
67.1572        66.0977
66.9354        66.0977
66.9886        66.0977
67.0839        66.0977
67.4816        66.0977
67.4339        66.0977
67.1311        66.0977
67.1004        66.0977
66.8795        66.0977
66.8246        66.0977
66.7092        66.0977
66.9625        66.0977
66.737        66.0977
66.9491        66.0977
66.8381        66.0977
66.6611        66.0977
66.8566        66.0977
67.1397        66.0977
67.0887        66.0977
67.2236        66.0977
66.7815        66.0977
66.9159        66.0977
66.9146        66.0977
66.4675        66.0977
66.513        66.0977
66.5317        66.0977
66.5196        66.0977
66.5691        66.0977
66.8536        66.0977
66.7695        66.0977
66.7621        66.0977
66.7306        66.0977
66.6924        66.0977
66.6216        66.0977
66.7302        66.0977
67.0882        66.0977
67.1443        66.0977
66.5596        66.0977
66.7293        66.0977
66.5759        66.0977
66.8354        66.0977
66.8054        66.0977
66.8972        66.0977
66.9141        66.0977
66.9476        66.0977
66.4304        66.0977
67.3192        66.0977
66.8232        66.0977
66.9913        66.0977
66.8819        66.0977
67.0577        66.0977
67.1575        66.0977
66.8797        66.0977
66.5678        66.0977
66.7881        66.0977
66.982        66.0977
66.8117        66.0977
66.5344        66.0977
66.8082        66.0977
67.3052        66.0977
67.3356        66.0977
66.9533        66.0977
67.0373        66.0977
66.7939        66.0977
66.5996        66.0977
66.8513        66.0977
66.4934        66.0977
66.6004        66.0977
67.0098        66.0977
66.7259        66.0977
66.7232        66.0977
67.0198        66.0977
66.6754        66.0977
66.7867        66.0977
66.7854        66.0977
66.654        66.0977
66.5237        66.0977
67.1335        66.0977
67.1741        66.0977
66.8637        66.0977
66.9739        66.0977
67.0036        66.0977
66.7182        66.0977
66.941        66.0977
67.3215        66.0977
67.1227        66.0977
67.5546        66.0977
67.3931        66.0977
67.268        66.0977
66.609        66.0977
66.4256        66.0977
66.7519        66.0977
66.5457        66.0977
66.8021        66.0977
67.1043        66.0977
66.7642        66.0977
66.7377        66.0977
66.5436        66.0977
66.4174        66.0977
66.6684        66.0977
66.5362        66.0977
66.5064        66.0977
66.635        66.0977
66.6482        66.0977
66.4553        66.0977
66.9017        66.0977
66.5798        66.0977
66.567        66.0977
66.6346        66.0977
66.7451        66.0977
67.0719        66.0977
66.4777        66.0977
66.6981        66.0977
66.7354        66.0977
66.9791        66.0977
67.0697        66.0977
66.516        66.0977
67.0332        66.0977
66.7213        66.0977
66.6955        66.0977
66.9454        66.0977
66.7804        66.0977
67.2598        66.0977
67.2814        66.0977
66.8048        66.0977
66.9515        66.0977
66.95        66.0977
67.3116        66.0977
66.9602        66.0977
67.0237        66.0977
67.1449        66.0977
66.9495        66.0977
66.8552        66.0977
66.574        66.0977
66.7879        66.0977
66.9199        66.0977
66.8205        66.0977
67.0756        66.0977
66.4664        66.0977
67.112        66.0977
66.9569        66.0977
67.0656        66.0977
66.8116        66.0977
66.8126        66.0977
66.8102        66.0977
67.1609        66.0977
67.3542        66.0977
67.185        66.0977
66.986        66.0977
66.4332        66.0977
66.6176        66.0977
66.4711        66.0977
66.5162        66.0977
66.6957        66.0977
67.043        66.0977
67.086        66.0977
66.9224        66.0977
66.6975        66.0977
67.2394        66.0977
66.9755        66.0977
66.7266        66.0977
66.9111        66.0977
66.9518        66.0977
66.9562        66.0977
67.2793        66.0977
67.1592        66.0977
67.0057        66.0977
67.3556        66.0977
66.9348        66.0977
67.4106        66.0977
67.098        66.0977
66.9204        66.0977
66.6701        66.0977
66.7762        66.0977
66.9269        66.0977
67.0165        66.0977
66.8117        66.0977
66.8144        66.0977
66.8641        66.0977
66.3846        66.0977
66.8486        66.0977
66.6888        66.0977
66.5138        66.0977
66.4462        66.0977
66.6599        66.0977
66.6217        66.0977
66.3744        66.0977
66.6        66.0977
66.4195        66.0977
66.3434        66.0977
66.5038        66.0977
66.9159        66.0977
67.16        66.0977
67.2913        66.0977
67.0921        66.0977
66.8589        66.0977
66.7379        66.0977
67.2043        66.0977
66.8745        66.0977
66.4824        66.0977
66.2993        66.0977
66.3289        66.0977
66.2402        66.0977
66.5361        66.0977
67.0447        66.0977
66.7883        66.0977
66.5163        66.0977
66.3849        66.0977
66.8375        66.0977
66.5185        66.0977
66.6029        66.0977
66.4007        66.0977
66.6206        66.0977
66.5062        66.0977
66.8175        66.0977
66.3401        66.0977
66.9428        66.0977
67.1185        66.0977
66.6115        66.0977
66.7444        66.0977
66.4869        66.0977
66.5771        66.0977
67.3035        66.0977
66.9883        66.0977
67.0219        66.0977
66.8933        66.0977
66.5658        66.0977
66.5497        66.0977
66.7471        66.0977
67.0381        66.0977
67.1042        66.0977
67.1348        66.0977
66.9896        66.0977
66.6636        66.0977
66.6191        66.0977
66.9949        66.0977
67.2822        66.0977
67.1955        66.0977
67.2041        66.0977
67.2108        66.0977
67.3261        66.0977
67.2464        66.0977
67.0064        66.0977
66.733        66.0977
66.3334        66.0977
66.8574        66.0977
66.8085        66.0977
67.0236        66.0977
67.1935        66.0977
67.0806        66.0977
66.566        66.0977
66.8476        66.0977
67.1231        66.0977
66.8456        66.0977
66.4958        66.0977
66.6703        66.0977
66.782        66.0977
67.0324        66.0977
66.7646        66.0977
66.7307        66.0977
66.8316        66.0977
66.9952        66.0977
66.4703        66.0977
67.126        66.0977
66.8465        66.0977
66.4527        66.0977
66.4587        66.0977
66.473        66.0977
66.6124        66.0977
66.1633        66.0977
66.3704        66.0977
66.2763        66.0977
66.4251        66.0977
66.3102        66.0977
66.3607        66.0977
66.349        66.0977
66.4        66.0977
66.4185        66.0977
66.4512        66.0977
66.6823        66.0977
67.3486        66.0977
67.1424        66.0977
66.6865        66.0977
66.8122        66.0977
66.9392        66.0977
66.8312        66.0977
67.0512        66.0977
66.5276        66.0977
66.5388        66.0977
66.9468        66.0977
66.7348        66.0977
66.83        66.0977
66.6474        66.0977
67.3458        66.0977
66.5908        66.0977
66.5909        66.0977
66.5051        66.0977
66.4993        66.0977
66.7891        66.0977
66.7664        66.0977
66.9433        66.0977
66.7564        66.0977
66.9507        66.0977
66.8056        66.0977
67.1227        66.0977
66.5571        66.0977
66.4508        66.0977
67.036        66.0977
66.7332        66.0977
66.9149        66.0977
67.0706        66.0977
66.8838        66.0977
66.7913        66.0977
66.4503        66.0977
66.4669        66.0977
66.9792        66.0977
67.236        66.0977
67.6824        66.0977
67.1906        66.0977
67.0087        66.0977
66.6118        66.0977
66.5478        66.0977
66.3        66.0977
66.6084        66.0977
66.5259        66.0977
66.5446        66.0977
66.9493        66.0977
67.1119        66.0977
66.6563        66.0977
67.281        66.0977
66.8642        66.0977
66.4813        66.0977
66.676        66.0977
66.6773        66.0977
66.9635        66.0977
67.2487        66.0977
67.5226        66.0977
66.9319        66.0977
66.4777        66.0977
66.4637        66.0977
66.9918        66.0977
67.0387        66.0977
66.3346        66.0977
66.8967        66.0977
67.1711        66.0977
67.1014        66.0977
66.8683        66.0977
66.5248        66.0977
66.6584        66.0977
66.885        66.0977
66.5403        66.0977
66.2938        66.0977
66.6268        66.0977
66.6158        66.0977
66.8169        66.0977
66.9436        66.0977
66.7169        66.0977
66.8195        66.0977
66.8198        66.0977
67.1644        66.0977
66.7236        66.0977
66.4139        66.0977
66.4573        66.0977
66.2804        66.0977
66.7063        66.0977
66.537        66.0977
66.4625        66.0977
66.5371        66.0977
67.0054        66.0977
66.8431        66.0977
66.9768        66.0977
67.4999        66.0977
66.7096        66.0977
66.8614        66.0977
66.5148        66.0977
66.7684        66.0977
67.0537        66.0977
66.8147        66.0977
66.5456        66.0977
66.6353        66.0977
66.8095        66.0977
66.9701        66.0977
66.6786        66.0977
66.5956        66.0977
66.4683        66.0977
66.3765        66.0977
66.7339        66.0977
66.8419        66.0977
67.0254        66.0977
66.8306        66.0977
66.6633        66.0977
66.737        66.0977
66.81        66.0977
66.5079        66.0977
66.4404        66.0977
66.6829        66.0977
66.4202        66.0977
66.8849        66.0977
67.075        66.0977
67.0835        66.0977
67.1539        66.0977
67.0336        66.0977
66.6758        66.0977
66.734        66.0977
66.645        66.0977
66.7699        66.0977
66.7754        66.0977
66.8447        66.0977
67.1108        66.0977
66.6701        66.0977
67.0102        66.0977
66.7558        66.0977
66.9166        66.0977
66.8399        66.0977
66.9925        66.0977
67.1513        66.0977
67.2102        66.0977
67.333        66.0977
67.39        66.0977
67.3702        66.0977
67.3511        66.0977
66.9604        66.0977
66.9158        66.0977
66.9365        66.0977
66.4739        66.0977
66.6042        66.0977
67.0219        66.0977
66.5105        66.0977
66.4363        66.0977
66.5842        66.0977
66.9639        66.0977
67.0446        66.0977
66.779        66.0977
67.103        66.0977
66.7905        66.0977
66.7442        66.0977
66.5559        66.0977
66.45        66.0977
66.4196        66.0977
66.7376        66.0977
67.3524        66.0977
66.6348        66.0977
66.3077        66.0977
66.5684        66.0977
67.1913        66.0977
66.8838        66.0977
67.2299        66.0977
66.5227        66.0977
66.5889        66.0977
66.4767        66.0977
66.6223        66.0977
66.6684        66.0977
66.5446        66.0977
66.3948        66.0977
66.6018        66.0977
66.2183        66.0977
66.446        66.0977
66.443        66.0977
66.5339        66.0977
66.9265        66.0977
66.9128        66.0977
67.0039        66.0977
66.9556        66.0977
66.7411        66.0977
66.5791        66.0977
66.5875        66.0977
66.8008        66.0977
67.087        66.0977
67.1861        66.0977
66.6634        66.0977
66.9343        66.0977
66.6497        66.0977
66.7835        66.0977
66.6452        66.0977
66.9045        66.0977
66.6525        66.0977
67.2984        66.0977
67.2325        66.0977
67.204        66.0977
67.3208        66.0977
66.8747        66.0977
66.6181        66.0977
66.6157        66.0977
66.7366        66.0977
66.8327        66.0977
66.5515        66.0977
66.3168        66.0977
66.4499        66.0977
66.3338        66.0977
66.7573        66.0977
66.46        66.0977
66.36        66.0977
66.454        66.0977
66.8774        66.0977
67.0633        66.0977
66.7435        66.0977
66.897        66.0977
66.8575        66.0977
67.0018        66.0977
66.6118        66.0977
66.6108        66.0977
66.8621        66.0977
67.0086        66.0977
66.9363        66.0977
66.87        66.0977
67.514        66.0977
67.3963        66.0977
67.0952        66.0977
66.7633        66.0977
67.0673        66.0977
66.9739        66.0977
67.0312        66.0977
66.9341        66.0977
67.0722        66.0977
67.2855        66.0977
66.571        66.0977
66.8666        66.0977
66.7249        66.0977
66.4327        66.0977
66.6806        66.0977
66.6288        66.0977
66.4738        66.0977
66.5057        66.0977
66.5        66.0977
66.601        66.0977
67.0721        66.0977
67.2515        66.0977
66.7618        66.0977
66.9321        66.0977
66.8437        66.0977
66.9723        66.0977
66.5812        66.0977
67.0977        66.0977
66.8461        66.0977
66.6464        66.0977
67.1469        66.0977
66.775        66.0977
66.7653        66.0977
66.506        66.0977
66.9023        66.0977
66.6797        66.0977
67.0131        66.0977
67.0029        66.0977
67.4134        66.0977
66.9378        66.0977
66.8973        66.0977
66.9968        66.0977
66.7175        66.0977
66.8132        66.0977
67.1267        66.0977
67.0641        66.0977
66.8701        66.0977
66.8645        66.0977
67.374        66.0977
67.7882        66.0977
67.2362        66.0977
67.1077        66.0977
67.2625        66.0977
67.5369        66.0977
67.4741        66.0977
66.8686        66.0977
66.455        66.0977
66.7205        66.0977
66.8354        66.0977
66.739        66.0977
66.5482        66.0977
66.6065        66.0977
66.6894        66.0977
66.8592        66.0977
66.7104        66.0977
66.6178        66.0977
66.7581        66.0977
66.9062        66.0977
66.8468        66.0977
66.4517        66.0977
66.7161        66.0977
66.2864        66.0977
66.4664        66.0977
66.4467        66.0977
66.7685        66.0977
66.6144        66.0977
66.8512        66.0977
66.7384        66.0977
66.541        66.0977
66.4545        66.0977
66.3494        66.0977
66.4431        66.0977
66.9082        66.0977
67.216        66.0977
66.7945        66.0977
66.5344        66.0977
66.5744        66.0977
66.7681        66.0977
66.5324        66.0977
66.7425        66.0977
66.8246        66.0977
66.9514        66.0977
66.6779        66.0977
67.2724        66.0977
67.19        66.0977
67.1413        66.0977
67.1746        66.0977
67.1045        66.0977
67.0442        66.0977
66.9393        66.0977
66.9772        66.0977
66.9614        66.0977
67.2506        66.0977
67.2798        66.0977
67.4948        66.0977
67.3198        66.0977
67.4805        66.0977
67.5601        66.0977
67.3709        66.0977
67.8041        66.0977
67.3453        66.0977
67.035        66.0977
67.0752        66.0977
66.718        66.0977
66.6743        66.0977
66.5112        66.0977
67.0469        66.0977
66.8535        66.0977
66.7946        66.0977
66.9272        66.0977
66.8682        66.0977
67.067        66.0977
66.9235        66.0977
66.9567        66.0977
66.6931        66.0977
66.6168        66.0977
66.7828        66.0977
66.7418        66.0977
66.8225        66.0977
66.4677        66.0977
66.7458        66.0977
67.0055        66.0977
66.4918        66.0977
66.817        66.0977
66.8363        66.0977
66.9116        66.0977
67.3476        66.0977
66.9649        66.0977
66.5985        66.0977
66.7138        66.0977
66.7135        66.0977
66.7833        66.0977
66.9208        66.0977
67.0097        66.0977
66.9972        66.0977
66.5914        66.0977
67.1171        66.0977
67.2917        66.0977
67.1688        66.0977
67.0431        66.0977
67.0473        66.0977
67.3703        66.0977
66.8688        66.0977
66.985        66.0977
66.4195        66.0977
66.4692        66.0977
66.7468        66.0977
66.6034        66.0977
66.4888        66.0977
66.7977        66.0977
67.3093        66.0977
67.3313        66.0977
67.411        66.0977
67.5373        66.0977
66.6606        66.0977
66.5754        66.0977
66.2751        66.0977
66.7113        66.0977
66.7017        66.0977
66.6674        66.0977
67.1756        66.0977
67.2406        66.0977
66.8368        66.0977
66.8817        66.0977
66.5512        66.0977
66.821        66.0977
66.9502        66.0977
66.8022        66.0977
66.41        66.0977
66.5738        66.0977
66.7337        66.0977
66.7603        66.0977
66.7833        66.0977
67.009        66.0977
66.9874        66.0977
66.8287        66.0977
66.901        66.0977
66.4662        66.0977
66.5699        66.0977
67.1577        66.0977
66.9624        66.0977
67.0401        66.0977
67.0872        66.0977
66.5583        66.0977
66.5736        66.0977
66.3087        66.0977
66.5257        66.0977
66.5988        66.0977
66.9712        66.0977
66.8612        66.0977
66.6286        66.0977
67.0768        66.0977
67.4851        66.0977
67.3572        66.0977
67.0219        66.0977
66.9531        66.0977
66.9271        66.0977
66.7653        66.0977
66.8222        66.0977
66.503        66.0977
66.3508        66.0977
66.3179        66.0977
66.5023        66.0977
67.0134        66.0977
66.9385        66.0977
66.7099        66.0977
66.4376        66.0977
66.7185        66.0977
66.4852        66.0977
66.6488        66.0977
66.7182        66.0977
67.0746        66.0977
66.7904        66.0977
66.9614        66.0977
67.079        66.0977
66.6047        66.0977
67.0085        66.0977
67.0616        66.0977
67.3638        66.0977
66.8204        66.0977
67.2382        66.0977
66.9728        66.0977
66.6472        66.0977
66.4546        66.0977
66.8626        66.0977
67.0421        66.0977
66.6804        66.0977
66.8417        66.0977
66.8866        66.0977
67.1619        66.0977
66.6297        66.0977
66.728        66.0977
66.7589        66.0977
67.0629        66.0977
67.3596        66.0977
67.4541        66.0977
66.9054        66.0977
66.8979        66.0977
66.662        66.0977
66.6804        66.0977
66.7146        66.0977
66.6236        66.0977
66.924        66.0977
66.7081        66.0977
66.7661        66.0977
66.9242        66.0977
66.8984        66.0977
66.7082        66.0977
66.7512        66.0977
66.5959        66.0977
66.4403        66.0977
66.4969        66.0977
66.7569        66.0977
66.4929        66.0977
66.5801        66.0977
66.6681        66.0977
66.6453        66.0977
67.3395        66.0977
66.9733        66.0977
66.8993        66.0977
66.7294        66.0977
67.0267        66.0977
67.199        66.0977
66.748        66.0977
66.6955        66.0977
66.5826        66.0977
66.459        66.0977
66.4445        66.0977
66.5344        66.0977
66.6837        66.0977
66.9925        66.0977
67.0033        66.0977
66.8304        66.0977
67.0973        66.0977
66.9844        66.0977
66.9714        66.0977
66.9943        66.0977
66.6499        66.0977
66.495        66.0977
66.7833        66.0977
66.9505        66.0977
66.7162        66.0977
67.0009        66.0977
66.701        66.0977
66.915        66.0977
67.1815        66.0977
66.9386        66.0977
66.863        66.0977
67.0838        66.0977
66.9903        66.0977
67.0503        66.0977
66.6155        66.0977
66.7806        66.0977
66.9991        66.0977
67.8861        66.0977
67.2125        66.0977
66.7153        66.0977
66.5735        66.0977
66.735        66.0977
66.5122        66.0977
66.3521        66.0977
66.5717        66.0977
66.8969        66.0977
66.5838        66.0977
66.6224        66.0977
66.9262        66.0977
66.9504        66.0977
66.936        66.0977
67.8415        66.0977
67.1964        66.0977
66.7658        66.0977
66.606        66.0977
66.7887        66.0977
66.446        66.0977
66.8041        66.0977
67.0373        66.0977
66.9191        66.0977
66.6447        66.0977
67.3222        66.0977
67.1551        66.0977
66.8558        66.0977
66.9858        66.0977
66.555        66.0977
66.2081        66.0977
66.5146        66.0977
66.6578        66.0977
66.5268        66.0977
66.5661        66.0977
66.4654        66.0977
66.6306        66.0977
66.7503        66.0977
66.7805        66.0977
66.8961        66.0977
66.6678        66.0977
66.3783        66.0977
66.2691        66.0977
66.2232        66.0977
66.4259        66.0977
66.8424        66.0977
66.9769        66.0977
67.227        66.0977
67.4623        66.0977
66.596        66.0977
67.3473        66.0977
67.4263        66.0977
67.507        66.0977
67.062        66.0977
67.1082        66.0977
66.5907        66.0977
66.5874        66.0977
66.9812        66.0977
66.4452        66.0977
66.93        66.0977
67.4573        66.0977
66.8764        66.0977
66.5663        66.0977
66.4823        66.0977
66.5018        66.0977
67.0546        66.0977
66.989        66.0977
66.7024        66.0977
66.5324        66.0977
66.532        66.0977
67.2301        66.0977
66.7485        66.0977
66.9982        66.0977
66.9519        66.0977
66.8128        66.0977
66.6648        66.0977
66.9957        66.0977
66.798        66.0977
66.5726        66.0977
66.4839        66.0977
66.5665        66.0977
66.702        66.0977
66.8912        66.0977
66.7528        66.0977
67.3269        66.0977
66.9162        66.0977
67.0634        66.0977
66.9133        66.0977
67.4766        66.0977
67.2562        66.0977
66.4134        66.0977
66.4676        66.0977
66.9632        66.0977
66.8706        66.0977
66.513        66.0977
66.7223        66.0977
66.7705        66.0977
66.6711        66.0977
66.6061        66.0977
66.8413        66.0977
66.7954        66.0977
67.0796        66.0977
66.7501        66.0977
66.8757        66.0977
66.8709        66.0977
67.1819        66.0977
66.5227        66.0977
66.5147        66.0977
66.5763        66.0977
66.6856        66.0977
66.3661        66.0977
66.5395        66.0977
66.962        66.0977
66.7596        66.0977
66.7058        66.0977
66.5932        66.0977
66.9636        66.0977
66.8702        66.0977
67.3591        66.0977
66.8234        66.0977
66.9699        66.0977
66.7466        66.0977
66.7613        66.0977
66.7655        66.0977
66.5038        66.0977
66.8167        66.0977
67.0707        66.0977
66.7828        66.0977
66.8249        66.0977
66.6864        66.0977
67.0601        66.0977
67.1809        66.0977
67.0218        66.0977
66.8098        66.0977
66.5666        66.0977
66.6083        66.0977
66.9745        66.0977
66.8549        66.0977
66.4619        66.0977
66.7402        66.0977
66.5863        66.0977
66.4878        66.0977
66.3659        66.0977
66.717        65.1879
66.2122        65.1879
66.0865        65.1879
66.0789        65.1879
65.8889        65.1879
65.6687        65.1879
65.5384        65.1879
66.0455        65.1879
65.704        65.1879
66.0131        65.1879
66.0205        65.1879
66.0024        65.1879
65.802        65.1879
65.9377        65.1879
65.8956        65.1879
65.9014        65.1879
65.9118        65.1879
66.1127        65.1879
66.1157        65.1879
66.3293        65.1879
66.3371        65.1879
66.3435        65.1879
66.2992        65.1879
66.1231        65.1879
66.215        65.1879
65.7848        65.1879
65.9185        65.1879
65.8542        65.1879
65.7146        65.1879
66.1304        65.1879
66.0604        65.1879
65.5614        65.1879
65.6195        65.1879
65.5674        65.1879
65.7142        65.1879
66.1143        65.1879
66.0865        65.1879
66.4422        65.1879
66.1106        65.1879
66.0991        65.1879
66.0572        65.1879
65.7145        65.1879
66.1484        65.1879
65.9415        65.1879
65.8356        65.1879
65.6726        65.1879
65.555        65.1879
65.6502        65.1879
66.2348        65.1879
66.2179        65.1879
65.8825        65.1879
65.6897        65.1879
65.6516        65.1879
65.4489        65.1879
65.6682        65.1879
65.7279        65.1879
65.8219        65.1879
66.2365        65.1879
66.583        65.1879
66.0822        65.1879
66.1642        65.1879
65.6128        65.1879
65.7228        65.1879
65.5575        65.1879
65.8134        65.1879
65.9553        65.1879
65.8994        65.1879
65.761        65.1879
66.1748        65.1879
66.2528        65.1879
66.1997        65.1879
66.2431        65.1879
65.8421        65.1879
65.5466        65.1879
65.4383        65.1879
65.9036        65.1879
66.0197        65.1879
65.7481        65.1879
65.7266        65.1879
65.9092        65.1879
65.8431        65.1879
65.8411        65.1879
66.0303        65.1879
65.9148        65.1879
65.5947        65.1879
65.5072        65.1879
65.5971        65.1879
65.7977        65.1879
65.7825        65.1879
65.7432        65.1879
66.0353        65.1879
65.9164        65.1879
66.1626        65.1879
66.3773        65.1879
65.7853        65.1879
65.6661        65.1879
65.9255        65.1879
65.988        65.1879
66.2438        65.1879
66.5717        65.1879
65.8673        65.1879
65.5448        65.1879
65.5056        65.1879
65.7169        65.1879
65.8824        65.1879
65.8487        65.1879
65.7606        65.1879
65.7176        65.1879
65.88        65.1879
66.0032        65.1879
66.3166        65.1879
65.9762        65.1879
65.7281        65.1879
66.3077        65.1879
66.1164        65.1879
65.866        65.1879
65.8526        65.1879
66.1588        65.1879
66.4084        65.1879
65.9896        65.1879
66.2631        65.1879
66.5032        65.1879
66.4284        65.1879
66.3618        65.1879
66.0531        65.1879
66.1725        65.1879
66.0131        65.1879
65.6777        65.1879
65.8175        65.1879
65.5504        65.1879
65.8256        65.1879
65.6151        65.1879
65.3232        65.1879
65.4381        65.1879
65.9971        65.1879
65.9466        65.1879
66.0092        65.1879
65.8665        65.1879
65.4829        65.1879
65.6827        65.1879
65.6819        64.8528
65.6985        64.8528
65.7736        64.8528
65.5344        64.8528
65.338        64.8528
65.3938        64.8528
65.0607        64.8528
65.1792        64.8528
65.0667        64.8528
65.4331        64.8528
65.4661        64.8528
65.5301        64.8528
65.7421        64.8528
65.5829        64.8528
66.252        64.8528
66.2028        64.8528
65.7592        64.8528
65.5712        64.8528
65.5867        64.8528
65.2643        64.8528
65.4129        64.8528
65.5723        64.8528
65.7069        64.8528
66.1667        64.8528
65.7369        64.8528
66.2095        64.8528
65.8139        64.8528
65.5984        64.8528
65.3353        64.8528
65.6076        64.8528
65.8277        64.8528
65.6867        64.8528
65.4261        64.8528
65.4059        64.8528
65.4628        64.8528
65.953        64.8528
65.5506        64.8528
65.3077        64.8528
65.0819        64.8528
65.1654        64.8528
65.127        64.8528
65.5023        64.8528
65.3955        64.8528
65.1021        64.8528
65.1447        64.8528
65.5321        64.8528
65.3675        64.8528
65.1117        64.8528
65.3084        64.8528
65.379        64.8528
65.2231        64.8528
65.352        64.8528
65.378        64.8528
65.7282        64.8528
65.4099        64.8528
65.3285        64.8528
65.4064        64.8528
65.4354        64.8528
65.2513        64.8528
65.3062        64.8528
65.1868        64.8528
65.4475        64.8528
65.3633        64.8528
66.063        64.8528
65.6532        64.8528
65.567        64.8528
65.9288        64.8528
65.5216        64.8528
65.3297        64.8528
65.1507        64.8528
65.1574        64.8528
65.3276        64.8528
65.1831        64.8528
65.5006        64.8528
65.5087        64.8528
65.6652        64.8528
65.6726        64.8528
65.5597        64.8528
65.8603        64.8528
65.7034        64.8528
65.7938        64.8528
65.422        64.8528
65.3299        64.8528
65.4398        64.8528
65.6138        64.8528
65.8497        64.8528
65.3505        64.8528
65.434        64.8528
65.5019        64.8528
65.2692        64.8528
65.6351        64.8528
65.8119        64.8528
65.6713        64.8528
65.571        64.8528
65.9328        64.8528
66.0699        64.8528
65.6141        64.8528
65.7469        64.8528
65.4168        64.8528
65.5259        64.8528
65.6463        64.8528
65.4529        64.8528
65.3461        64.8528
65.5652        64.8528
65.7182        64.8528
65.7985        64.8528
66.046        64.8528
65.512        64.8528
65.5071        64.8528
65.5474        64.8528
65.6084        64.8528
65.6823        64.8528
65.5214        64.8528
65.8242        64.8528
65.1737        64.8528
65.1622        64.8528
65.4885        64.8528
65.6939        64.8528
65.5881        64.8528
66.0969        64.8528
66.2342        64.8528
65.7691        64.8528
65.509        64.8528
65.2099        64.8528
65.0499        64.8528
64.9893        64.8528
65.4468        64.8528
65.6627        64.8528
65.361        64.8528
65.2508        64.8528
65.1431        64.8528
65.1986        64.8528
65.1045        64.8528
65.2503        64.8528
65.2686        64.8528
65.3446        64.8528
65.3332        64.8528
65.4476        64.8528
65.6011        64.8528
65.377        64.8528
65.4998        64.8528
65.2936        64.8528
65.6493        64.8528
65.2037        64.8528
65.1097        64.8528
65.5926        64.8528
65.4133        64.8528
65.2904        64.8528
65.5185        64.8528
65.5362        64.8528
65.2866        64.8528
65.0224        64.8528
65.1032        64.8528
65.6259        64.8528
65.5226        64.8528
65.5559        64.8528
65.7067        64.8528
65.6115        64.8528
65.7535        64.8528
65.6284        64.8528
65.7235        64.8528
65.8408        64.8528
65.4395        64.8528
65.2579        64.8528
65.5464        64.8528
65.6543        64.8528
65.7354        64.8528
66.0241        64.8528
65.8367        64.8528
66.1286        64.8528
65.8104        64.8528
65.0975        64.8528
65.322        64.8528
65.2466        64.8528
65.2647        64.8528
65.33        64.8528
65.5614        64.8528
65.5893        64.8528
65.4244        64.8528
65.4749        64.8528
65.1808        64.8528
65.1174        64.8528
65.2764        64.8528
65.4215        64.8528
65.5536        64.8528
65.5568        64.8528
65.3789        64.8528
65.3857        64.8528
65.6684        64.8528
65.7797        64.8528
66.0271        64.8528
65.686        64.8528
65.8365        64.8528
65.8475        64.8528
65.7205        64.8528
65.1799        64.8528
65.2473        64.8528
65.8043        64.8528
66.2185        64.8528
65.8784        64.8528
65.659        64.8528
65.5638        64.8528
65.7239        64.8528
65.815        64.8528
65.8268        64.8528
65.4253        64.8528
65.6356        64.8528
66.0589        64.8528
66.4024        64.8528
66.1667        64.8528
65.9718        64.8528
65.3869        64.8528
65.7259        64.8528
65.5012        64.8528
65.7985        64.8528
65.3362        64.8528
65.851        64.8528
65.6679        64.8528
65.5924        64.8528
65.4072        64.8528
65.1688        64.8528
65.4596        64.8528
65.6517        64.8528
65.4543        64.8528
65.3976        64.8528
65.4804        64.8528
65.4342        64.8528
65.5098        64.8528
65.7654        64.8528
65.7524        64.8528
65.4927        64.8528
65.9262        64.8528
65.8024        64.8528
65.4599        64.8528
65.8568        64.8528
65.7965        64.8528
65.8685        64.8528
65.6866        64.8528
65.6068        64.8528
65.3915        64.8528
65.345        64.8528
65.641        64.8528
65.75        64.8528
65.6108        64.8528
65.7082        64.8528
65.7056        64.8528
65.5236        64.8528
65.3766        64.8528
65.3243        64.8528
65.3314        64.8528
65.439        64.8528
65.1608        64.8528
65.0578        64.8528
65.5614        64.8528
65.6482        64.8528
65.6685        64.8528
65.479        64.8528
65.2932        64.8528
65.661        64.8528
65.7997        64.8528
65.3631        64.8528
65.3541        64.8528
65.3479        64.8528
65.5898        64.8528
65.5635        64.8528
65.3317        64.8528
65.5451        64.8528
65.3968        64.8528
65.5993        64.8528
65.7564        64.8528
65.4463        64.8528
65.5097        64.8528
65.6637        64.8528
65.5799        64.8528
65.2199        64.8528
65.8011        64.8528
65.9475        64.8528
65.7127        64.8528
65.6207        64.8528
65.7247        64.8528
65.4785        64.8528
65.4744        64.8528
66.1612        64.8528
65.734        64.8528
65.5406        64.8528
65.4782        64.8528
65.5674        64.8528
65.3864        64.8528
65.3118        64.8528
65.1988        64.8528
65.4908        64.8528
65.4498        64.8528
65.426        64.8528
65.4233        64.8528
65.9218        64.8528
65.3246        64.8528
65.6395        64.8528
65.894        64.8528
65.3694        64.8528
65.4835        64.8528
65.3098        64.8528
65.4807        64.8528
65.673        64.8528
65.4906        64.8528
65.3176        64.8528
65.5277        64.8528
65.2729        64.8528
65.2152        64.8528
65.2996        64.8528
65.4212        64.8528
65.8944        64.8528
65.5947        64.8528
65.7189        64.8528
65.7297        64.8528
65.6288        64.8528
65.7432        64.8528
65.7675        64.8528
66.1413        64.8528
65.4773        64.8528
65.6774        64.8528
65.6396        64.8528
65.4945        64.8528
65.4278        64.8528
65.5504        64.8528
65.6592        64.8528
65.3109        64.8528
65.0284        64.8528
65.4095        64.8528
65.1971        64.8528
65.3948        64.8528
65.5085        64.8528
65.6627        64.8528
65.5506        64.8528
65.5249        64.8528
66.3085        64.8528
65.6718        64.8528
65.2234        64.8528
65.3419        64.8528
65.7103        64.8528
65.3842        64.8528
65.1548        64.8528
65.321        64.8528
65.7607        64.8528
65.827        64.8528
65.314        64.8528
65.4223        64.8528
65.4852        64.8528
65.5766        64.8528
65.3248        64.8528
65.7043        64.8528
65.5555        64.8528
65.5676        64.8528
65.6978        64.8528
66.0651        64.8528
65.6816        64.8528
65.6954        64.8528
65.6892        64.8528
65.4885        64.8528
65.244        64.8528
65.3589        64.8528
65.5309        64.8528
65.5047        64.8528
65.3914        64.8528
65.1338        64.8528
65.0005        64.8528
65.0712        64.8528
65.1498        64.8528
65.3127        64.8528
65.6259        64.8528
65.3291        64.8528
65.2806        64.8528
65.1926        64.8528
65.1693        64.8528
65.1083        64.8528
65.4175        64.8528
65.6753        64.8528
65.344        64.8528
65.1079        64.8528
65.3482        64.8528
65.4261        64.8528
65.3981        64.8528
65.7292        64.8528
65.3555        64.8528
65.2828        64.8528
65.3514        64.8528
65.7841        64.8528
66.425        64.8528
65.9601        64.8528
65.4887        64.8528
65.9447        64.8528
65.5513        64.8528
65.4167        64.8528
65.3534        64.8528
65.0379        64.8528
64.9167        64.8528
65.5933        64.8528
65.5447        64.8528
65.7903        64.8528
66.0573        64.8528
65.6921        64.8528
65.1667        64.8528
65.5178        64.8528
65.6487        64.8528
65.3521        64.8528
65.5049        64.8528
65.7658        64.8528
65.9233        64.8528
65.8595        64.8528
65.4123        64.8528
65.6091        64.8528
65.8149        64.8528
65.5877        64.8528
65.3961        64.8528
65.1014        64.8528
65.08        64.8528
65.1796        64.8528
65.4363        64.8528
65.4199        64.8528
65.3226        64.8528
65.8572        64.8528
65.3126        64.8528
65.7881        64.8528
65.6592        64.8528
65.6339        64.8528
65.7927        64.8528
65.6167        64.8528
65.758        64.8528
65.8162        64.8528
65.3982        64.8528
65.8543        64.8528
65.59        64.8528
65.2212        64.8528
65.2386        64.8528
65.2054        64.8528
65.5171        64.8528
65.5005        64.8528
65.5308        64.8528
65.7658        64.8528
66.5493        64.8528
66.0652        64.8528
66.3202        64.8528
65.9133        64.8528
65.4427        64.8528
65.0966        64.8528
65.2494        64.8528
65.2629        64.8528
65.4928        64.8528
65.5549        64.8528
65.576        64.8528
65.4915        64.8528
65.5376        64.8528
65.5684        64.8528
65.6102        64.8528
65.5641        64.8528
65.3054        64.8528
65.7644        64.8528
65.2989        64.8528
65.5032        64.8528
65.8299        64.8528
65.6727        64.8528
65.493        64.8528
65.6786        64.8528
65.6883        64.8528
65.557        64.8528
65.916        64.8528
65.9007        64.8528
65.9341        64.8528
65.6323        64.8528
65.3841        64.8528
65.4237        64.8528
65.0808        64.8528
65.5785        64.8528
65.6963        64.8528
65.582        64.8528
65.5987        64.8528
65.5187        64.8528
65.2089        64.8528
65.2069        64.8528
65.185        64.8528
65.4412        64.8528
65.6012        64.8528
66.0808        64.8528
65.448        64.8528
65.2327        64.8528
65.3677        64.8528
65.6975        64.8528
66.1403        64.8528
65.8493        64.8528
65.5675        64.8528
65.5843        64.8528
65.3481        64.8528
65.6066        64.8528
65.4843        64.8528
65.7868        64.8528
65.6342        64.8528
65.6637        64.8528
65.6303        64.8528
65.593        64.8528
65.7036        64.8528
65.9428        64.8528
65.6783        64.8528
65.9712        64.8528
65.3621        64.8528
65.2915        64.8528
65.5799        64.8528
65.6984        64.8528
65.2691        64.8528
65.378        64.8528
65.4691        64.8528
65.3745        64.8528
65.7469        64.8528
65.6921        64.8528
65.3665        64.8528
65.0829        64.8528
65.1933        64.8528
65.4653        64.8528
65.6187        64.8528
66.0109        64.8528
65.7446        64.8528
66.1782        64.8528
65.5943        64.8528
65.7338        64.8528
65.3624        64.8528
65.1626        64.8528
65.7426        64.8528
65.5913        64.8528
65.3825        64.8528
65.2003        64.8528
65.3098        64.8528
65.7095        64.8528
66.0853        64.8528
66.0492        64.8528
66.1585        64.8528
66.0424        64.8528
65.7188        64.8528
65.5431        64.8528
65.4778        64.8528
65.4997        64.8528
65.82        64.8528
65.3599        64.8528
65.6388        64.8528
65.4432        64.8528
65.3005        64.8528
65.5757        64.8528
65.6594        64.8528
65.5654        64.8528
65.6798        64.8528
65.695        64.8528
65.8027        64.8528
65.6321        64.8528
65.9325        64.8528
65.6297        64.8528
65.6152        64.8528
65.4869        64.8528
65.5319        64.8528
65.5852        64.8528
66.032        64.8528
65.7013        64.8528
65.6586        64.8528
65.4461        64.8528
65.5858        64.8528
65.5969        64.8528
65.651        64.8528
65.4995        64.8528
65.683        64.8528
65.5632        64.8528
65.3432        64.8528
65.3548        64.8528
65.4497        64.8528
65.5275        64.8528
65.4566        64.8528
66.0319        64.8528
65.8297        64.8528
65.4177        64.8528
65.3807        64.8528
65.3861        64.8528
65.352        64.8528
65.5818        64.8528
65.5442        64.8528
65.6338        64.8528
65.3034        64.8528
65.1827        64.8528
65.2536        64.8528
65.5313        64.8528
65.3662        64.8528
65.3799        64.8528
65.4954        64.8528
65.7004        64.8528
66.8998        64.8528
66.6019        64.8528
65.9509        64.8528
65.574        64.8528
65.4623        64.8528
65.4817        64.8528
65.4698        64.8528
65.604        64.8528
65.9989        64.8528
65.6286        64.8528
66.4145        64.8528
65.5413        64.8528
65.5736        64.8528
65.1513        64.8528
65.6906        64.8528
65.6991        64.8528
65.6918        64.8528
65.7843        64.8528
65.6854        64.8528
65.7986        64.8528
65.7502        64.8528
65.7752        64.8528
65.6937        64.8528
65.8927        64.8528
65.4305        64.8528
65.4079        64.8528
65.7043        64.8528
65.5171        64.8528
66.0654        64.8528
66.005        64.8528
66.0404        64.8528
65.2742        64.8528
65.202        64.8528
65.3555        64.8528
65.9618        64.8528
65.4761        64.8528
65.6254        64.8528
65.4838        64.8528
65.402        64.8528
65.8116        64.8528
65.667        64.8528
65.4626        64.8528
65.4321        64.8528
65.5529        64.8528
65.5883        64.8528
65.8513        64.8528
65.8039        64.8528
66.0357        64.8528
65.4143        64.8528
66.0434        64.8528
65.6192        64.8528
65.543        64.8528
65.5044        64.8528
65.7125        64.8528
66.0243        64.8528
65.8419        64.8528
66.1125        64.8528
65.5699        64.8528
65.3298        64.8528
65.5414        64.8528
65.3666        64.8528
65.6982        64.8528
65.5313        64.8528
65.6182        64.8528
65.5988        64.8528
65.3774        64.8528
65.65        64.8528
65.3208        64.8528
65.2463        64.8528
65.5909        64.8528
65.7        64.8528
65.4838        64.8528
65.1674        64.8528
65.5548        64.8528
65.5026        64.8528
65.4692        64.8528
65.2559        64.8528
65.5848        64.8528
65.6067        64.8528
65.654        64.8528
65.2694        64.8528
65.7143        64.8528
65.9636        64.8528
65.8358        64.8528
65.9062        64.8528
65.2337        64.8528
65.6525        64.8528
65.8512        64.8528
65.8177        64.8528
65.3237        64.8528
65.4196        64.8528
65.3591        64.8528
65.3821        64.8528
65.5091        64.8528
64.9921        64.8528
65.2223        64.8528
65.3247        64.8528
65.4887        64.8528
65.5769        64.8528
65.7286        64.8528
65.8292        64.8528
65.6671        64.8528
65.575        64.8528
65.7834        64.8528
65.7381        64.8528
65.4683        64.8528
65.3536        64.8528
65.3805        64.8528
65.3011        64.8528
65.8606        64.8528
65.393        64.8528
65.6553        64.8528
65.1688        64.8528
65.3659        64.8528
65.2952        64.8528
65.4082        64.8528
65.5449        64.8528
65.5144        64.8528
65.2949        64.8528
65.2771        64.8528
65.3571        64.8528
65.6266        64.8528
65.8982        64.8528
66.1587        64.8528
65.7132        64.8528
65.9749        64.8528
65.8004        64.8528
65.779        64.8528
65.7025        64.8528
65.6306        64.8528
65.7607        64.8528
65.2968        64.8528
65.3641        64.8528
65.5537        64.8528
65.5999        64.8528
65.4458        64.8528
65.3375        64.8528
65.2356        64.8528
65.2474        64.8528
65.1344        64.8528
65.6412        64.8528
65.3251        64.8528
65.4524        64.8528
65.5735        64.8528
65.8894        64.8528
65.5889        64.8528
65.3318        64.8528
65.1395        64.8528
65.3094        64.8528
65.5525        64.8528
65.4836        64.8528
65.9099        64.8528
65.8678        64.8528
65.7874        64.8528
65.4104        64.8528
65.6663        64.8528
65.2918        64.8528
65.2506        64.8528
65.3102        64.8528
65.4224        64.8528
65.6061        64.8528
65.7401        64.8528
66.0059        64.8528
65.6993        64.8528
65.4248        64.8528
65.4833        64.8528
65.7222        64.8528
65.9773        64.8528
65.6837        64.8528
65.3738        64.8528
65.3963        64.8528
65.4179        64.8528
65.5745        64.8528
65.2852        64.8528
65.2659        64.8528
65.6809        64.8528
65.69        64.8528
65.3682        64.8528
65.9683        64.8528
66.0307        64.8528
65.6708        64.8528
65.6572        64.8528
65.8094        64.8528
66.1874        64.8528
66.2436        64.8528
66.2343        64.8528
65.9772        64.8528
65.795        64.8528
65.9104        64.8528
65.3594        64.8528
65.5576        64.8528
65.4914        64.8528
65.1926        64.8528
65.348        64.8528
65.5897        64.8528
65.5134        64.8528
65.3368        64.8528
65.6369        64.8528
65.5239        64.8528
65.6044        64.8528
65.3956        64.8528
65.3449        64.8528
65.7666        64.8528
65.5559        64.8528
65.3336        64.8528
65.3212        64.8528
65.482        64.8528
65.4567        64.8528
65.5962        64.8528
65.5382        64.8528
65.7751        64.8528
65.6276        64.8528
65.518        64.8528
65.5892        64.8528
65.7662        64.8528
65.737        64.8528
65.6462        64.8528
66.014        64.8528
65.8017        64.8528
65.4488        64.8528
65.9159        64.8528
65.7218        64.8528
65.1462        64.8528
65.7621        64.8528
65.3784        64.8528
65.2798        64.8528
65.4891        64.8528
65.5859        64.8528
65.4998        64.8528
65.2172        64.8528
65.4375        64.8528
65.3744        64.8528
65.2043        64.8528
65.4953        64.8528
65.647        64.8528
65.5        64.8528
65.5395        64.8528
65.3691        64.8528
65.5613        64.8528
65.4971        64.8528
66.0829        64.8528
65.7201        64.8528
66.5057        64.8528
66.0479        64.8528
65.6125        64.8528
66.028        64.8528
66.1953        64.8528
66.2465        64.8528
65.9843        64.8528
65.514        64.8528
65.7483        64.8528
66.4979        64.8528
66.1115        64.8528
65.993        64.8528
65.7793        64.8528
66.3789        64.8528
66.0812        64.8528
65.7247        64.8528
65.3648        64.8528
65.2944        64.8528
65.3841        64.8528
65.0792        64.8528
65.5987        64.8528
65.1402        64.8528
65.0147        64.8528
65.4559        64.8528
65.3931        64.8528
65.5782        64.8528
65.5072        64.8528
65.7617        64.8528
65.8035        64.8528
66.033        64.8528
65.5787        64.8528
65.9455        64.8528
65.1293        64.8528
65.4614        64.8528
65.1609        64.8528
65.5219        64.8528
65.2048        64.8528
65.6742        64.8528
65.6177        64.8528
65.7331        64.8528
65.3844        64.8528
65.7609        64.8528
65.7674        64.8528
65.6744        64.8528
65.5944        64.8528
65.731        64.8528
65.8951        64.8528
65.3523        64.8528
65.3575        64.8528
65.487        64.8528
65.37        64.8528
65.2397        64.8528
65.3314        64.8528
65.0926        64.8528
65.2512        64.8528
65.6578        64.8528
65.4923        64.8528
65.3784        64.8528
65.3136        64.8528
65.7276        64.8528
65.8911        64.8528
65.8279        64.8528
65.5068        64.8528
65.7927        64.8528
65.4019        64.8528
65.6846        64.8528
65.5433        64.8528
65.764        64.8528
65.4331        64.8528
65.7903        64.8528
65.9375        64.8528
65.7968        64.8528
66.2296        64.8528
66.299        64.8528
65.39        64.8528
65.529        64.8528
65.6407        64.8528
65.9568        64.8528
65.9327        64.8528
65.9042        64.8528
65.2774        64.8528
65.5819        64.8528
65.6319        64.8528
65.8378        64.8528
65.3109        64.8528
65.1875        64.8528
65.0875        64.8528
65.2681        64.8528
65.6127        64.8528
65.5559        64.8528
65.5328        64.8528
65.5574        64.8528
65.3002        64.8528
65.3109        64.8528
65.4592        64.8528
65.7199        64.8528
65.1809        64.8528
65.4531        64.8528
65.4791        64.8528
65.5138        64.8528
65.5358        64.8528
65.9273        64.8528
65.6241        64.8528
65.2171        64.8528
65.4719        64.8528
65.4194        64.8528
65.5744        64.8528
65.3899        64.8528
65.39        64.8528
65.372        64.8528
65.6025        64.8528
65.2951        64.8528
65.3359        64.8528
65.2311        64.8528
65.3391        64.8528
65.1309        64.8528
65.3415        64.8528
65.4073        64.8528
65.6997        64.8528
65.6726        64.8528
65.8182        64.8528
65.6162        64.8528
65.4401        64.8528
65.2871        64.8528
65.4102        64.8528
65.1079        64.8528
65.3412        64.8528
65.3142        64.8528
65.4807        64.8528
65.6656        64.8528
65.6089        64.8528
65.4051        64.8528
65.4531        64.8528
65.3443        64.8528
65.6408        64.8528
65.7354        64.8528
65.3413        64.8528
65.6887        64.8528
65.3941        64.8528
65.6915        64.8528
65.966        64.8528
66.0532        64.8528
65.7175        64.8528
65.9892        64.8528
65.8642        64.8528
65.7168        64.8528
65.702        64.8528
65.5531        64.8528
65.305        64.8528
65.1874        64.8528
65.3818        64.8528
65.4977        64.8528
65.4994        64.8528
65.7382        64.8528
65.59        64.8528
65.4678        64.8528
65.4466        64.8528
65.3295        64.8528
65.3904        64.8528
65.4176        64.8528
65.2859        64.8528
65.443        64.8528
65.0132        64.8528
65.137        64.8528
65.5646        64.8528
65.7447        64.8528
65.6314        64.8528
65.54        64.8528
66.0094        64.8528
65.6768        64.8528
65.4844        64.8528
65.3674        64.8528
65.2162        64.8528
66.0007        64.8528
66.0061        64.8528
66.029        64.8528
65.9383        64.8528
65.8271        64.8528
65.575        64.8528
65.6586        64.8528
65.5633        64.8528
65.3402        64.8528
65.6789        64.8528
65.9359        64.8528
65.782        64.8528
65.9009        64.8528
65.7253        64.8528
65.5589        64.8528
65.7167        64.8528
65.6274        64.8528
65.6165        64.8528
65.591        64.8528
65.5545        64.8528
66.2401        64.8528
66.0379        64.8528
65.7813        64.8528
65.8506        64.8528
65.6621        64.8528
66.2016        64.8528
65.9095        64.8528
65.6183        64.8528
65.3142        64.8528
65.2456        64.8528
65.7008        64.8528
65.6663        64.8528
65.4622        64.8528
65.5277        64.8528
65.6927        64.8528
65.628        64.8528
65.341        64.8528
65.4671        64.8528
65.721        64.8528
65.6598        64.8528
65.6005        64.8528
65.5827        64.8528
65.3889        64.8528
65.1396        64.8528
65.288        64.8528
65.1977        64.8528
65.2398        64.8528
65.5417        64.8528
65.5811        64.8528
65.1571        64.8528
65.3011        64.8528
65.3401        64.8528
65.4846        64.8528
65.4016        64.8528
66.0984        64.8528
65.6475        64.8528
65.226        64.8528
65.2755        64.8528
65.4508        64.8528
65.7885        64.8528
65.5407        64.8528
65.4036        64.8528
65.5522        64.8528
65.492        64.8528
65.5424        64.8528
65.4004        64.8528
65.3339        64.8528
65.264        64.8528
65.4231        64.8528
65.2536        64.8528
65.4175        64.8528
65.6202        64.8528
65.2472        64.8528
65.6439        64.8528
65.3704        64.8528
65.1468        64.8528
65.6629        64.8528
65.2935        64.8528
65.1621        64.8528
65.1195        64.8528
65.2257        64.8528
65.0563        64.8528
64.9567        64.8528
65.1027        64.8528
65.6861        64.8528
66.0986        64.8528
65.6888        64.8528
65.4836        64.8528
65.2385        64.8528
65.3452        64.8528
65.6087        64.8528
65.8918        64.8528
66.0256        64.8528
65.5754        64.8528
65.0562        64.8528
65.3785        64.8528
65.5494        64.8528
65.4677        64.8528
65.4817        64.8528
65.2637        64.8528
66.018        64.8528
65.6172        64.8528
65.2745        64.8528
65.5295        64.8528
65.4229        64.8528
65.4056        64.8528
65.3762        64.8528
65.3995        64.8528
65.404        64.8528
65.4951        64.8528
65.4852        64.8528
65.4475        64.8528
65.3709        64.8528
65.3927        64.8528
65.6418        64.8528
65.4087        64.8528
65.3214        64.8528
65.5844        64.8528
65.4983        64.8528
65.3361        64.8528
65.5105        64.8528
65.4536        64.8528
65.1996        64.8528
65.4602        64.8528
65.5886        64.8528
65.6368        64.8528
65.9663        64.8528
66.2906        64.8528
65.61        64.8528
65.6506        64.8528
65.4864        64.8528
65.2995        64.8528
65.0102        64.8528
65.2264        64.8528
65.5262        64.8528
65.474        64.8528
65.495        64.8528
65.613        64.8528
65.6179        64.8528
65.8067        64.8528
65.3679        64.8528
65.4511        64.8528
65.6002        64.8528
65.6714        64.8528
65.8696        64.8528
65.745        64.8528
65.4861        64.8528
65.5412        64.8528
65.5029        64.8528
65.4247        64.8528
65.3148        64.8528
65.4389        64.8528
65.1445        64.8528
65.4881        64.8528
66.0983        64.8528
65.9011        64.8528
65.7377        64.8528
65.4261        64.8528
65.8967        64.8528
65.6415        64.8528
65.3507        64.8528
65.2015        64.8528
65.2957        64.8528
65.7118        64.8528
65.7069        64.8528
65.3077        64.8528
65.3123        64.8528
65.5504        64.8528
65.4653        64.8528
65.6759        64.8528
66.1207        64.8528
66.0312        64.8528
66.0414        64.8528
65.7862        64.8528
65.9342        64.8528
65.4807        64.8528
65.4204        64.8528
65.2908        64.8528
65.377        64.8528
65.3969        64.8528
65.0987        64.8528
65.0758        64.8528
65.4492        64.8528
65.2293        64.8528
65.3882        64.8528
65.5044        64.8528
66.1368        64.8528
66.6437        64.8528
65.9945        64.8528
65.3028        64.8528
65.6822        64.8528
65.4145        64.8528
65.5455        64.8528
65.4957        64.8528
65.5153        64.8528
65.5508        64.8528
65.4669        64.8528
65.7235        64.8528
65.4953        64.8528
65.8386        64.8528
65.6583        64.8528
65.5238        64.8528
65.1461        64.8528
65.1235        64.8528
65.3285        64.8528
65.4033        64.8528
65.357        64.8528
65.3605        64.8528
65.3569        64.8528
65.5643        64.8528
65.4523        64.8528
65.4742        64.8528
65.2261        64.8528
65.3546        64.8528
65.5571        64.8528
65.4825        64.8528
65.2585        64.8528
65.486        64.8528
65.4495        64.8528
65.6076        64.8528
65.9062        64.8528
65.7698        64.8528
65.8823        64.8528
65.4208        64.8528
65.9484        64.8528
65.9736        64.8528
65.4353        64.8528
65.4105        64.8528
65.4429        64.8528
65.6815        64.8528
65.9665        64.8528
66.3265        64.8528
65.6497        64.8528
65.8008        64.8528
65.5787        64.8528
65.741        64.8528
65.7511        64.8528
65.94        64.8528
65.8229        64.8528
65.3255        64.8528
65.6456        64.8528
65.7906        64.8528
65.948        64.8528
65.9193        64.8528
65.2703        64.8528
65.9549        64.8528
65.6874        64.8528
65.3982        64.8528
65.3764        64.8528
66.3453        64.8528
65.8612        64.8528
66.0672        64.8528
65.8326        64.8528
65.6396        64.8528
65.5        64.8528
65.6499        64.8528
65.7567        64.8528
65.5586        64.8528
65.425        64.8528
65.6029        64.8528
65.657        64.8528
65.6252        64.8528
65.6709        64.8528
65.7572        64.8528
65.9535        64.8528
65.5216        64.8528
65.4678        64.8528
65.4212        64.8528
65.4316        64.8528
65.2946        64.8528
65.8516        64.8528
65.8581        64.8528
66.2153        64.8528
65.6562        64.8528
65.1709        64.8528
65.0593        64.8528
65.324        64.8528
65.6937        64.8528
65.5175        64.8528
65.8108        64.8528
65.7545        64.8528
65.9033        64.8528
65.6727        64.8528
65.3282        64.8528
65.3632        64.8528
65.5699        64.8528
65.7774        64.8528
65.7373        64.8528
65.3872        64.8528
65.5198        64.8528
65.4138        64.8528
65.7455        64.8528
65.5526        64.8528
66.0902        64.8528
65.8531        64.8528
66.1649        64.8528
65.9053        64.8528
65.3263        64.8528
65.0081        64.8528
65.1787        64.8528
65.3219        64.8528
65.104        64.8528
65.3862        64.8528
65.6901        64.8528
65.4485        64.8528
65.3742        64.8528
65.2363        64.8528
65.5006        64.8528
65.8092        64.8528
65.3405        64.8528
65.544        64.8528
65.6962        64.8528
65.8357        64.8528
66.206        64.8528
66.1161        64.8528
65.6204        64.8528
65.8081        64.8528
66.5614        64.8528
65.8612        64.8528
65.5599        64.8528
65.2766        64.8528
65.7371        64.8528
65.9758        64.8528
65.6371        64.8528
65.9507        64.8528
65.3586        64.8528
65.2498        64.8528
65.2333        64.8528
65.5393        64.8528
65.7286        64.8528
65.277        64.8528
65.4744        64.8528
65.479        64.8528
65.3648        64.8528
65.4295        64.8528
65.0516        64.8528
65.1556        64.8528
65.2784        64.8528
65.2256        64.8528
65.2389        64.8528
65.5703        64.8528
65.2703        64.8528
65.0852        64.8528
65.5148        64.8528
65.6311        64.8528
65.5554        64.8528
65.4764        64.8528
65.3314        64.8528
65.4876        64.8528
65.7696        64.8528
65.9069        64.8528
65.6694        64.8528
65.3816        64.8528
65.4496        64.8528
65.4921        64.8528
65.4402        64.8528
65.4379        64.8528
65.3115        64.8528
65.8411        64.8528
65.4447        64.8528
65.5436        64.8528
65.376        64.8528
65.2891        64.8528
65.342        64.8528
65.9519        64.8528
65.5404        64.8528
65.9367        64.8528
66.023        64.8528
65.6878        64.8528
65.6883        64.8528
65.8404        64.8528
65.4166        64.8528
65.5631        64.8528
65.35        64.8528
65.1755        64.8528
65.2879        64.8528
65.1607        64.8528
65.5408        64.8528
65.6862        64.8528
65.4542        64.8528
65.2796        64.8528
65.2428        64.8528
65.6261        64.8528
65.5386        64.8528
65.3301        64.8528
65.5547        64.8528
65.4761        64.8528
65.6144        64.8528
65.4192        64.8528
65.18        64.8528
65.7633        64.8528
65.8298        64.8528
65.6463        64.8528
65.6312        64.8528
65.4016        64.8528
65.3207        64.8528
65.1565        64.8528
65.432        64.8528
65.2644        64.8528
65.4903        64.8528
65.8745        64.8528
65.4346        64.8528
65.978        64.8528
65.6786        64.8528
65.8306        64.8528
65.8631        64.8528
