492.252        437.959
469.53        424.438
451.171        404.192
430.98        378.419
409.306        368.534
389.743         359.12
376.039          345.4
364.082        337.921
352.277        326.596
342.503        324.093
333.701        313.342
327.737        309.904
321.271        300.654
314.858        298.214
307.387        292.581
302.264        291.184
298.493        284.412
294.822        279.566
289.804        275.392
284.788         274.79
280.864        268.389
277.224        264.881
273.13        261.301
269.788        257.793
266.323        251.126
261.92        249.978
257.173        247.361
253.988        244.902
250.949         240.35
248.104        237.447
244.519        231.081
240.675        230.382
237.23        228.572
234.721        226.598
232.856        221.051
229.973        219.159
226.756        219.143
224.776        215.667
222.786        213.919
219.991        210.678
217.183        209.245
213.932        203.149
211.776        203.149
209.647        196.691
206.541        196.348
202.112        190.282
198.422        188.753
194.974        188.753
192.748        185.608
191.145        182.146
189.259        179.525
187.778        178.695
184.853        178.695
182.825        177.723
181.574        175.102
181.194        172.536
180.018        172.536
177.762          169.3
175.573          169.3
174.588        169.235
174.47         168.04
173.588        166.198
171.65        165.019
170.469        160.192
170.174        159.649
167.978        159.649
165.547        158.205
162.883        156.423
161.685        156.423
160.659        154.472
159.348        152.557
158.245        152.557
157.104         149.57
155.889        148.686
153.926        147.345
151.778        147.345
152.258        144.236
151.366        143.379
150.402        142.496
149.351        142.496
147.809        142.496
145.316        141.772
144.272        141.549
144.414        140.825
144.619        140.078
144.251        139.352
142.782        139.191
141.495        138.465
140.883        136.872
140.198        135.607
139.123        134.546
138.176         133.82
137.782        128.578
135.914        127.692
134.481        125.677
131.716        125.677
129.286        124.067
127.604        123.585
126.29        123.585
125.368        123.585
124.257        123.019
124.237        123.019
123.747        121.089
123.788        121.035
123.767         120.89
123.165        119.008
122.829        118.889
121.987        118.328
120.682        117.389
120.097        116.362
119.174        113.165
117.97        113.111
117.613        113.111
116.526        113.111
115.851        112.436
114.966        111.571
114.086        110.896
113.419         110.49
112.639         110.49
111.891         110.23
111.317        110.179
111.83         108.75
111.081        108.439
110.6        108.439
110.47        108.439
109.808        107.589
109.314        107.589
108.969        106.237
108.901        105.363
108.197        104.639
108.272        104.553
107.644        103.718
106.708        103.718
106.087         102.92
106.001        102.487
104.975        101.724
104.148        101.724
103.935        101.322
103.206        100.538
102.454        100.538
102.624        100.406
102.858         99.446
103.692         99.446
104.183         99.446
103.526        98.1906
102.62        98.1906
103.337        98.1906
103.875        98.1906
103.339        98.1906
102.233        98.1799
101.6        98.1799
99.3772        97.9366
98.9777        97.9175
98.6383        97.4927
98.8758        97.2815
98.5943        97.0275
98.1119         96.577
97.8311        96.1697
97.6142        95.2868
97.7295        95.2253
97.1686        94.9713
96.1915        94.0492
95.9835        93.2801
95.6831        93.2696
96.1368        92.6849
96.276        91.8051
95.5077        91.0672
93.7819        89.5923
92.3032        89.2393
91.8701        88.9052
91.084        88.9052
90.5085        88.7338
90.5014        88.6847
89.7043        88.2594
89.5216        88.0225
89.3819        88.0225
89.3217        87.6165
89.1299        86.7337
89.0887        86.7337
88.6205        86.1677
87.7951        86.1677
87.5081        86.1677
87.4003        86.1677
86.8246        86.0257
86.5986        85.9718
86.4967        85.4273
86.6629        85.2315
86.3823         84.745
85.8498        84.5491
85.754        84.5491
85.3197        84.1686
85.0495        84.1686
84.6649        84.0918
84.8628        84.0918
84.8212        83.0358
84.8692        83.0358
84.7004         82.959
84.7751         82.959
84.544         82.959
84.0701        82.5414
84.017        82.5414
83.7352        82.1169
83.1701        82.1169
83.3028        82.1169
83.3331        82.1169
83.3933        82.1169
82.9216        82.1169
83.1186        82.1169
82.7258        82.1169
82.6075        82.1169
83.3728        81.6859
82.9863        81.6859
82.9914        81.6859
83.1392        81.6859
83.085        81.6859
82.7375        81.1344
82.5256        81.1344
82.2849        81.1344
81.7989        81.0576
81.7059        81.0576
81.5144        81.0394
81.6481        81.0394
81.4395        81.0394
81.5609        81.0394
81.6769        81.0394
81.2227        81.0394
81.5047        81.0394
81.3719        80.8786
81.6483        80.8786
81.6325        80.8786
81.6067        80.2013
82.2318        80.2013
83.3486        80.2013
85.1118        80.2013
85.2708        80.2013
84.3335        80.0042
83.7764        80.0042
82.7686        80.0042
81.8301        79.9643
81.2169        79.9643
80.7426        79.5081
80.4408        79.4682
80.3237        79.4682
80.1147        79.4682
80.2284        79.4682
80.1365        79.4682
80.32        79.4682
80.2923        79.4682
80.3798        79.4682
80.4413        79.4682
80.5526        79.4682
81.221        79.4326
80.765        79.4326
80.7513        79.4326
81.0579        79.4326
79.8681        79.4326
79.7382        79.4326
80.0849        79.4326
79.7988        79.4326
80.021        79.4326
80.2192        79.4326
80.3963        79.4326
80.2202        78.9155
79.8571        78.9155
79.6742        78.9155
79.2765        78.9155
79.3907        78.9155
79.3067        76.7949
79.3377        76.7949
79.0106        76.7949
78.4288        76.6534
78.0381        76.6534
77.9977        76.6534
77.6405        76.6534
77.2907        76.6534
77.2882        76.1007
76.94        76.1007
76.965        76.0345
76.7897        76.0345
76.6763        76.0345
77.2231        76.0345
77.5593        75.7304
77.2181        75.7304
76.8077        75.6134
76.524        75.6134
76.4476        75.6134
76.4062        75.6134
76.2667        75.6134
76.1487        75.6134
76.2477        75.6134
76.3378        75.6134
76.1285        75.6134
76.5399         75.542
76.6021         75.542
76.7677         75.542
76.1381        75.3587
76.0828        75.2872
76.3311        75.2872
75.7526        75.2872
75.8686         72.334
75.7405         72.334
75.1256         72.334
73.9277         72.334
73.7775         72.334
73.4679         72.334
73.3989         72.334
73.0439         72.334
72.7508         72.334
73.1758         72.334
73.1696         72.334
73.4357         72.334
72.9203         72.334
73.0118         72.334
73.0161         72.334
73.1661         72.334
73.022        72.0577
73.2934        72.0577
73.5622        72.0577
73.0079        72.0577
72.6327        72.0577
72.4096        72.0577
72.4102        71.7692
72.3443        71.7692
72.2356        71.7692
72.4576        71.7692
72.9895        71.7692
72.5276        71.7692
72.4535        71.7692
72.5821        71.7692
72.6852        71.7692
72.4134        71.7692
72.6924        71.7692
72.2848        71.7692
72.1905        71.7692
72.097         71.426
71.9485         71.426
72.079         71.426
72.0613         71.426
72.0112        71.3694
71.9012        71.3642
71.7985        70.7439
71.8579        70.6822
72.2139        70.1967
71.759        70.1402
71.8093        70.1402
71.1533        70.1402
71.1647        70.1402
71.0173        70.1402
71.1708        70.1402
71.1178        70.1402
71.025        70.1402
71.3343        70.1402
71.2049        70.0986
71.2878        70.0986
70.9363        70.0986
70.8648        70.0986
70.4068        70.0986
70.4859        70.0986
70.6142        70.0974
70.8342        70.0974
70.6323        70.0974
70.6203        70.0974
70.9555        69.7827
70.8666        69.7827
70.7824        69.7827
70.5493        69.7827
70.471        69.7827
70.5824        69.7827
70.347        69.7827
70.5053        69.7756
70.3503        69.7021
70.3087        69.7021
70.0893        69.7021
69.8985        69.7021
70.0582        68.9058
70.0651        68.9058
69.7884        68.8954
69.5793        68.8954
69.3764        68.8954
69.6241        68.8954
69.4705        68.8954
69.3738        68.8954
69.9857        68.8954
69.4666        68.8954
69.6269        68.8954
69.9147        68.8954
69.7822        68.8954
69.8412        68.8954
70.0023        68.8954
69.812        68.8954
69.4821        68.8954
69.17        68.8954
69.1706        68.8954
69.3371        68.8954
69.2812        68.8954
69.0665        68.8954
69.1118        68.8954
69.3869        68.8954
69.4982        68.8954
69.38        68.8954
69.47        68.8954
69.2905        68.8954
69.6159        68.8954
69.4111        68.8954
69.4513        68.8954
69.4188        68.8954
69.3706        68.8954
69.7335        68.8954
69.7036        68.8954
70.1373        68.8954
69.9784        68.8954
70.2708        68.8954
69.8972        68.8954
69.7836        68.8954
69.1224        68.8954
69.1147        68.8954
69.5313        68.8954
69.7337         68.891
69.8176         68.891
69.8327         68.891
70.0382        68.8153
69.9198        68.8109
69.4327        68.8109
69.2669        68.8109
69.7259        68.8109
69.6239        68.8109
69.6775        68.8109
69.8916        68.8109
69.7402        68.8109
69.9467        68.8109
69.5536        68.8055
69.6605        68.4037
69.8455        68.3982
70.0848        68.3982
70.0617        68.3982
69.8552        68.3982
69.8513        68.3982
69.2836        68.3982
69.2747        68.3982
69.0236        68.3982
68.5203        68.3982
68.8332        68.3982
68.9387        68.3982
69.5652        68.3982
69.209        68.3982
69.2218        68.3982
69.3508        68.3982
68.9843        68.3982
69.0922        68.3982
68.5647        68.3982
69.0811        68.3982
68.9381        68.3982
68.9949        68.3982
68.9135        68.3982
69.2075        68.3982
69.3511        68.3684
69.3181        68.3684
69.0819        68.3684
68.63        68.3684
68.9927        68.3684
69.1395        68.3684
68.8885        68.3684
68.8891        68.3684
69.3498        68.3684
69.4821        68.3684
69.5578        68.1628
69.0543        68.1628
68.8639        68.1628
69.3621        68.1628
69.3491        68.1628
68.9813        68.1628
68.8563        68.1628
68.7857        68.1628
68.6994        68.1628
68.992        68.1628
68.7658        68.1628
69.0609        68.1628
68.9618        68.1628
68.8023        68.1628
68.5889        68.1628
68.713        67.9753
68.3566        67.9753
68.5248        67.9753
68.4021        67.9753
68.6877        67.9585
68.3676        67.9585
68.4342        67.9322
68.9699        67.9322
68.8569        67.9322
68.7405        67.9322
68.2701        67.9322
68.6938        67.7682
68.6641         67.742
68.571         67.742
68.4143         67.742
68.3535         67.742
68.2504         67.742
68.6488         67.742
68.5179         67.742
68.2349         67.742
68.4915         67.742
68.0566         67.742
68.2416         67.742
68.3472         67.742
68.3034         67.742
68.6259         67.742
68.4796         67.742
68.7599         67.742
68.8438         67.742
68.2408         67.742
68.2815         67.742
68.476         67.742
68.3054         67.742
68.5451         67.742
68.2626         67.742
68.2267         67.742
67.9368         67.742
68.0607         67.742
67.8638         67.742
68.1776         67.742
68.2351         67.742
68.4915         67.742
68.4789         67.742
68.6198         67.742
68.3952         67.742
68.2385         67.742
68.8915         67.742
68.55         67.742
68.652         67.742
68.8451         67.742
68.6913         67.742
68.5158         67.742
68.5234         67.742
68.4411         67.742
68.2974         67.742
68.3381         67.742
68.7129         67.742
68.8046         67.742
68.7215         67.742
68.6049         67.742
68.4977         67.742
68.5333         67.742
68.8777         67.742
68.5737         67.742
68.663         67.742
68.3652         67.742
68.0812         67.742
68.2482         67.742
68.2315         67.742
68.771         67.742
68.6244         67.742
68.1807         67.742
68.9349         67.742
68.4256         67.742
68.6209         67.742
68.6107         67.742
68.7833         67.742
68.5888         67.742
68.3814         67.742
68.0107         67.742
68.5477         67.742
68.4263         67.742
68.7887         67.742
69.1032         67.742
68.9092         67.742
68.6692         67.742
68.4808         67.742
68.306         67.742
68.3267         67.742
68.3031         67.742
68.1534         67.742
68.4848         67.742
68.5291         67.742
68.4226         67.742
68.2065         67.742
68.4268         67.742
68.371         67.742
68.6389         67.742
68.583         67.742
68.903         67.742
68.5494         67.742
69.064         67.742
71.1455         67.742
72.1237         67.742
72.3864         67.742
72.7428         67.742
71.5442         67.742
70.3085         67.742
69.7762         67.742
68.7299         67.742
68.7294         67.742
69.0104         67.742
68.798         67.742
68.6207         67.742
68.6225         67.742
68.9766         67.742
69.2986         67.742
68.781         67.742
68.3081         67.742
68.138         67.742
68.0095         67.742
67.8647         67.742
68.177         67.742
68.1689         67.742
68.0803         67.742
68.4103         67.742
68.38         67.742
68.4561         67.742
68.359         67.742
68.221         67.742
68.5775         67.742
68.2278         67.742
68.1803        67.7018
68.8395        67.7018
68.283        67.7018
68.3363        67.7018
68.257        67.7018
68.7547        67.7018
68.736        67.7018
68.0727        67.7018
68.1636        67.7018
68.3084        67.7018
68.2688        67.7018
68.3565        67.7018
67.8941        67.7018
68.1134        67.7018
68.428        67.7018
68.4314        67.7018
68.157        67.7018
68.0999        67.7018
68.0013        67.7018
68.3494        67.7018
68.6372        67.7018
68.3741        67.7018
68.4151        67.7018
68.4531        67.7018
68.6371        67.7018
68.5057        67.7018
68.6603        67.7018
68.2812        67.7018
68.6649        67.7018
68.5673        67.7018
68.2157        67.7018
68.1106        67.7018
68.3536        67.7018
68.0105        67.7018
68.3559        67.7018
68.3461        67.7018
68.4425        67.7018
68.7159        67.7018
68.3693        67.5571
68.3918        67.5571
67.9891        67.5571
68.1293        67.5571
68.1978        67.5571
68.3064        67.5571
68.4346        67.5571
68.0971        67.5571
68.4043        67.5571
68.4787        67.5571
68.6        67.5571
68.529        67.5571
68.6534        67.5571
68.4321         67.236
68.3509         67.236
68.7088         67.236
69.1238         67.236
69.232         67.236
68.9402         67.236
68.5682         67.236
68.1894         67.236
67.5514         67.236
68.001         67.236
67.8132         67.236
68.0771         67.236
67.9823         67.236
68.2567         67.236
68.2839         67.236
68.3582         67.236
68.0279         67.236
68.0983         67.236
68.1186         67.236
68.2527         67.236
68.256         67.236
67.8115        67.2152
68.108        67.2152
68.1681        67.2152
68.0439        67.2152
67.5642        67.2152
68.1526        67.2152
68.3124        67.2152
68.5153        67.2152
68.0567        67.2152
68.1541        67.2152
68.058        67.2152
68.1015        67.2152
68.0376        67.2152
67.7165        67.2152
67.6391        67.2152
67.8637        67.2152
67.9002        67.2152
67.7714        67.2152
67.7802        67.2152
67.6183        67.2152
68.1607        67.2152
68.4083        67.2152
68.5761        67.2152
68.2577        67.2152
68.3682        67.2152
68.232        67.2152
68.0114        67.2152
68.1564        67.2152
68.0567        67.2152
68.2496        67.2152
68.1907        67.2152
68.1252        67.2152
68.1123        67.2152
67.9393        67.2152
67.5554        67.2152
68.4929        67.2152
69.7847        67.2152
71.9916        67.2152
72.6666        67.2152
71.772        67.2152
69.8442        67.2152
68.5149        67.2152
68.2115        67.2152
68.0841        67.2002
67.8772        67.2002
68.0677        66.8253
68.2494        66.8253
68.329        66.8253
68.112        66.8253
68.1513        66.8253
68.2824        66.8253
68.0156        66.8253
67.7735        66.8253
67.7701        66.8253
67.5765        66.8253
67.4913        66.8253
67.6445        66.8253
67.8643        66.8253
67.5793        66.8253
67.4392        66.8253
67.2785        66.8253
67.5198        66.8253
66.9413        66.8253
66.9222        66.8253
67.3232        66.8253
67.164        66.8253
67.4144        66.8253
67.8436        66.8253
67.9156        66.8253
67.0931        66.8253
67.7247        66.8253
67.7536        66.8253
67.3694        66.8253
67.2824        66.8253
67.2186        66.8253
67.2344        66.8253
67.7071        66.5988
67.5993        66.5988
67.1606        66.5988
67.2808        66.5988
66.9622        66.5988
66.8816        66.5988
66.7444        66.5988
66.9479        66.5988
66.9384        66.5988
67.3094        66.5988
67.1765        66.5988
67.1515        66.5988
67.1644        66.5988
67.1795        66.5988
67.2291        66.5988
67.0589        66.5988
67.2675        66.5988
67.5204        66.5988
67.4565        66.5988
67.2167        66.5988
67.3337        66.5988
67.3789        66.5988
67.2976        66.5988
67.5258        66.5988
67.2067        66.5988
67.3358        66.5988
67.8494        66.5988
67.9354        66.5988
68.0813        66.5988
67.4767        66.5988
67.6056        66.5988
67.2748        66.5988
67.4556        66.5988
67.31        66.5988
67.411        66.5988
67.0442        66.5988
67.1806        66.5988
67.043        66.5988
67.3233        66.5988
66.888        66.5988
67.2804        66.5988
67.2842        66.5988
67.313        66.5988
67.133        66.5988
67.1325        66.5988
66.8613        66.5988
66.7641        66.5988
66.9597        66.5988
66.7921        66.5988
66.7345        66.5988
66.9514        66.5988
67.3634        66.5988
67.6244        66.5988
67.2952        66.5988
67.205        66.5988
67.2103        66.5988
67.1522        66.5988
67.2586        66.5988
67.4421        66.5988
67.1952        66.5988
67.1631        66.5988
67.136        66.5988
67.4345        66.5988
67.4622        66.5988
67.4211        66.5988
67.0768        66.5988
67.1194        66.5988
67.9917        66.5988
67.6949        66.5988
67.4322        66.5988
67.4341        66.5988
67.176        66.5988
66.9474        66.5988
67.0142        66.5988
67.2651        66.5988
67.2475        66.5988
67.5421        66.5988
67.8237        66.5988
67.4976        66.5988
67.1337        66.5988
67.2031        66.5988
67.3542        66.5988
67.0499        66.5988
66.7845        66.5988
67.2815        66.5988
67.4611        66.5988
67.6577        66.5988
67.7652        66.5988
67.8708        66.5988
67.8222        66.5988
67.6934        66.5988
67.4145        66.5988
67.2746        66.5988
66.7825        66.3048
67.2017        66.3048
67.0788        66.3048
66.628        66.3048
66.6098        66.3048
66.6573        66.3048
66.6116        66.3048
66.6957        66.3048
66.8454        66.3048
66.8156        66.3048
66.5796        66.3048
66.7824        66.3048
66.6272        66.3048
66.7575        66.3048
67.2164        66.3048
67.5806        66.3048
67.7699        66.3048
67.0912        66.3048
66.6263        66.3048
66.7501        66.3048
66.7014        66.3048
67.0693        66.3048
66.837        66.3048
66.7777        66.3048
67.0356        66.3048
66.9431        66.3048
67.1193        66.3048
67.3881        66.3048
67.7187        66.3048
67.2123        66.3048
67.6561        66.3048
67.0694        66.3048
67.0416        66.3048
66.7915        66.3048
67.2537        66.3048
67.3933        66.3048
67.0604        66.3048
67.0303        66.3048
66.8969        66.3048
66.8278        66.3048
67.0349        66.3048
66.9108        66.3048
66.5395        66.3048
66.5354        66.3048
67.0128        66.3048
67.7052        66.3048
67.3853        66.3048
67.0936        66.3048
67.3713        66.3048
67.7111        66.3048
67.3665        66.3048
67.2392        66.3048
67.226        66.3048
67.263        66.3048
67.158        66.3048
67.0907        66.3048
66.9274        66.3048
66.8997        66.3048
67.5881        66.3048
67.8064        66.3048
67.64        66.3048
67.4754        66.3048
67.2046        66.3048
67.4819        66.3048
67.418        66.3048
66.9809        66.3048
67.3451        66.3048
67.2143        66.3048
66.6445        66.3048
66.8291        66.3048
66.9333        66.3048
66.8688        66.3048
66.8396        66.3048
66.6829        66.3048
67.0757        66.3048
67.6528        66.3048
67.4414        66.3048
67.4887        66.3048
67.2658        66.3048
66.9792        66.3048
66.7092        66.3048
66.9294        66.3048
66.7197        66.3048
67.0998        66.3048
67.0183        66.3048
66.7094        66.3048
66.8018        66.3048
67.0078        66.3048
67.1489        66.3048
66.9829        66.3048
66.931        66.3048
67.3114        66.3048
67.0254        66.3048
66.9698        66.3048
67.0383        66.3048
67.2032        66.3048
66.8801        66.3048
66.7583        66.3048
66.7068        66.3048
66.9082        66.3048
66.9911        66.3048
67.0472        66.3048
66.8619        66.3048
67.0094        66.3048
67.0566        66.3048
66.7535        66.3048
66.7592        66.3048
66.9412        66.3048
67.0664        66.3048
66.9526        66.3048
66.7128        66.3048
66.881        66.3048
66.9481        66.3048
66.9785        66.3048
66.9759        66.3048
66.8674        66.3048
66.9235        66.3048
66.928        66.3048
66.681        66.3048
66.7704        66.3048
66.7678        66.3048
66.6908        66.3048
66.961        66.3048
67.1718        66.3048
67.2403        66.3048
67.0739        66.3048
66.7736        66.3048
66.7601        66.3048
66.6991        66.3048
67.0367        66.3048
67.0236        66.3048
67.0265        66.3048
66.9533        66.3048
67.2252        66.3048
67.3256        66.3048
67.0702        66.3048
67.5752        66.3048
67.4315        66.3048
67.2012        66.3048
67.6269        66.3048
67.6516        66.3048
67.1917        66.3048
66.9813        66.3048
67.1226        66.3048
67.1306        66.3048
67.3646        66.3048
67.203        66.3048
66.9721        66.3048
66.9485        66.3048
67.5873        66.3048
67.6118        66.3048
67.4287        66.3048
67.4689        66.3048
67.1243        66.3048
67.0929        66.3048
67.0419        66.3048
66.7582        66.3048
66.6613        66.3048
67.0324        66.3048
66.928        66.3048
67.2347        66.3048
66.7889        66.3048
66.7429        66.3048
66.6842        66.3048
66.5494        66.3048
66.7434        66.3048
66.7771        66.3048
66.7465        66.3048
66.7302        66.3048
66.8713        66.3048
66.7966        66.3048
66.7579        66.3048
67.3985        66.3048
67.0529        66.3048
67.1326        66.3048
67.0075        66.3048
67.0538        66.3048
66.8732        66.3048
66.8011        66.3048
67.0451        66.3048
66.8537        66.3048
67.0424        66.3048
67.0458        66.3048
66.7975        66.3048
66.9689        66.3048
67.1953        66.3048
66.9678        66.3048
66.7616        66.3048
66.7979        66.3048
66.5839        66.3048
66.5306        66.3048
66.7293        66.3048
67.1006        66.3048
66.8691        66.3048
66.8479        66.3048
66.7248        66.3048
67.1277        66.3048
67.0254        66.3048
66.8888        66.3048
67.2053        66.3048
67.0946        66.3048
67.3356        66.3048
67.226        66.3048
67.3495        66.3048
67.5683        66.3048
67.2806        66.3048
67.0465        66.3048
66.7155        66.3048
66.5634        66.3048
66.7639        66.3048
66.7944        66.3048
67.0254        66.3048
67.0544        66.3048
67.1669        66.3048
66.9904        66.3048
67.1011        66.3048
67.1212        66.3048
66.878        66.3048
67.1098        66.3048
66.8182        66.3048
66.8669        66.3048
67.1048        66.3048
66.9373        66.3048
67.1846        66.3048
67.2679        66.3048
67.4829        66.3048
67.0443        66.3048
66.9221        66.3048
67.0397        66.3048
67.1021        66.3048
67.3051        66.3048
67.0256        66.3048
67.2935        66.3048
67.0414        66.3048
67.3367        66.3048
66.879        66.3048
66.5951        66.3048
66.6058        66.3048
66.944        66.3048
66.9785        66.3048
66.9848        66.3048
67.1677        66.3048
66.8239        66.3048
66.7052        66.3048
67.0482        66.3048
67.142        66.3048
67.2702        66.3048
67.1457        66.3048
66.7986        66.3048
66.9973        66.3048
67.2093        66.3048
66.8434        66.3048
66.8607        66.3048
66.9659        66.3048
67.2464        66.3048
66.6281        66.3048
66.533        66.3048
66.6961        66.3048
67.1855        66.3048
67.1209        66.3048
67.5994        66.3048
67.3926        66.3048
67.0208        66.3048
67.3179        66.3048
67.0313        66.3048
66.8112        66.3048
67.1172        66.3048
67.0277        66.3048
67.2564        66.3048
67.2436        66.3048
67.4037        66.3048
67.1462        66.3048
66.8409        66.3048
66.8248        66.3048
66.8794        66.3048
67.5328        66.3048
67.2295        66.3048
67.0689        66.3048
66.7625        66.3048
66.9041        66.3048
67.5515        66.3048
67.6121        66.3048
67.632        66.3048
66.8929        66.3048
67.4407        66.3048
67.0554        66.3048
66.6438        66.3048
67.1618        66.3048
67.1067        66.3048
66.7982        66.3048
66.7012        66.3048
67.0301        66.3048
66.9954        66.3048
67.1238        66.3048
66.5547        66.3048
66.627        66.3048
66.7809        66.3048
66.9246        66.3048
66.7836        66.3048
67.1329        66.3048
66.8335        66.3048
66.8661        66.3048
67.431        66.3048
67.131        66.3048
67.3472        66.3048
66.7748        66.3048
66.9681        66.3048
67.4029        66.3048
67.2522        66.3048
67.1306        66.3048
67.3721        66.3048
67.3874        66.3048
66.8756        66.3048
66.8452        66.3048
67.0829        66.3048
67.0299        66.3048
66.7376        66.3048
66.9264        66.3048
67.3288        66.3048
67.5318        66.3048
67.2673        66.3048
66.9856        66.3048
66.8138        66.3048
66.6613        66.3048
66.7337        66.3048
66.8794        66.3048
66.9208        66.3048
67.0877        66.3048
67.3018        66.3048
67.1388        66.3048
66.8663        66.3048
67.2635        66.3048
67.3241        66.3048
67.1961        66.3048
67.0885        66.3048
67.3268        66.3048
67.2522        66.3048
67.005        66.3048
67.4482        66.3048
67.712        66.3048
67.2533        66.3048
66.9106        66.3048
66.6608        66.3048
66.9716        66.3048
67.3479        66.3048
67.1922        66.3048
66.6706        66.3048
66.8364        66.3048
66.7377        66.3048
66.6398        66.3048
67.0755        66.3048
67.0949        66.3048
66.9196        66.3048
66.8181        66.3048
66.9681        66.3048
66.9119        66.3048
67.1343        66.3048
66.5457        66.3048
66.8108        66.3048
66.5478        66.3048
66.6253        66.3048
66.6165        66.3048
66.9049        66.3048
66.8704        66.3048
66.7196        66.3048
66.6217        66.3048
66.8867        66.3048
66.5381        66.3048
66.7482        66.3048
66.867        66.3048
66.8256        66.3048
67.2341        66.3048
67.2427        66.3048
67.3357        66.3048
67.5874        66.3048
67.1192        66.3048
67.1116        66.3048
67.4331        66.3048
66.9407        66.3048
66.785        66.3048
66.6609        66.3048
66.7418        66.3048
67.2358        66.3048
66.8289        66.3048
66.516        66.3048
66.9421        66.3048
66.702        66.3048
67.1368        66.3048
67.2448        66.3048
66.9064        66.3048
66.7397        66.3048
66.8765        66.3048
66.9042        66.3048
67.0131        66.3048
67.4426        66.3048
66.9533        66.3048
67.1523        66.3048
66.7542        66.3048
67.1642        66.3048
67.2153        66.3048
67.1823        66.3048
67.0619        66.3048
67.1786        66.3048
66.7682        66.3048
66.811        66.3048
66.8969        66.3048
67.1365        66.3048
67.0986        66.3048
67.3118        66.3048
67.4372        66.3048
67.1585        66.3048
67.249        66.3048
67.0176        66.3048
66.8739        66.3048
67.0534        66.3048
67.0274        66.3048
67.2512        66.3048
67.5497        66.3048
67.4719        66.3048
66.9266        66.3048
66.8028        66.3048
66.7933        66.3048
66.8087        66.3048
66.8171        66.3048
66.849        66.3048
67.3698        66.3048
66.8648        66.3048
66.9877        66.3048
66.8953        66.3048
67.7182        66.3048
67.6953        66.3048
67.0646        66.3048
67.1721        66.3048
67.0987        66.3048
67.2206        66.3048
67.154        66.3048
66.9111        66.3048
67.0866        66.3048
67.5186        66.3048
67.9103        66.3048
67.3301        66.3048
67.4151        66.3048
67.3058        66.3048
67.0533        66.3048
67.0378        66.3048
67.0524        66.3048
67.7055        66.3048
67.3363        66.3048
66.785        66.3048
66.7029        66.3048
66.9889        66.3048
66.6689        66.3048
66.5808        66.3048
66.6696        66.3048
66.5115        66.3048
66.8249        66.3048
66.7791        66.3048
66.9739        66.3048
67.4215        66.3048
68.0998        66.3048
67.6266        66.3048
67.5091        66.3048
67.0754        66.3048
67.2859        66.3048
67.0625        66.3048
66.8123        66.3048
66.732        66.3048
66.9014        66.3048
66.6535        66.3048
66.7121        66.3048
67.1361        66.3048
67.3248        66.3048
67.3136        66.3048
66.9635        66.3048
67.2824        66.3048
67.0945        66.3048
67.6023        66.3048
66.9174        66.3048
66.712        66.3048
67.0424        66.3048
66.9918        66.3048
66.9975        66.3048
66.9853        66.3048
66.9844        66.3048
67.2658        66.3048
67.2034        66.3048
67.1382        66.3048
67.1532        66.3048
67.0773        66.3048
67.0345        66.3048
67.3569        66.3048
67.4609        66.3048
66.868        66.3048
66.7698        66.3048
67.0813        66.3048
67.1008        66.3048
67.186        66.3048
67.1377        66.3048
67.1078        66.3048
66.8984        66.3048
66.787        66.3048
67.0412        66.3048
66.9266        66.3048
66.6006        66.3048
67.0171        66.3048
66.8778        66.3048
66.9191        66.3048
66.5869        66.3048
66.9111        66.3048
67.0492        66.3048
66.8032        66.3048
67.183        66.3048
66.5418        66.3048
66.598        66.3048
66.7551        66.3048
67.0304        66.3048
67.1552        66.3048
66.9916        66.3048
67.6261        66.3048
67.5285        66.3048
67.2833        66.3048
67.3035        66.3048
67.2622        66.3048
67.2186        66.3048
67.5132        66.3048
67.286        66.3048
67.2507        66.3048
67.3696        66.3048
67.2156        66.3048
67.3912        66.3048
67.5449        66.3048
67.3703        66.3048
67.0914        66.3048
67.1339        66.3048
66.655        66.3048
67.3811        66.3048
66.9111        66.3048
66.9363        66.3048
67.2286        66.3048
67.0628        66.3048
67.0335        66.3048
67.0553        66.3048
67.1959        66.3048
66.895        66.3048
66.7634        66.3048
66.5757        66.3048
66.5702        66.3048
66.5394        66.3048
66.6291        66.3048
66.7248        66.3048
67.1541        66.3048
67.1435        66.3048
67.5528        66.3048
66.9301        66.3048
67.2986        66.3048
67.3374        66.3048
67.0983        66.3048
66.9127        66.3048
66.527        66.3048
66.7049        66.3048
66.8947        66.3048
67.0167        66.3048
66.5079        66.3048
66.6016        66.3048
67.0761        66.3048
66.8909        66.3048
66.7526        66.3048
66.9789        66.3048
66.8407        66.3048
66.7051        66.3048
66.6306        66.3048
66.7349        66.3048
66.831        66.3048
66.9596        66.3048
67.2312        66.3048
67.3195        66.3048
67.3146        66.3048
67.3541        66.3048
67.1452        66.3048
67.2581        66.3048
66.9712        66.3048
66.9699        66.3048
67.2334        66.3048
66.9408        66.3048
66.5003        66.3048
66.7346        66.3048
66.7355        66.3048
66.7745        66.3048
66.5111        66.3048
66.7479        66.3048
66.9065        66.3048
67.2426        66.3048
67.1797        66.3048
67.0764        66.3048
67.2857        66.3048
67.1563        66.3048
67.0818        66.3048
66.843        66.3048
66.8109        66.3048
67.1391        66.3048
66.9835        66.3048
67.0351        66.3048
66.9385        66.3048
66.9299        66.3048
66.8938        66.3048
66.9208        66.3048
67.374        66.3048
67.9057        66.3048
67.2442        66.3048
67.0197        66.3048
66.806        66.3048
66.8564        66.3048
67.0166        66.3048
66.785        66.3048
66.9977        66.3048
66.9163        66.3048
67.5502        66.3048
67.7784        66.3048
67.0768        66.3048
66.7545        66.3048
66.9486        66.3048
67.2602        66.3048
67.2215        66.3048
67.5306        66.3048
67.1843        66.3048
67.2726        66.3048
67.2524        66.3048
67.1236        66.3048
67.1427        66.3048
67.3802        66.3048
66.9148        66.3048
66.879        66.3048
66.7054        66.3048
66.7888        66.3048
66.8391        66.3048
66.7751        66.3048
67.2372        66.3048
66.4172        66.3048
66.7795        66.3048
67.0182        66.3048
67.19        66.3048
67.1547        66.3048
66.6676        66.3048
66.8547        66.3048
66.6911        66.3048
67.0212        66.3048
66.8885        66.3048
67.2775        66.3048
66.9603        66.3048
67.0248        66.3048
67.0418        66.3048
67.2533        66.3048
66.8166        66.3048
66.6062        66.3048
66.819        66.3048
66.8057        66.3048
67.122        66.3048
66.8768        66.3048
67.2523        66.3048
66.9046        66.3048
66.6731        66.3048
67.3311        66.3048
67.2132        66.3048
67.2606        66.3048
66.9227        66.3048
66.5384        66.3048
66.9252        66.3048
66.8176        66.3048
66.75        66.3048
66.8703        66.3048
66.9895        66.3048
67.3607        66.3048
66.8556        66.3048
66.8055        66.3048
67.0538        66.3048
67.5871        66.3048
67.2341        66.3048
66.9847        66.3048
66.9575        66.3048
66.8472        66.3048
67.2454        66.3048
67.1145        66.3048
66.8163        66.3048
66.6162        66.3048
66.65        66.3048
66.8543        66.3048
67.1632        66.3048
67.4757        66.3048
67.1064        66.3048
66.9607        66.3048
67.1205        66.3048
67.0662        66.3048
66.6456        66.3048
66.893        66.3048
66.7802        66.3048
67.0082        66.3048
67.0926        66.3048
67.2444        66.3048
67.1044        66.3048
67.0336        66.3048
67.1116        66.3048
67.445        66.3048
67.5749        66.3048
67.4257        66.3048
67.4615        66.3048
67.2918        66.3048
66.961        66.3048
67.4319        66.3048
67.3975        66.3048
67.0201        66.3048
66.9501        66.3048
66.9126        66.3048
66.6676        66.3048
66.7986        66.3048
67.1582        66.3048
67.2799        66.3048
67.3299        66.3048
66.7972        66.3048
66.9711        66.3048
66.7624        66.3048
66.7674        66.3048
66.8409        66.3048
66.7434        66.3048
66.802        66.3048
67.0087        66.3048
66.6377        66.3048
67.4209        66.3048
66.8336        66.3048
66.6239        66.3048
66.504        66.3048
66.3265        66.3048
66.4733        66.3048
66.5112        66.3048
66.7408        66.3048
66.7991        66.3048
66.5536        66.3048
66.625        66.3048
66.8629        66.3048
66.5283        66.3048
66.5618        66.3048
66.5886        66.3048
66.3721        66.3048
66.834        66.3048
66.714        66.3048
67.2786        66.3048
66.7466        66.3048
66.7395        66.3048
66.7277        66.3048
66.8691        66.3048
67.1111        66.3048
67.0426        66.3048
66.713        66.3048
66.9574        66.3048
67.0903        66.3048
66.7143        66.3048
67.0714        66.3048
66.8273        66.3048
67.1875        66.3048
67.0535        66.3048
67.0527        66.3048
66.8149        66.3048
66.9809        66.3048
66.8061        66.3048
66.7786        66.3048
66.9136        66.3048
67.3023        66.3048
67.0533        66.3048
66.9292        66.3048
66.6577        66.3048
66.8096        66.3048
67.2275        66.3048
67.27        66.3048
67.1164        66.3048
67.0202        66.3048
67.7022        66.3048
67.4067        66.3048
67.374        66.3048
67.4488        66.3048
67.5645        66.3048
67.3365        66.3048
67.6377        66.3048
67.2904        66.3048
67.1837        66.3048
67.3903        66.3048
67.2232        66.3048
67.2243        66.3048
66.9771        66.3048
67.1324        66.3048
67.1635        66.3048
66.7859        66.3048
66.8679        66.3048
66.908        66.3048
66.8615        66.3048
66.9345        66.3048
67.1533        66.3048
67.0998        66.3048
67.0205        66.3048
66.8546        66.3048
67.5041        66.3048
67.7924        66.3048
67.2621        66.3048
67.1179        66.3048
66.842        66.3048
66.7013        66.3048
66.8436        66.3048
66.9891        66.3048
67.0328        66.3048
67.1479        66.3048
66.8295        66.3048
66.8197        66.3048
66.8696        66.3048
66.772        66.3048
67.1409        66.3048
67.0529        66.3048
66.7575        66.3048
66.8684        66.3048
66.4981        66.3048
66.6735        66.3048
66.888        66.3048
66.8896        66.3048
66.8028        66.3048
66.8876        66.3048
66.8069        66.3048
66.954        66.3048
66.9189        66.3048
66.7081        66.3048
66.8668        66.3048
66.5975        66.3048
66.674        66.0132
66.8182        66.0132
66.6841        66.0132
67.1934        66.0132
66.7577        66.0132
67.068        66.0132
66.8688        66.0132
66.6829        66.0132
66.4155        66.0132
66.5159        66.0132
66.4233        66.0132
66.6121        66.0132
66.5233        66.0132
66.6963        66.0132
66.5646        66.0132
66.6718        66.0132
66.85        66.0132
66.9182        66.0132
66.6862        66.0132
67.3997        66.0132
67.3755        66.0132
67.1116        66.0132
67.1479        66.0132
66.9575        66.0132
66.7979        66.0132
66.8623        66.0132
66.9387        66.0132
66.9864        66.0132
66.9735        66.0132
66.8294        66.0132
66.264        66.0132
66.341        66.0132
66.3498        66.0132
66.3417        66.0132
66.3041        66.0132
66.5955        66.0132
66.9121        66.0132
66.7653        66.0132
66.5071        66.0132
66.6017        66.0132
66.7621        66.0132
66.5655        66.0132
66.7252        66.0132
66.6737        66.0132
66.6148        66.0132
66.5024        66.0132
66.6517        66.0132
66.8805        66.0132
66.9999        66.0132
66.3732        66.0132
66.2886        66.0132
66.5824        66.0132
66.5098        66.0132
66.5404        66.0132
67.0806        66.0132
66.2713        66.0132
66.3198        66.0132
66.5285        66.0132
66.6979        66.0132
66.6793        66.0132
66.9621        66.0132
66.9879        66.0132
67.0205        66.0132
67.0474        66.0132
67.3396        66.0132
67.1672        66.0132
67.2299        66.0132
66.9874        66.0132
66.5687        66.0132
66.5723        66.0132
66.5633        66.0132
67.1401        66.0132
67.3069        66.0132
67.2672        66.0132
67.1443        66.0132
66.6403        66.0132
66.3715        66.0132
66.4137        66.0132
66.506        66.0132
66.693        66.0132
66.513        66.0132
66.8248        66.0132
67.2405        66.0132
67.2023        66.0132
66.9415        66.0132
66.9123        66.0132
67.0518        66.0132
67.0908        66.0132
66.8954        66.0132
66.503        66.0132
66.5742        66.0132
66.7991        66.0132
67.1069        66.0132
66.977        66.0132
66.8787        66.0132
66.3132        66.0132
66.7758        66.0132
66.9257        66.0132
67.043        66.0132
66.578        66.0132
67.2315        66.0132
67.2617        66.0132
67.4488        66.0132
67.2189        66.0132
66.5631        66.0132
66.4553        66.0132
66.3183        66.0132
66.7596        66.0132
67.0061        66.0132
66.7237        66.0132
66.6316        66.0132
66.4408        66.0132
66.4356        66.0132
66.6323        66.0132
66.6391        66.0132
66.5498        66.0132
66.6397        66.0132
67.0218        66.0132
67.0362        66.0132
66.7569        66.0132
67.1701        66.0132
66.8378        66.0132
66.6537        66.0132
66.8381        66.0132
67.0277        66.0132
66.9202        66.0132
66.6008        66.0132
66.932        66.0132
66.9194        66.0132
66.8991        66.0132
66.6143        66.0132
66.8809        66.0132
66.9874        66.0132
66.8588        66.0132
66.939        66.0132
66.6311        66.0132
66.8614        66.0132
66.9481        66.0132
66.6964        66.0132
66.7017        66.0132
66.9222        66.0132
66.8845        66.0132
66.6692        66.0132
66.5101        66.0132
66.3466        66.0132
66.8492        66.0132
67.1038        66.0132
67.3507        66.0132
66.9334        66.0132
66.5227        66.0132
66.3627        66.0132
66.208        66.0132
66.7347        66.0132
66.7794        66.0132
66.8403        66.0132
66.8365        66.0132
66.2782        66.0132
66.5122        66.0132
67.024        66.0132
66.7534        66.0132
66.625        66.0132
66.4226        66.0132
66.4604        66.0132
66.5081        66.0132
66.5851        66.0132
66.5404        66.0132
66.827        66.0132
66.5686        66.0132
66.6036        66.0132
66.7275        66.0132
66.6248        66.0132
66.5958        66.0132
66.5431        66.0132
66.385        66.0132
66.4697        66.0132
66.4126        66.0132
66.6513        66.0132
66.6006        66.0132
66.4323        66.0132
66.4836        66.0132
66.9433        66.0132
66.3796        66.0132
66.3876        66.0132
66.7669        66.0132
66.5966        66.0132
66.6757        66.0132
66.7763        66.0132
66.7962        66.0132
66.6359        66.0132
66.6913        66.0132
66.7359        66.0132
66.8017        66.0132
66.6945        66.0132
66.7056        66.0132
66.6807        66.0132
66.5653        66.0132
66.3459        66.0132
66.245        66.0132
66.7422        66.0132
66.588        66.0132
66.5642        66.0132
66.2787        66.0132
66.2117        66.0132
66.3197        66.0132
66.4261        66.0132
66.3997        66.0132
66.7295        66.0132
66.2295        66.0132
66.1162        66.0132
66.4926        66.0132
66.5021        66.0132
66.4925        66.0132
66.5028        66.0132
66.6247        66.0132
66.5749        66.0132
66.6391        66.0132
66.9103        66.0132
67.3433        66.0132
67.0386        66.0132
66.9958        66.0132
67.2641        66.0132
66.6444        66.0132
66.5614        66.0132
66.47        66.0132
66.8054        66.0132
66.5805        66.0132
67.0105        66.0132
66.8909        66.0132
66.4961        66.0132
66.7771        66.0132
67.1153        66.0132
66.6535        66.0132
66.4611        66.0132
66.7017        66.0132
66.5027        66.0132
66.8492        66.0132
66.4699        66.0132
66.8038        66.0132
66.6255        66.0132
66.7393        66.0132
66.7815        66.0132
66.587        66.0132
66.8366        66.0132
66.576        66.0132
66.5624        66.0132
66.639        66.0132
67.5227        66.0132
67.3849        66.0132
66.6258        66.0132
66.9284        66.0132
67.0841        66.0132
66.7053        66.0132
66.801        66.0132
67.0037        66.0132
66.7115        66.0132
67.0206        66.0132
67.1469        66.0132
66.6937        66.0132
66.6353        66.0132
66.6235        66.0132
66.5258        66.0132
66.4862        66.0132
66.4068        66.0132
66.5221        66.0132
66.4288        66.0132
66.7176        66.0132
67.2469        66.0132
66.9973        66.0132
66.7001        66.0132
66.4451        66.0132
66.621        66.0132
66.5011        66.0132
66.3773        66.0132
66.5329        66.0132
66.5054        66.0132
66.7439        66.0132
66.8242        66.0132
67.1256        66.0132
66.6507        66.0132
66.9499        66.0132
66.8255        65.1879
66.7903        65.1879
66.7354        65.1879
66.553        65.1879
66.8896        65.1879
66.0607        65.1879
66.0195        65.1879
65.5426        65.1879
65.9804        65.1879
65.8874        65.1879
65.9671        65.1879
65.7203        65.1879
65.67        65.1879
65.7371        65.1879
65.9451        65.1879
65.511        65.1879
65.6175        65.1879
65.8255        65.1879
66.0851        65.1879
65.7135        65.1879
65.7378        65.1879
65.6673        65.1879
65.5804        65.1879
66.0887        65.1879
66.1708        65.1879
65.8764        65.1879
65.9463        65.1879
65.9552        65.1879
65.6168        65.1879
65.3929        65.1879
65.6753        65.1879
65.5271        65.1879
66.0046        65.1879
65.7115        65.1879
65.7676        65.1879
65.7653        65.1879
65.8398        65.1879
65.5765        65.1879
65.6236        65.1879
65.4085        65.1879
65.5305        65.1879
65.8315        65.1879
65.7722        65.1879
65.9038        65.1879
66.5597        65.1879
65.6953        65.1879
65.4704        65.1879
65.564        65.1879
65.5648        65.1879
65.8174        65.1879
65.5348        65.1879
65.5791        65.1879
65.8335        65.1879
66.0412        65.1879
66.2998        65.1879
66.216        65.1879
66.4047        65.1879
66.0669        65.1879
66.5115        65.1879
65.8677        65.1879
66.3231        65.1879
66.3871        65.1879
66.1353        65.1879
65.8323        65.1879
65.5361        65.1879
65.8365        65.1879
66.1002        65.1879
65.8155        65.1879
66.0732        65.1879
65.9143        65.1879
65.291        65.1879
65.2982        65.1879
65.5643        65.1879
65.5901        65.1879
65.5658        65.1879
65.6305        65.1879
65.6524        65.1879
65.8379        65.1879
65.7106        65.1879
65.6306        65.1879
65.7138        65.1879
65.5432        65.1879
65.7648        65.1879
65.5579        65.1879
65.4261        65.1879
65.8988        65.1879
66.2374        65.1879
66.782        65.1879
66.0012        65.1879
65.7055        65.1879
65.9521        65.1879
66.2273        65.1879
66.1743        65.1879
65.9766        65.1879
65.43        65.1879
65.6806        65.1879
65.8735        65.1879
66.0689        65.1879
65.7299        65.1879
65.7827        65.1879
65.6185        65.1879
65.614        65.1879
65.8311        65.1879
66.0594        65.1879
66.0973        65.1879
65.8864        65.1879
65.9784        65.1879
65.6739        65.1879
65.5221        65.1879
65.9228        65.1879
65.8387        65.1879
65.7205        65.1879
65.6961        65.1879
65.6914        65.1879
65.6407        65.1879
65.7296        65.1879
65.5309        65.1879
65.7562        65.1879
65.8135        65.1879
65.6978        65.1879
65.852        65.1879
66.1067        65.1879
65.9033        65.1879
66.1903        65.1879
65.7264        65.1879
65.5794        65.1879
65.3899        65.1879
66.1738        65.1879
65.8906        65.1879
65.5324        65.1879
65.5339        65.1879
65.8684        65.1879
66.0517        65.1879
65.8966        65.1879
65.9273        65.1879
66.0708        65.1879
65.8634        65.1879
65.7474        65.1879
65.8258        65.1879
65.8228        65.1879
66.094        65.1879
66.0565        65.1879
65.671        65.1879
65.6168        65.1879
65.6361        65.1879
66.0808        65.1879
65.88        65.1879
65.6564        65.1879
65.7735        65.1879
66.0392        65.1879
65.9008        65.1879
65.9001        65.1879
65.9073        65.1879
65.7274        65.1879
66.174        65.1879
65.6435        65.1879
66.1969        65.1879
66.0458        65.1879
65.8546        65.1879
65.774        65.1879
65.8446        65.1879
66.1981        65.1879
66.0012        65.1879
66.1342        65.1879
65.6045        65.1879
65.8288        65.1879
65.6218        65.1879
65.4134        65.1879
65.6421        65.1879
65.5934        65.1879
65.671        65.1879
65.8768        65.1879
65.9156        65.1879
66.353        65.1879
66.4687        65.1879
66.1807        65.1879
66.0276        65.1879
65.5975        65.1879
65.6314        65.1879
65.6769        65.1879
65.8464        65.1879
66.3063        65.1879
66.1677        65.1879
65.7186        65.1879
65.4566        65.1879
65.5702        65.1879
65.8371        65.1879
66.1924        65.1879
65.8251        65.1879
65.8696        65.1879
65.5843        65.1879
65.7175        65.1879
66.1115        65.1879
65.9844        65.1879
65.9421        65.1879
66.0671        65.1879
65.6603        65.1879
65.7347        65.1879
65.8807        65.1879
65.8993        65.1879
65.9862        65.1879
65.9483        65.1879
65.8242        65.1879
65.8222        65.1879
65.754        65.1879
66.3282        65.1879
66.0034        65.1879
65.9417        65.1879
65.9313        65.1879
65.7654        65.1879
65.8787        65.1879
66.0134        65.1879
66.2731        65.1879
65.7283        65.1879
65.6235        65.1879
65.4951        65.1879
65.6883        65.1879
66.069        65.1879
65.699        65.1879
65.5875        65.1879
65.5131        65.1879
65.3455        65.1879
65.543        65.1879
65.6383        65.1879
65.7554        65.1879
65.8412        65.1879
65.9552        65.1879
66.3991        65.1879
65.7658        65.1879
65.5961        65.1879
65.7809        65.1879
66.1528        65.1879
66.6806        65.1879
66.2783        65.1879
66.2471        65.1879
65.9356        65.1879
66.0123        65.1879
66.1646        65.1879
65.9241        65.1879
65.6687        65.1879
65.9974        65.1879
66.0598        65.1879
65.8683        65.1879
65.5935        65.1879
65.8265        65.1879
65.5803        65.1879
65.9218        65.1879
65.9277        65.1879
65.8082        65.1879
65.8347        65.1879
65.6793        65.1879
65.4951        65.1879
65.7517        65.1879
65.738        65.1879
66.4028        65.1879
66.2532        65.1879
66.0004        65.1879
65.7156        65.1879
65.9048        65.1879
65.7998        65.1879
66.0744        65.1879
66.0687        65.1879
66.1403        65.1879
66.2381        65.1879
66.3692        65.1879
65.7616        65.1879
65.6683        65.1879
66.0575        65.1879
66.2284        65.1879
66.2858        65.1879
66.3359        65.1879
66.1159        65.1879
66.0868        65.1879
66.0962        65.1879
66.115        65.1879
65.9784        65.1879
65.6424        65.1879
65.3337        65.1879
65.4071        65.1879
65.6463        65.1879
65.7649        65.1879
65.6264        65.1879
65.6035        65.1879
65.5402        65.1879
65.5605        65.1879
65.9743        65.1879
65.5982        65.1879
65.3753        65.1879
66.2646        65.1879
66.1684        65.1879
66.1661        65.1879
65.9517        65.1879
65.8572        65.1879
66.1642        65.1879
66.5023        65.1879
66.1017        65.1879
66.5905        65.1879
66.1867        65.1879
65.9509        65.1879
66.1627        65.1879
65.7004        65.1879
66.1271        65.1879
66.0876        65.1879
65.9693        65.1879
65.8812        65.1879
65.8478        65.1879
65.5888        65.1879
65.8539        65.1879
65.8278        65.1879
65.5779        65.1879
65.4221        65.1879
65.8322        65.1879
65.6109        65.1879
65.6392        65.1879
65.8929        65.1879
65.8372        65.1879
65.5159        65.1879
65.3547        65.1879
65.4564        65.1879
65.9983        65.1879
66.2659        65.1879
66.2037        65.1879
65.936        65.1879
66.5024        65.1879
66.1238        65.1879
65.6234        65.1879
65.8337        65.1879
66.3066        65.1879
65.788        65.1879
65.6444        65.1879
65.8777        65.1879
65.566        65.1879
65.8575        65.1879
65.9861        65.1879
65.8805        65.1879
66.1062        65.1879
66.2086        65.1879
66.4523        65.1879
66.3765        65.1879
66.2763        65.1879
66.1459        65.1879
66.1312        65.1879
66.2489        65.1879
66.0949        65.1879
65.7521        65.1879
66.1731        65.1879
66.2649        65.1879
65.8495        65.1879
65.6951        65.1879
65.6758        65.1879
66.0993        65.1879
65.8538        65.1879
66.0136        65.1879
66.0083        65.1879
66.3098        65.1879
65.922        65.1879
66.4997        65.1879
65.7085        65.1879
65.607        65.1879
65.603        65.1879
65.6696        65.1879
65.6043        65.1879
65.7125        65.1879
66.1596        65.1879
65.9159        65.1879
65.8061        65.1879
65.7218        65.1879
65.8576        65.1879
65.7213        65.1879
65.7858        65.1879
65.9752        65.1879
65.959        65.1879
65.9154        65.1879
66.4124        65.1879
66.0662        65.1879
65.9273        65.1879
65.8855        65.1879
65.6659        65.1879
65.6764        65.1879
65.9945        65.1879
65.8628        65.1879
66.0895        65.1879
66.0242        65.1879
66.0208        65.1879
65.9507        65.1879
66.0679        65.1879
66.1141        65.1879
65.9285        65.1879
65.9554        65.1879
65.7195        65.1879
66.1256        65.1879
66.216        65.1879
65.9588        65.1879
65.7091        65.1879
65.6684        65.1879
65.6331        65.1879
65.7951        65.1879
66.1291        65.1879
65.9571        65.1879
65.8637        65.1879
65.9712        65.1879
65.6675        65.1879
66.044        65.1879
65.7754        65.1879
65.6355        65.1879
65.8207        65.1879
66.1171        65.1879
66.1466        65.1879
65.9962        65.1879
65.5107        65.1879
65.6162        65.1879
65.8855        65.1879
66.3065        65.1879
66.2935        65.1879
66.4669        65.1879
65.8764        65.1879
66.2882        65.1879
66.0435        65.1879
65.8952        65.1879
65.9604        65.1879
65.9813        65.1879
65.9032        65.1879
65.6152        65.1879
65.7521        65.1879
65.4459        65.1879
65.4656        65.1879
65.3253        65.1879
65.7526        65.1879
65.9612        65.1879
66.056        65.1879
65.7774        65.1879
65.9657        65.1879
65.7995        65.1879
65.4995        65.1879
65.6251        65.1879
65.2255        65.1879
65.8149        65.1879
66.1752        65.1879
65.7085        65.1879
66.2407        65.1879
65.8794        65.1879
66.3512        65.1879
65.9157        65.1879
66.3446        65.1879
66.3065        65.1879
65.9254        65.1879
66.3766        65.1879
66.2429        65.1879
66.5439        65.1879
66.243        65.1879
65.9467        65.1879
65.8645        65.1879
65.9052        65.1879
65.8446        65.1879
66.2512        65.1879
66.7291        65.1879
66.1729        65.1879
66.5435        65.1879
66.4763        65.1879
65.8634        65.1879
65.7845        65.1879
65.8514        65.1879
65.7883        65.1879
65.6246        65.1879
65.6231        65.1879
65.7432        65.1879
66.0262        65.1879
66.2532        65.1879
66.1265        65.1879
66.2238        65.1879
65.9083        65.1879
66.1991        65.1879
66.0279        65.1879
66.1577        65.1879
66.0703        65.1879
65.9985        65.1879
66.1555        65.1879
65.5767        65.1879
65.9512        65.1879
65.99        65.1879
66.2306        65.1879
65.9151        65.1879
65.9143        65.1879
65.9525        65.1879
65.8604        65.1879
65.8876        65.1879
65.6795        65.1879
65.9122        65.1879
65.6033        65.1879
65.7368        65.1879
65.6458        65.1879
65.6443        65.1879
65.8321        65.1879
65.8168        65.1879
66.346        65.1879
66.0542        65.1879
65.9468        65.1879
65.9897        65.1879
65.9078        65.1879
65.6127        65.1879
65.8066        65.1879
65.8484        65.1879
65.8946        65.1879
66.0625        65.1879
65.9362        65.1879
66.2889        65.1879
66.9081        65.1879
66.5135        65.1879
65.7701        65.1879
65.6611        65.1879
65.671        65.1879
65.5996        65.1879
65.4835        65.1879
65.9478        65.1879
65.8902        65.1879
65.6069        65.1879
65.3988        65.1879
65.467        65.1879
65.6029        65.1879
65.554        65.1879
65.765        65.1879
65.9641        65.1879
66.0077        65.1879
66.1318        65.1879
66.0291        65.1879
66.1473        65.1879
65.8848        65.1879
65.5564        65.1879
65.5325        65.1879
65.664        65.1879
65.6742        65.1879
66.2934        65.1879
65.9247        65.1879
66.2275        65.1879
66.3251        65.1879
66.3809        65.1879
66.0612        65.1879
65.7355        65.1879
65.7302        65.1879
65.7273        65.1879
65.3908        65.1879
65.7264        65.1879
65.4938        65.1879
65.7983        65.1879
65.7993        65.1879
66.1816        65.1879
66.0745        65.1879
65.7345        65.1879
65.8203        65.1879
65.7094        65.1879
65.9276        65.1879
65.3564        65.1879
65.5739        65.1879
66.129        65.1879
66.4765        65.1879
66.0291        65.1879
66.1668        65.1879
66.052        65.1879
65.9228        65.1879
65.735        65.1879
65.8079        65.1879
65.9403        65.1879
66.1473        65.1879
65.8927        65.1879
65.9116        65.1879
65.8833        65.1879
65.7162        65.1879
65.8209        65.1879
65.4766        65.1879
65.6179        65.1879
65.9553        65.1879
66.0025        65.1879
66.0169        65.1879
66.1758        65.1879
66.1078        65.1879
66.0475        65.1879
66.1277        65.1879
66.4372        65.1879
66.3303        65.1879
65.9482        65.1879
65.6961        65.1879
65.9872        65.1879
66.0587        65.1879
66.2429        65.1879
66.4652        65.1879
66.4857        65.1879
66.4191        65.1879
66.1634        65.1879
66.0939        65.1879
66.3081        65.1879
66.6339        65.1879
65.9541        65.1879
66.0513        65.1879
65.6809        65.1879
65.9828        65.1879
66.2601        65.1879
66.1051        65.1879
66.0965        65.1879
66.0892        65.1879
65.7158        65.1879
65.3893        65.1879
65.613        65.1879
65.9571        65.1879
66.0035        65.1879
66.019        65.1879
65.9513        65.1879
66.2917        65.1879
66.364        65.1879
66.1376        65.1879
66.1715        65.1879
66.8151        65.1879
66.1412        65.1879
66.2432        65.1879
65.9685        65.1879
65.9094        65.1879
66.0909        65.1879
66.5911        65.1879
66.3359        65.1879
66.3376        65.1879
66.5212        65.1879
65.7507        65.1879
65.9643        65.1879
65.6649        65.1879
65.6953        65.1879
65.8066        65.1879
66.0221        65.1879
65.7815        65.1879
66.1775        65.1879
65.711        65.1879
65.4681        65.1879
65.8579        65.1879
65.7166        65.1879
65.8763        65.1879
66.0344        65.1879
65.588        65.1879
65.2913        65.1879
65.6088        65.1879
65.8032        65.1879
65.77        65.1879
65.8454        65.1879
65.9343        65.1879
65.9413        65.1879
65.8789        65.1879
65.6686        65.1879
65.5549        65.1879
65.6492        65.1879
66.0289        65.1879
65.961        65.1879
65.8952        65.1879
65.6105        65.1879
65.7192        65.1879
65.4453        65.1879
65.7863        65.1879
65.6841        65.1879
65.6509        65.1879
65.9706        65.1879
66.1933        65.1879
66.4721        65.1879
65.9971        65.1879
65.7978        65.1879
66.1517        65.1879
65.703        65.1879
65.9259        65.1879
65.759        65.1879
65.9358        65.1879
65.8794        65.1879
65.7262        65.1879
65.7851        65.1879
65.852        65.1879
65.8638        65.1879
65.6488        65.1879
65.7037        65.1879
65.8778        65.1879
65.7563        65.1879
65.508        65.1879
65.7418        65.1879
65.5935        65.1879
65.7451        65.1879
66.0985        65.1879
66.3631        65.1879
66.1858        65.1879
65.9246        65.1879
66.2383        65.1879
66.105        65.1879
66.0304        65.1879
66.051        65.1879
65.9327        65.1879
66.0506        65.1879
65.8746        65.1879
65.8609        65.1879
66.4671        65.1879
66.84        65.1879
66.9542        65.1879
66.8012        65.1879
66.1959        65.1879
65.8902        65.1879
65.8904        65.1879
66.3429        65.1879
66.2322        65.1879
65.9852        65.1879
66.1154        65.1879
65.8693        65.1879
66.0677        65.1879
65.998        65.1879
65.9977        65.1879
65.7979        65.1879
66.0885        65.1879
66.1047        65.1879
66.1669        65.1879
66.1781        65.1879
65.5768        65.1879
65.8291        65.1879
66.0306        65.1879
65.751        65.1879
66        65.1879
66.055        65.1879
65.7092        65.1879
65.6766        65.1879
65.433        65.1879
65.6366        65.1879
65.44        65.1879
65.8371        65.1879
65.805        65.1879
65.5531        65.1879
65.9567        65.1879
66.1016        65.1879
65.7056        65.1879
65.7846        65.1879
66.0802        65.1879
65.8793        65.1879
65.6366        65.1879
65.7076        65.1879
65.8081        65.1879
65.7858        65.1879
66.0693        65.1879
66.0859        65.1879
66.3208        65.1879
66.3288        65.1879
66.3161        65.1879
66.0589        65.1879
66.1686        65.1879
66.4977        65.1879
66.4045        65.1879
65.8969        65.1879
66.465        65.1879
66.1286        65.1879
66.2649        65.1879
66.1613        65.1879
65.7439        65.1879
65.7172        65.1879
66.0224        65.1879
65.5934        65.1879
65.343        65.1879
65.4595        65.1879
66.1275        65.1879
66.4718        65.1879
66.3381        65.1879
66.2173        65.1879
65.9994        65.1879
66.0575        65.1879
65.7372        65.1879
66.2095        65.1879
65.8781        65.1879
65.8115        65.1879
66.4841        65.1879
66.1992        65.1879
65.9371        65.1879
65.8085        65.1879
66.0313        65.1879
65.8281        65.1879
66.0036        65.1879
65.9733        65.1879
65.9298        65.1879
65.9912        65.1879
65.9954        65.1879
66.1661        65.1879
66.0254        65.1879
66.08        65.1879
66.1932        65.1879
66.1146        65.1879
66.3936        65.1879
66.0972        65.1879
65.4949        65.1879
65.7235        65.1879
65.568        65.1879
66.0369        65.1879
65.4251        65.1879
66.0817        65.1879
66.2979        65.1879
66.2127        65.1879
65.8717        65.1879
65.9091        65.1879
66.0268        65.1879
65.9645        65.1879
66.3952        65.1879
66.3284        65.1879
66.0188        65.1879
65.8376        65.1879
65.668        65.1879
65.8963        65.1879
65.5919        65.1879
65.9812        65.1879
66.0212        65.1879
65.5299        65.1879
65.6444        65.1879
65.4434        65.1879
65.7804        65.1879
65.5058        65.1879
65.7352        65.1879
65.8951        65.1879
66.1698        65.1879
66.2526        65.1879
65.7455        65.1879
65.8581        65.1879
65.8484        65.1879
66.0764        65.1879
65.7195        65.1879
65.4755        65.1879
65.9039        65.1879
65.6744        65.1879
65.5385        65.1879
65.5803        65.1879
66.1789        65.1879
66.3507        65.1879
65.8631        65.1879
65.5445        65.1879
65.5678        65.1879
65.6346        65.1879
65.4612        65.1879
65.5262        65.1879
66.0177        65.1879
66.309        65.1879
66.3305        65.1879
66.4159        65.1879
66.1364        65.1879
65.8755        65.1879
65.6225        65.1879
65.7433        65.1879
66.1122        65.1879
66.0654        65.1879
65.6733        65.1879
65.5024        65.1879
65.6841        65.1879
65.8725        65.1879
66.0153        65.1879
65.7799        65.1879
66.0197        65.1879
66.0069        65.1879
65.7645        65.1879
65.5504        65.1879
65.4969        65.1879
65.5792        65.1879
65.505        65.1879
65.8016        65.1879
65.9313        65.1879
65.6114        65.1879
65.6427        65.1879
65.7649        65.1879
65.8157        65.1879
65.6711        65.1879
65.7703        65.1879
65.5922        65.1879
65.4764        65.1879
65.5573        65.1879
65.6472        65.1879
66.6849        65.1879
66.5429        65.1879
66.2637        65.1879
65.9133        65.1879
65.7092        65.1879
65.423        65.1879
65.4893        65.1879
65.6798        65.1879
65.935        65.1879
65.9668        65.1879
65.8486        65.1879
65.7391        65.1879
65.4368        65.1879
65.691        65.1879
65.8482        65.1879
65.8116        65.1879
66.2353        65.1879
65.7131        65.1879
65.9279        65.1879
65.6376        65.1879
65.9407        65.1879
65.6961        65.1879
66.0014        65.1879
66.2773        65.1879
65.869        65.1879
66.3015        65.1879
66.0728        65.1879
66.0257        65.1879
65.6963        65.1879
65.8219        65.1879
65.835        65.1879
65.7982        65.1879
65.6281        65.1879
65.6231        65.1879
65.8756        65.1879
66.0553        65.1879
65.6448        65.1879
65.7715        65.1879
65.9255        65.1879
65.5271        65.1879
65.8633        65.1879
65.6634        65.1879
65.7429        65.1879
65.4937        65.1879
65.5448        65.1879
65.969        64.8528
65.778        64.8528
65.9631        64.8528
66.1656        64.8528
66.3369        64.8528
65.9502        64.8528
65.6782        64.8528
65.4499        64.8528
66.1635        64.8528
66.1137        64.8528
66.3389        64.8528
65.9941        64.8528
65.9371        64.8528
65.4472        64.8528
65.6485        64.8528
65.7792        64.8528
65.5648        64.8528
65.7852        64.8528
64.9884        64.8528
65.4379        64.8528
65.6687        64.8528
66.3619        64.8528
65.7662        64.8528
65.3646        64.8528
65.3849        64.8528
65.1426        64.8528
65.7727        64.8528
65.3963        64.8528
65.4746        64.8528
65.62        64.8528
65.396        64.8528
65.5215        64.8528
65.5316        64.8528
65.2402        64.8528
65.6095        64.8528
65.7931        64.8528
65.3383        64.8528
65.3366        64.8528
65.421        64.8528
65.8205        64.8528
65.8272        64.8528
65.5099        64.8528
65.2919        64.8528
65.3682        64.8528
65.0712        64.8528
65.2635        64.8528
65.4472        64.8528
65.7312        64.8528
65.4433        64.8528
65.4483        64.8528
65.209        64.8528
65.4161        64.8528
65.4824        64.8528
65.4028        64.8528
65.6577        64.8528
65.6135        64.8528
65.9617        64.8528
65.9966        64.8528
65.7113        64.8528
65.9059        64.8528
65.7201        64.8528
65.5908        64.8528
66.0528        64.8528
66.0268        64.8528
65.6359        64.8528
65.5783        64.8528
65.3278        64.8528
65.4865        64.8528
65.7191        64.8528
65.809        64.8528
65.6358        64.8528
65.8042        64.8528
65.5326        64.8528
65.2356        64.8528
65.7198        64.8528
65.4577        64.8528
65.3306        64.8528
65.3404        64.8528
65.8089        64.8528
65.6273        64.8528
65.4932        64.8528
65.6149        64.8528
65.6389        64.8528
65.55        64.8528
65.4344        64.8528
65.1645        64.8528
65.4507        64.8528
65.3064        64.8528
65.3915        64.8528
65.7545        64.8528
65.9308        64.8528
66.105        64.8528
65.96        64.8528
65.5488        64.8528
65.2998        64.8528
65.349        64.8528
65.9987        64.8528
65.4114        64.8528
65.8372        64.8528
65.2693        64.8528
65.353        64.8528
66.0468        64.8528
66.2126        64.8528
65.9777        64.8528
65.5842        64.8528
65.7876        64.8528
65.524        64.8528
65.5362        64.8528
65.7483        64.8528
65.9914        64.8528
66.3265        64.8528
66.0994        64.8528
65.9711        64.8528
65.7861        64.8528
65.8375        64.8528
65.4742        64.8528
65.5391        64.8528
65.616        64.8528
65.5696        64.8528
65.6096        64.8528
65.5636        64.8528
65.9887        64.8528
65.8095        64.8528
66.0859        64.8528
65.61        64.8528
66.0787        64.8528
65.8196        64.8528
65.7083        64.8528
65.6753        64.8528
65.537        64.8528
65.5261        64.8528
65.4608        64.8528
65.7503        64.8528
65.6779        64.8528
65.8338        64.8528
65.6944        64.8528
65.6184        64.8528
65.7105        64.8528
65.5624        64.8528
65.5686        64.8528
65.4269        64.8528
65.4958        64.8528
65.394        64.8528
65.6763        64.8528
65.5257        64.8528
65.3571        64.8528
65.2102        64.8528
65.1177        64.8528
65.2847        64.8528
65.2712        64.8528
65.2349        64.8528
65.2123        64.8528
65.069        64.8528
65.4388        64.8528
65.6312        64.8528
65.6681        64.8528
65.6029        64.8528
65.5483        64.8528
65.6968        64.8528
65.6145        64.8528
65.8371        64.8528
65.7716        64.8528
65.9212        64.8528
65.7111        64.8528
65.4562        64.8528
65.0709        64.8528
65.1337        64.8528
65.3018        64.8528
65.6426        64.8528
65.3403        64.8528
65.344        64.8528
65.3532        64.8528
65.8388        64.8528
65.7183        64.8528
65.9687        64.8528
65.8067        64.8528
65.7091        64.8528
65.7864        64.8528
65.7216        64.8528
65.6659        64.8528
65.4346        64.8528
65.7633        64.8528
65.2812        64.8528
65.463        64.8528
65.7973        64.8528
65.9623        64.8528
65.618        64.8528
65.5733        64.8528
65.4835        64.8528
65.2174        64.8528
65.0015        64.8528
65.0966        64.8528
65.1394        64.8528
65.3714        64.8528
65.8173        64.8528
65.8285        64.8528
65.6374        64.8528
65.8516        64.8528
65.4856        64.8528
65.3409        64.8528
65.3898        64.8528
65.4243        64.8528
65.568        64.8528
65.7498        64.8528
65.5302        64.8528
65.4464        64.8528
65.6402        64.8528
65.6906        64.8528
65.8007        64.8528
65.4549        64.8528
65.7171        64.8528
65.6043        64.8528
65.9618        64.8528
66.1192        64.8528
65.9703        64.8528
66.2719        64.8528
65.9791        64.8528
65.6226        64.8528
65.5722        64.8528
65.6044        64.8528
65.3828        64.8528
65.3709        64.8528
65.3501        64.8528
65.3622        64.8528
65.8775        64.8528
65.5493        64.8528
65.3033        64.8528
65.2174        64.8528
65.3937        64.8528
65.2016        64.8528
65.4072        64.8528
65.1356        64.8528
65.6        64.8528
65.3876        64.8528
65.0629        64.8528
65.5436        64.8528
66.2851        64.8528
65.806        64.8528
65.66        64.8528
65.8112        64.8528
66.118        64.8528
65.908        64.8528
65.9848        64.8528
65.6805        64.8528
65.4744        64.8528
65.7555        64.8528
65.3715        64.8528
65.673        64.8528
65.6539        64.8528
65.7061        64.8528
65.5533        64.8528
65.7444        64.8528
65.1606        64.8528
65.4003        64.8528
65.609        64.8528
65.9887        64.8528
65.3675        64.8528
65.5443        64.8528
65.3636        64.8528
65.6055        64.8528
65.9035        64.8528
65.945        64.8528
66.0852        64.8528
65.8883        64.8528
65.436        64.8528
65.5117        64.8528
65.1767        64.8528
65.4676        64.8528
65.466        64.8528
65.5028        64.8528
65.9044        64.8528
65.6293        64.8528
65.3863        64.8528
65.5301        64.8528
65.6941        64.8528
65.8302        64.8528
66.027        64.8528
65.518        64.8528
65.588        64.8528
65.6676        64.8528
65.6414        64.8528
65.4642        64.8528
65.0801        64.8528
65.1893        64.8528
65.1872        64.8528
65.2007        64.8528
65.5156        64.8528
65.5722        64.8528
65.9242        64.8528
65.8789        64.8528
65.7828        64.8528
65.4251        64.8528
65.2606        64.8528
65.4057        64.8528
65.328        64.8528
65.8084        64.8528
65.7497        64.8528
65.2186        64.8528
65.3453        64.8528
65.4497        64.8528
65.2921        64.8528
65.2146        64.8528
65.7102        64.8528
65.145        64.8528
65.3766        64.8528
65.7715        64.8528
65.4568        64.8528
65.6341        64.8528
65.493        64.8528
65.4686        64.8528
65.7122        64.8528
65.9183        64.8528
65.9496        64.8528
65.8145        64.8528
65.5992        64.8528
66.1376        64.8528
65.9738        64.8528
65.8512        64.8528
65.1976        64.8528
65.445        64.8528
65.2548        64.8528
65.9396        64.8528
66.06        64.8528
65.7721        64.8528
65.4778        64.8528
65.4713        64.8528
65.5852        64.8528
65.9201        64.8528
65.5398        64.8528
65.4877        64.8528
65.7714        64.8528
65.7994        64.8528
66.2458        64.8528
66.1485        64.8528
65.8362        64.8528
65.8368        64.8528
65.7198        64.8528
65.7088        64.8528
65.2959        64.8528
65.6262        64.8528
65.8952        64.8528
65.6782        64.8528
66.0093        64.8528
65.7194        64.8528
65.7333        64.8528
65.8711        64.8528
66.1948        64.8528
66.0122        64.8528
65.6074        64.8528
65.414        64.8528
65.1228        64.8528
65.1934        64.8528
65.5393        64.8528
65.3307        64.8528
65.4138        64.8528
65.5426        64.8528
65.7061        64.8528
65.891        64.8528
65.7118        64.8528
65.8811        64.8528
65.6125        64.8528
65.3245        64.8528
65.7279        64.8528
65.4881        64.8528
65.6423        64.8528
65.353        64.8528
65.7353        64.8528
66.0303        64.8528
65.8696        64.8528
65.7304        64.8528
65.5671        64.8528
65.7555        64.8528
65.5385        64.8528
65.6796        64.8528
65.5439        64.8528
65.8105        64.8528
65.2541        64.8528
65.7163        64.8528
65.5153        64.8528
65.698        64.8528
65.7144        64.8528
65.8292        64.8528
65.7699        64.8528
65.6327        64.8528
65.7699        64.8528
65.1768        64.8528
65.4531        64.8528
65.6169        64.8528
66.0505        64.8528
65.8382        64.8528
65.4713        64.8528
65.3365        64.8528
65.1754        64.8528
65.4179        64.8528
65.4923        64.8528
65.6972        64.8528
65.6725        64.8528
65.6959        64.8528
65.8546        64.8528
65.4784        64.8528
65.7763        64.8528
65.6151        64.8528
65.7415        64.8528
65.2736        64.8528
65.1523        64.8528
65.4112        64.8528
65.428        64.8528
65.5449        64.8528
65.5174        64.8528
65.4986        64.8528
65.2322        64.8528
65.6588        64.8528
65.5641        64.8528
65.6103        64.8528
65.3981        64.8528
64.9329        64.8528
65.0886        64.8528
65.3802        64.8528
65.3622        64.8528
65.647        64.8528
65.4619        64.8528
65.1964        64.8528
65.5017        64.8528
65.6188        64.8528
66.0784        64.8528
65.5516        64.8528
65.3922        64.8528
65.7493        64.8528
65.3954        64.8528
65.5708        64.8528
65.2631        64.8528
65.3554        64.8528
65.1414        64.8528
65.0985        64.8528
65.3209        64.8528
65.4538        64.8528
66.0306        64.8528
65.6436        64.8528
65.9694        64.8528
65.9224        64.8528
65.7971        64.8528
65.283        64.8528
65.3714        64.8528
65.5439        64.8528
65.8391        64.8528
66.1165        64.8528
65.8782        64.8528
65.5843        64.8528
65.2026        64.8528
65.3152        64.8528
66.0365        64.8528
65.4905        64.8528
65.5485        64.8528
65.5888        64.8528
65.6016        64.8528
65.4087        64.8528
65.4209        64.8528
65.5036        64.8528
65.1091        64.8528
65.0079        64.8528
65.3777        64.8528
65.4446        64.8528
65.4652        64.8528
65.7312        64.8528
65.91        64.8528
65.5195        64.8528
65.7927        64.8528
65.6238        64.8528
65.4173        64.8528
65.385        64.8528
65.7335        64.8528
65.4327        64.8528
65.1716        64.8528
65.2749        64.8528
65.452        64.8528
65.4803        64.8528
65.7234        64.8528
65.5356        64.8528
65.701        64.8528
66.0554        64.8528
65.5831        64.8528
65.2406        64.8528
65.0389        64.8528
65.1712        64.8528
65.2685        64.8528
65.2382        64.8528
65.3765        64.8528
65.6903        64.8528
65.5675        64.8528
65.5943        64.8528
65.7234        64.8528
65.2131        64.8528
65.5491        64.8528
65.6967        64.8528
65.7188        64.8528
65.6809        64.8528
65.7026        64.8528
65.6086        64.8528
65.3436        64.8528
65.9409        64.8528
65.4168        64.8528
65.8358        64.8528
65.8299        64.8528
65.7954        64.8528
65.4301        64.8528
65.5569        64.8528
65.327        64.8528
65.5486        64.8528
65.296        64.8528
66.0195        64.8528
65.6416        64.8528
65.4151        64.8528
65.2351        64.8528
65.0658        64.8528
65.4298        64.8528
65.3453        64.8528
65.4662        64.8528
65.1798        64.8528
65.0706        64.8528
65.6381        64.8528
65.7153        64.8528
65.6798        64.8528
65.6734        64.8528
65.6226        64.8528
65.3191        64.8528
65.5132        64.8528
66.0097        64.8528
66.0302        64.8528
65.7355        64.8528
65.3188        64.8528
65.7909        64.8528
65.3176        64.8528
65.6195        64.8528
65.3922        64.8528
65.5294        64.8528
65.2151        64.8528
65.6933        64.8528
65.6381        64.8528
65.8091        64.8528
65.7587        64.8528
65.9893        64.8528
65.728        64.8528
65.5294        64.8528
65.6215        64.8528
65.499        64.8528
65.3269        64.8528
65.5159        64.8528
65.3343        64.8528
65.6553        64.8528
65.9668        64.8528
65.5673        64.8528
65.8895        64.8528
65.8401        64.8528
65.3533        64.8528
65.4668        64.8528
65.5157        64.8528
65.3504        64.8528
65.6051        64.8528
65.2794        64.8528
65.1133        64.8528
65.1167        64.8528
65.287        64.8528
65.5034        64.8528
65.3468        64.8528
65.161        64.8528
65.1189        64.8528
65.6692        64.8528
65.4196        64.8528
65.2172        64.8528
65.2876        64.8528
65.2194        64.8528
65.4461        64.8528
65.3296        64.8528
65.3515        64.8528
65.4269        64.8528
65.6175        64.8528
65.4228        64.8528
65.7892        64.8528
66.1534        64.8528
65.3817        64.8528
65.6127        64.8528
65.5998        64.8528
65.6325        64.8528
65.6853        64.8528
66.3077        64.8528
65.848        64.8528
65.9279        64.8528
65.9466        64.8528
65.305        64.8528
65.0453        64.8528
65.3428        64.8528
65.3379        64.8528
65.5979        64.8528
65.4317        64.8528
65.4879        64.8528
65.5492        64.8528
65.5736        64.8528
65.5892        64.8528
65.3475        64.8528
65.0158        64.8528
65.0284        64.8528
65.0678        64.8528
65.1992        64.8528
65.378        64.8528
65.2119        64.8528
65.4875        64.8528
65.4688        64.8528
65.2044        64.8528
65.7625        64.8528
66.0914        64.8528
65.6211        64.8528
65.3913        64.8528
65.806        64.8528
65.3715        64.8528
65.655        64.8528
65.311        64.8528
65.5701        64.8528
65.6949        64.8528
65.6531        64.8528
65.7249        64.8528
66.2096        64.8528
65.7172        64.8528
65.5258        64.8528
65.7795        64.8528
65.544        64.8528
65.1192        64.8528
64.9803        64.8528
65.4355        64.8528
65.4976        64.8528
65.6846        64.8528
65.9528        64.8528
65.7646        64.8528
65.6855        64.8528
65.8384        64.8528
65.3964        64.8528
65.4444        64.8528
65.7725        64.8528
65.4911        64.8528
64.9769        64.8528
65.4883        64.8528
65.5703        64.8528
65.3256        64.8528
65.4578        64.8528
65.6448        64.8528
65.6803        64.8528
65.616        64.8528
65.2066        64.8528
65.9265        64.8528
65.5089        64.8528
65.1437        64.8528
65.0964        64.8528
65.4465        64.8528
65.0835        64.8528
65.6495        64.8528
65.3972        64.8528
65.2873        64.8528
65.2197        64.8528
65.6167        64.8528
65.3976        64.8528
65.5099        64.8528
65.6577        64.8528
65.131        64.8528
65.1299        64.8528
65.3519        64.8528
65.2465        64.8528
65.4368        64.8528
65.3567        64.8528
65.4098        64.8528
65.7691        64.8528
65.5591        64.8528
66.0197        64.8528
65.6642        64.8528
65.6268        64.8528
65.3158        64.8528
65.3936        64.8528
65.5082        64.8528
65.3403        64.8528
65.6734        64.8528
65.4758        64.8528
65.4053        64.8528
65.6374        64.8528
65.3412        64.8528
65.2164        64.8528
65.0989        64.8528
65.5139        64.8528
65.8197        64.8528
65.5881        64.8528
65.5908        64.8528
65.3881        64.8528
65.226        64.8528
65.1782        64.8528
65.4411        64.8528
65.2978        64.8528
65.8239        64.8528
66.2367        64.8528
66.2169        64.8528
66.1366        64.8528
65.9959        64.8528
65.9899        64.8528
65.8373        64.8528
65.779        64.8528
65.4652        64.8528
65.7995        64.8528
65.3552        64.8528
65.8589        64.8528
65.557        64.8528
65.6436        64.8528
65.4485        64.8528
65.3455        64.8528
65.5153        64.8528
65.5815        64.8528
65.8128        64.8528
65.4823        64.8528
65.436        64.8528
65.43        64.8528
65.3999        64.8528
65.3521        64.8528
65.1852        64.8528
65.1634        64.8528
65.5324        64.8528
65.4596        64.8528
65.6942        64.8528
65.8635        64.8528
65.7356        64.8528
65.2639        64.8528
65.2505        64.8528
65.4052        64.8528
65.7292        64.8528
65.5248        64.8528
65.5553        64.8528
65.299        64.8528
65.472        64.8528
65.5367        64.8528
65.862        64.8528
65.9915        64.8528
65.7863        64.8528
65.843        64.8528
65.7905        64.8528
65.7449        64.8528
65.8489        64.8528
65.4949        64.8528
65.6236        64.8528
66.2607        64.8528
65.3757        64.8528
65.7767        64.8528
66.1716        64.8528
65.7155        64.8528
65.5498        64.8528
65.6356        64.8528
65.5124        64.8528
65.6401        64.8528
66.1067        64.8528
65.74        64.8528
65.4997        64.8528
65.3717        64.8528
65.1799        64.8528
65.1405        64.8528
65.4117        64.8528
65.3039        64.8528
65.2805        64.8528
65.6173        64.8528
65.4158        64.8528
65.1614        64.8528
65.4554        64.8528
65.5181        64.8528
65.4983        64.8528
65.5027        64.8528
66.3134        64.8528
66.3537        64.8528
66.1753        64.8528
66.0437        64.8528
65.3709        64.8528
65.7478        64.8528
65.6218        64.8528
65.4319        64.8528
65.3787        64.8528
65.5169        64.8528
65.6841        64.8528
65.4685        64.8528
65.6228        64.8528
66.0039        64.8528
65.737        64.8528
65.3944        64.8528
65.6415        64.8528
65.5589        64.8528
65.283        64.8528
65.4553        64.8528
65.6886        64.8528
65.5487        64.8528
66.2264        64.8528
65.774        64.8528
65.67        64.8528
65.3529        64.8528
65.9098        64.8528
65.4998        64.8528
65.8436        64.8528
65.3221        64.8528
65.7507        64.8528
65.2576        64.8528
65.8081        64.8528
66.0956        64.8528
65.831        64.8528
65.6884        64.8528
65.4931        64.8528
65.1752        64.8528
65.3104        64.8528
65.1043        64.8528
65.3227        64.8528
65.2185        64.8528
65.6006        64.8528
65.3216        64.8528
65.7468        64.8528
65.3467        64.8528
65.8449        64.8528
65.7819        64.8528
65.827        64.8528
65.3671        64.8528
65.2124        64.8528
65.4497        64.8528
65.5643        64.8528
65.3954        64.8528
65.3531        64.8528
65.4499        64.8528
65.4001        64.8528
65.3057        64.8528
65.7362        64.8528
65.6363        64.8528
65.5915        64.8528
65.9843        64.8528
65.7991        64.8528
65.5037        64.8528
65.6188        64.8528
65.9866        64.8528
65.6337        64.8528
65.2985        64.8528
65.9381        64.8528
66.0133        64.8528
65.6351        64.8528
65.6945        64.8528
65.9246        64.8528
65.8052        64.8528
65.2552        64.8528
65.5063        64.8528
65.6532        64.8528
65.6949        64.8528
65.4665        64.8528
65.5929        64.8528
65.3673        64.8528
65.6625        64.8528
65.8076        64.8528
65.4701        64.8528
65.4181        64.8528
65.5213        64.8528
65.5985        64.8528
65.4547        64.8528
66.2084        64.8528
65.7888        64.8528
65.5996        64.8528
65.6491        64.8528
65.5413        64.8528
65.8893        64.8528
65.4828        64.8528
65.5384        64.8528
65.0868        64.8528
65.3827        64.8528
65.561        64.8528
65.181        64.8528
65.6045        64.8528
65.3147        64.8528
65.3147        64.8528
65.2302        64.8528
65.3403        64.8528
65.4185        64.8528
65.8375        64.8528
66.052        64.8528
65.9608        64.8528
65.6881        64.8528
65.7625        64.8528
65.4903        64.8528
65.6608        64.8528
65.4923        64.8528
65.7667        64.8528
65.75        64.8528
65.7918        64.8528
65.458        64.8528
65.2299        64.8528
65.8566        64.8528
65.8792        64.8528
65.8943        64.8528
65.449        64.8528
65.2729        64.8528
65.4991        64.8528
65.392        64.8528
65.4909        64.8528
65.9539        64.8528
65.5661        64.8528
66.0537        64.8528
66.2632        64.8528
65.8839        64.8528
65.5645        64.8528
65.8235        64.8528
65.9518        64.8528
65.8718        64.8528
65.7877        64.8528
65.4548        64.8528
66.0867        64.8528
65.8658        64.8528
65.8885        64.8528
65.3515        64.8528
65.8099        64.8528
65.7288        64.8528
65.544        64.8528
65.5494        64.8528
65.6878        64.8528
65.1995        64.8528
65.3254        64.8528
65.2091        64.8528
65.5257        64.8528
65.9471        64.8528
65.7499        64.8528
65.3537        64.8528
65.2507        64.8528
65.8023        64.8528
65.1217        64.8528
65.2494        64.8528
65.1323        64.8528
65.0528        64.8528
65.2873        64.8528
65.3277        64.8528
65.2506        64.8528
65.2967        64.8528
65.1165        64.8528
65.3753        64.8528
65.6955        64.8528
65.7859        64.8528
65.7716        64.8528
65.3944        64.8528
65.3427        64.8528
65.083        64.8528
65.3724        64.8528
65.6591        64.8528
65.3584        64.8528
65.8265        64.8528
65.6494        64.8528
65.8131        64.8528
65.9227        64.8528
65.7378        64.8528
65.5619        64.8528
66.103        64.8528
66.3252        64.8528
65.9455        64.8528
66.1017        64.8528
65.7324        64.8528
65.5007        64.8528
65.2745        64.8528
65.6807        64.8528
65.466        64.8528
65.801        64.8528
66.0803        64.8528
66.1442        64.8528
65.3979        64.8528
65.4809        64.8528
65.7374        64.8528
65.6965        64.8528
65.7095        64.8528
65.699        64.8528
65.9321        64.8528
65.953        64.8528
66.3574        64.8528
66.0458        64.8528
66.1486        64.8528
65.9395        64.8528
66.0752        64.8528
65.8387        64.8528
65.6722        64.8528
65.7874        64.8528
65.3434        64.8528
65.6499        64.8528
65.7411        64.8528
65.3404        64.8528
65.4489        64.8528
65.3687        64.8528
65.3108        64.8528
65.2193        64.8528
65.8939        64.8528
65.5386        64.8528
65.6413        64.8528
66.0964        64.8528
65.9642        64.8528
65.8114        64.8528
65.8352        64.8528
65.1634        64.8528
65.2336        64.8528
65.1971        64.8528
65.6112        64.8528
65.239        64.8528
65.3343        64.8528
65.3931        64.8528
65.3626        64.8528
65.7297        64.8528
65.4583        64.8528
65.5048        64.8528
65.783        64.8528
66.1794        64.8528
66.2314        64.8528
65.7977        64.8528
66.4027        64.8528
66.4765        64.8528
66.0485        64.8528
65.4379        64.8528
65.4997        64.8528
65.5467        64.8528
65.5042        64.8528
65.2778        64.8528
65.3445        64.8528
65.437        64.8528
65.3195        64.8528
65.8294        64.8528
65.703        64.8528
65.541        64.8528
65.3657        64.8528
65.7228        64.8528
65.6692        64.8528
65.7068        64.8528
65.7687        64.8528
65.3257        64.8528
65.2135        64.8528
65.4666        64.8528
65.5401        64.8528
65.702        64.8528
65.3674        64.8528
65.5508        64.8528
66.1965        64.8528
65.8995        64.8528
66.6608        64.8528
66.3813        64.8528
66.0013        64.8528
66.0429        64.8528
66.1094        64.8528
65.5506        64.8528
65.4261        64.8528
65.3868        64.8528
65.9325        64.8528
65.789        64.8528
65.7366        64.8528
65.5888        64.8528
65.4755        64.8528
65.8623        64.8528
65.6268        64.8528
65.516        64.8528
65.3938        64.8528
65.7244        64.8528
65.83        64.8528
65.9311        64.8528
65.8229        64.8528
65.5015        64.8528
65.5544        64.8528
65.5559        64.8528
65.6105        64.8528
65.6962        64.8528
65.702        64.8528
65.8292        64.8528
65.6974        64.8528
65.8358        64.8528
65.5107        64.8528
65.634        64.8528
65.8418        64.8528
65.5973        64.8528
65.7754        64.8528
65.8258        64.8528
65.5334        64.8528
65.5155        64.8528
65.7894        64.8528
65.4192        64.8528
65.5076        64.8528
65.8689        64.8528
66.0326        64.8528
65.587        64.8528
65.7804        64.8528
65.6786        64.8528
65.6478        64.8528
65.5797        64.8528
65.1958        64.8528
65.3421        64.8528
65.5399        64.8528
65.3385        64.8528
65.0914        64.8528
65.5477        64.8528
65.1919        64.8528
65.0986        64.8528
65.3163        64.8528
65.3318        64.8528
65.4347        64.8528
65.7014        64.8528
65.1784        64.8528
65.0992        64.8528
65.2707        64.8528
65.2523        64.8528
65.6978        64.8528
65.9076        64.8528
65.2234        64.8528
65.3302        64.8528
65.5764        64.8528
65.5065        64.8528
65.6511        64.8528
65.5971        64.8528
65.6667        64.8528
65.6597        64.8528
65.8859        64.8528
65.2268        64.8528
65.4473        64.8528
65.4102        64.8528
65.357        64.8528
65.4043        64.8528
65.5331        64.8528
65.7426        64.8528
65.5089        64.8528
65.5916        64.8528
66.1073        64.8528
66.0337        64.8528
66.2332        64.8528
66.079        64.8528
65.6365        64.8528
65.5154        64.8528
65.7651        64.8528
65.8402        64.8528
65.5897        64.8528
65.9665        64.8528
66.3603        64.8528
