491.467        425.221
467.266        408.332
444.032        402.091
422.877        391.814
408.805         384.47
397.608        371.232
387.479        362.336
377.646         359.11
369.608         354.53
363.638        344.215
356.132        334.056
348.96        325.131
340.071        315.258
330.259        301.465
320.334        297.606
310.712        284.728
301.133        283.916
294.078        274.817
288.1         274.63
282.874        270.704
278.775        263.004
275.252        259.813
271.059        257.303
265.91        250.828
261.394        245.175
257.419        244.742
252.259        240.224
249.036         232.62
244.922        227.312
239.655        223.423
235.641        221.692
231.655         216.39
227.816        215.818
223.902        213.577
220.153        211.335
218.116        209.925
216.761        207.505
213.958        206.251
212.133        203.657
209.268        199.771
206.636        192.886
203.191        192.886
199.856        190.765
196.348        190.347
193.871        188.477
192.246        184.621
191.297        182.751
190.397        182.621
188.8        180.659
186.374        179.019
185.248        177.165
183.773        177.079
182.379        174.693
181.05        173.722
178.522        173.667
177.254        172.332
176.376        172.332
175.654        170.206
174.593        168.872
173.372        166.751
172.829        166.237
171.332        165.138
169.964        163.466
168.244        161.365
167.266        161.365
166.462        159.344
165.326        159.344
164.255        157.109
162.858        157.109
161.565        155.971
160.604        154.753
158.662        152.968
156.877        151.754
156.244        151.115
155.395        148.447
154.734        147.465
152.974        147.153
150.662        147.102
149.542        145.941
150.075        144.397
149.704        143.461
148.72        143.436
147.763        143.371
147.214        141.415
145.849        139.464
144.722        139.464
143.007        138.433
141.833        137.894
141.041        137.894
140.605        137.047
140.023        136.695
139.796        136.692
139.138        135.039
138.663        134.664
138.372          134.6
138.501        134.472
138.269        134.135
138.524        133.419
137.498        131.497
136.064        129.905
134.932        129.905
133.444        129.172
131.912        129.172
130.961        129.172
130.716        128.631
130.929        128.447
130.526        127.922
130.521            127
130.591        126.839
130.732        125.515
129.746        125.354
128.544         124.33
127.778        122.116
126.637        120.999
124.856        119.975
123.263         118.94
122.228        118.048
121.088        116.812
119.963        116.812
118.82        116.072
118.074        116.072
117.372        115.199
116.812        115.199
116.288        115.118
115.976         114.23
116.27         114.23
115.752        113.585
115.3        112.616
114.997        112.569
114.291        111.316
113.957        109.655
112.616        109.036
111.297         108.12
110.654         108.12
109.533        108.032
108.822        107.297
108.578        107.297
108.059        107.025
108.19        106.659
107.89        106.374
107.493        105.463
107.368        105.463
106.733        104.539
105.997        103.636
105.836        103.342
105.742        102.146
105.361        102.146
104.265        102.132
103.97        101.402
103.351        98.4688
102.484        95.9313
102.165         95.173
100.544        94.1057
98.8692        94.0914
97.4911        94.0914
96.7341        93.0069
95.4189        92.8918
94.4608        92.7814
94.204        91.5657
94.1953        90.4812
93.2763        90.3661
92.6898        90.3661
91.8799        90.3661
91.6857        89.0409
91.1424        89.0409
90.5484        88.7802
89.8136        88.7802
89.4625        88.7802
89.5138        87.6949
89.2831        87.6949
88.9471        87.3045
88.5102        87.1093
88.5        86.6328
88.1725        85.8091
87.7755        85.1322
86.9767        84.0484
86.9019        84.0484
85.8231        83.9019
85.258        83.9019
84.7062        83.6946
84.5679        83.5376
84.1511        82.6562
84.1509        82.5993
83.7653        82.1119
83.58         82.055
83.5588         82.055
83.1184         82.055
82.9881        81.5033
82.8912        81.5033
82.8659         81.245
82.3195         81.245
82.2139        81.1543
82.0944        81.1543
81.9856        81.1543
81.543        80.6145
81.713        80.6145
81.3793        80.4298
81.3212        80.1148
81.603        80.0142
81.7889        79.5145
81.3596        79.5145
81.1228        79.3558
80.72        79.3439
81.1166        79.1852
80.8928        78.9906
80.4065         77.804
79.7486        77.5738
79.5952        77.2013
78.7539        76.5068
78.5569        76.2464
77.7194        76.2464
76.967        76.2464
76.8253        76.2464
76.8461        75.9724
77.3245        75.9724
76.9913        75.9724
76.6107        75.9724
76.4751        75.6452
76.5506        75.6452
76.5907        75.3691
76.0652        74.0299
76.2493        74.0299
76.3158        73.7537
75.938        73.3436
75.1623        73.0164
75.2045        73.0164
74.5254        73.0164
74.0695        73.0164
74.1421        73.0164
74.0666        73.0164
73.9594        72.5958
73.9158        72.5958
73.8093        72.2584
73.6501        72.2584
73.2202        72.2584
73.1309        72.2584
73.8354        71.8749
73.8583        71.8749
73.9202        71.8749
74.113        71.8749
73.4999        71.8575
73.4443        71.8575
73.2042        71.4099
73.6937        71.4099
73.334        71.4099
72.6145        71.4099
72.2554        71.4099
72.2589        71.4099
72.4549        71.4099
72.1506        71.4099
72.1337        71.4099
71.8928        71.4099
72.4875        71.4099
72.0159        71.4099
71.7422        71.4099
71.866        71.4099
71.8112        71.4099
71.6508        71.4099
71.9528        71.4099
72.3275        71.4099
72.2773        71.4099
72.1019        71.4099
72.3692        71.4099
72.1574        71.4099
72.0713        71.4099
71.7817        70.9535
72.0001        70.9535
71.5831        70.7477
71.7317        70.7477
71.6928        70.7477
71.502        70.7477
71.0186        70.4487
71.5157        70.4487
71.4242        70.4487
71.1455        70.4487
71.2661        70.4487
71.2351        70.4487
70.9379        70.2251
70.921        70.2251
70.9184        70.1129
71.168        70.1129
70.9648        70.1129
71.3235        70.1129
71.0711        70.1129
70.8614        70.1129
70.8749        70.1129
71.1899        70.1129
71.0129        70.1129
71.1485        70.1129
70.8114        70.1129
71.1396        70.1129
70.9955        70.1129
70.7943        70.1129
71.4082        70.1129
70.7443        70.1129
70.7811        70.1129
70.8256        70.1129
70.9341        70.1129
71.0419        70.1129
70.4812        70.1129
70.8407        70.1129
70.7358        70.1129
70.6874        70.1129
70.5629        70.1129
70.6153        70.1129
70.9612        70.0318
70.4794        70.0318
70.341          69.97
70.402         69.639
70.7819        69.5772
70.8285        69.5772
70.3675        69.5772
70.4083        69.5772
70.2271        69.5772
70.1759        68.9981
70.4855        68.9981
70.2576        68.9981
69.8584        68.5187
69.5683        68.5187
69.0971        68.5187
69.2438        68.5187
69.0394        68.5187
69.5374        68.5187
69.4511        68.5187
69.1038        68.5144
68.919        68.5144
68.9686        68.5144
68.9676        68.5144
69.0589        68.5144
69.1984        68.5144
69.1389        68.5144
69.0117        68.5144
68.8568        68.5144
69.1137        68.5144
69.0622        68.4279
69.0092        68.4279
68.9792        68.4279
69.2153        68.4279
69.2884        68.4279
69.3339        68.4279
69.2131        68.4279
69.6787        68.4279
69.5834        68.4279
69.3226        68.4279
69.1397        68.4279
69.0297        68.4279
69.0197         68.285
68.9307         68.285
69.0555         68.285
69.1882        68.2339
69.0709        68.2339
70.4981        68.2339
70.1788        68.2339
69.223        68.2339
69.4434        68.2339
69.7976        68.2339
69.8064        68.2339
69.6125        68.2339
69.3065        68.2339
69.7616        68.2339
69.6685        68.2339
70.0152        68.2339
69.5199        68.2339
69.3869        68.2339
68.9902        68.2339
69.0096        68.2339
68.6874        68.2339
68.5222        68.2339
68.4603        68.2339
68.6583        68.2339
68.8202        68.2339
68.8036        68.2339
69.0707        68.2339
68.5262        68.2339
68.7544        68.2339
68.781        68.2339
68.6844        68.2339
68.6972        68.2339
69.0402        68.2339
68.5887        68.2339
68.6609        68.2339
68.6586        67.9911
68.7486        67.9911
68.9236        67.9911
68.6799        67.7639
68.774        67.7639
68.9838        67.7639
69.1285        67.7639
68.5653        67.7639
68.4666        67.7469
68.5741        67.7469
68.9805        67.5212
69.2109        67.5212
69.5876        67.5212
69.0032        67.5212
69.1288        67.5212
68.7168        67.5212
68.707        67.5212
68.3444        67.5212
68.6061        67.5212
68.4075        67.5212
68.2948        67.5212
67.9751        67.5212
67.9468        67.5212
67.9158        67.5212
67.8156        67.5212
67.9553        67.5212
68.2911        67.5212
68.2847        67.5212
68.3319        67.5212
68.2767        67.5212
68.4619        67.5212
68.2713        67.5212
68.1438        67.5212
68.1044        67.5212
67.8296        67.5212
67.8958        67.5212
68.1156        67.5212
68.3412        67.5212
68.1794        67.5212
68.1071        67.5212
68.3748        67.5212
68.1682        67.5212
68.2906        67.5212
68.3512        67.5212
67.9569        67.5212
67.9812        67.5212
68.2182        67.5212
67.7977        67.5212
67.806        67.5212
67.8746        67.5212
68.1046        67.5212
68.0665        67.5212
67.7527        67.5212
68.2531        67.5212
68.0284        67.5212
68.6154        67.5212
68.3142        67.5212
68.186        67.5212
68.2608        67.5212
68.3319        67.5212
68.4789        67.5212
68.1409        67.5212
68.1941        67.5212
68.1543        67.4412
68.5719        67.4412
68.2583        67.4412
67.7711        67.4412
67.8828        67.4412
68.0075        67.4412
67.9164        67.4412
68.0814        67.4412
68.2881        67.4412
68.3374        67.4412
68.3412        67.4412
67.8261        67.4412
67.862        67.4412
67.9258        67.4412
68.2571        67.4412
67.969        67.4412
68.2336        67.4412
68.2065        67.4412
67.9723        67.4412
68.2032        67.4412
68.4538        67.4412
69.042        67.4412
68.2215        67.4412
68.3079        67.4412
68.2149        67.4412
68.2109        67.4412
68.7016        67.4412
67.9592        67.4412
67.7526        67.4412
67.7336        67.4412
67.955        67.4412
67.9827        67.4412
68.5993        67.4412
68.5496        67.4412
68.3178        67.4412
68.3538        67.4412
68.3418        67.4412
67.9072        67.4412
68.411        67.4412
68.3989        67.4412
68.1464        67.4412
68.6801        67.4412
68.2584        67.4412
67.9379        67.4412
67.9847        67.4412
68.2389        67.4412
67.9932        67.4412
68.4227        67.4412
68.4671        67.4412
68.1101        67.4412
68.0043        67.4412
67.9523        67.4412
68.1016        67.4412
68.1082        67.4412
67.9018        67.4412
68.2194        67.4412
67.9803        67.4412
68.0705        67.4412
68.1554        67.4412
68.4713        67.4412
68.7146        67.4412
68.187        67.4412
68.3282        67.4412
68.1775        67.4412
68.4504        67.4412
68.9627        67.4412
69.0514        67.4412
68.3872        67.4412
68.5252        67.4412
68.2402        67.4412
68.4613        67.4412
68.7708        67.4412
68.2442        67.4412
67.7778        67.4412
67.7256        67.4412
67.8179        67.4412
67.9261        67.4412
68.3171        67.4412
68.4639        67.4412
68.1375        67.4412
67.9628        67.4412
67.9755        67.4412
68.5376        67.4412
67.9923        67.4412
67.8404        67.3745
68.3139        67.3745
68.0051        67.3745
67.9846        67.3745
67.9995        67.3745
67.9109        67.3745
68.0334        67.3745
68.2414        67.3745
68.2976        67.3745
68.1983        67.3745
67.9782        67.3745
68.0161        67.3745
68.4747        67.3745
68.2114        67.3745
68.2256        67.3745
68.2345        67.3745
68.3074        67.3745
68.1687        67.3745
68.1509        67.3745
68.0111        67.3745
67.9419        67.3745
67.9851        67.3745
67.7895        67.3745
67.7876        67.3745
67.3812        67.3745
67.5207        67.3745
67.8442        67.3745
67.6779        67.3745
67.8673        67.3745
67.6286        67.3745
67.703        67.3745
68.036        67.3745
68.088        67.3745
68.2134        66.9228
70.2903        66.9228
71.7357        66.9228
72.1656        66.9228
71.9671        66.9228
70.6835        66.9228
70.3983        66.9228
69.1366        66.9228
68.2553        66.9228
67.5409        66.9228
67.3352        66.9228
67.7634        66.9228
67.898        66.9228
67.4096        66.9228
67.692        66.9228
67.8482        66.9228
67.8962        66.9228
67.9918        66.9228
67.6974        66.9228
67.5003        66.9228
67.5368        66.9228
67.8453        66.9228
67.6474        66.9228
67.5771        66.9228
67.7656        66.9228
67.4078        66.9228
67.6614        66.9228
67.8794        66.9228
67.8912        66.9228
67.461        66.9228
67.7519        66.9228
67.5123        66.9228
67.6092        66.9228
67.4762        66.9228
67.7116        66.9228
68.3275        66.9228
68.2472        66.9228
68.0147        66.9228
67.5266        66.9228
67.508        66.9228
67.4015        66.9228
67.5048        66.9228
67.0729        66.9228
67.0835        66.9228
67.2384        66.9228
67.3855        66.9228
67.3011        66.9228
67.2985        66.9228
67.4349        66.9228
67.4505        66.9228
67.6791        66.9228
67.4729        66.9228
68.3883        66.9228
68.1525        66.9228
68.252        66.9228
67.6897        66.9228
67.5816        66.9228
67.7485        66.9228
68.1769        66.9228
67.8301        66.9228
68.207        66.9228
67.6098        66.9228
67.6409        66.9228
68.0588        66.9228
68.1276        66.9228
67.6137        66.9228
68.3746        66.9228
67.8221        66.9228
67.5393        66.9228
67.3458        66.9228
67.2979        66.9228
67.1434        66.9228
67.333        66.9228
67.6179        66.9228
67.8808        66.9228
67.9116        66.9228
68.2881        66.9228
67.9897        66.9228
67.9814        66.9228
68.0215        66.9228
67.607        66.9228
67.29        66.9228
67.2055        66.9228
67.4345        66.9228
67.8871        66.9228
67.9654        66.9228
67.5916        66.9228
67.8305        66.9228
67.7863        66.9228
67.6927        66.9228
67.3466        66.9228
67.302        66.9228
67.4748        66.9228
67.4727        66.9228
67.3314        66.9228
67.7585        66.9228
67.6167        66.9228
67.8779        66.9228
67.5811        66.9228
67.3476        66.9228
67.6194        66.9228
67.5848        66.9228
67.6376        66.9228
67.5949        66.9228
67.5023        66.9228
67.2393        66.9228
67.3662        66.9228
67.8258        66.9228
67.6624        66.9228
67.9046        66.9228
68.1609        66.9228
67.7317        66.9228
67.649        66.9228
67.2506        66.9228
67.5691        66.9228
67.6065        66.9228
67.4042        66.9228
67.4008        66.9228
67.7224        66.9228
67.4354        66.9228
67.6562        66.9228
67.4514        66.9228
67.2954        66.9228
67.3259        66.9228
67.6744        66.9228
67.4319        66.9228
67.9897        66.9228
67.7827        66.9228
67.8781        66.9228
67.9043        66.9228
67.6544        66.9228
67.4081        66.9228
67.6195        66.9228
67.5608        66.9228
67.6076        66.9228
67.8268        66.9228
67.3903        66.9228
67.7219        66.9228
67.4376        66.9228
67.422        66.9228
67.7823        66.9228
68.1095        66.9228
67.6277        66.9228
68.0797        66.9228
68.0734        66.9228
68.1677        66.9228
67.4886        66.9228
67.1381        66.9228
67.5513        66.9228
67.4962        66.9228
67.7393        66.9228
67.2539        66.9228
67.1562        66.9228
67.318        66.9228
67.2502        66.9228
67.569        66.9228
67.4626        66.9228
67.9516        66.9228
67.8561        66.9228
68.0744        66.9228
67.5625        66.9228
67.6172        66.9228
67.878        66.9228
67.6741        66.9228
67.9876        66.9228
67.4159        66.9228
67.6936        66.9228
67.8246        66.9228
67.9242        66.9228
67.4522        66.9228
67.4482        66.9228
67.5177        66.9228
67.6249        66.9228
67.2521        66.9228
67.6568        66.9228
67.5894        66.9228
67.5933        66.9228
67.2306        66.9228
67.1803        66.9228
67.3328        66.9228
67.3126        66.9228
67.2889        66.9228
67.0616        66.9228
67.1434        66.9228
67.573        66.9228
67.5557        66.9228
67.5977        66.9228
67.9359        66.9228
68.0988        66.9228
67.5035        66.9228
67.5552        66.9228
67.364        66.9228
67.8617        66.9228
67.8044        66.9228
67.7824        66.9228
68.3209        66.9228
67.8251        66.9228
67.5959        66.9228
67.5038        66.9228
68.1904        66.9228
68.1032        66.9228
67.6075        66.9228
67.4116        66.9228
67.4286        66.9228
67.6126        66.9228
67.8051        66.9228
68.1355        66.9228
68.0068        66.9228
67.8702        66.9228
68.1877        66.9228
67.7326        66.9228
67.592        66.9228
67.5065        66.9228
67.3061        66.9228
67.6273        66.9228
67.9016        66.9228
67.4901        66.9228
68.0277        66.9228
68.3267        66.9228
68.0757        66.9228
67.7084        66.9228
67.6983        66.9228
67.7293        66.9228
67.5345        66.9228
67.3658        66.9228
67.7919        66.9228
67.7163        66.9228
67.4052        66.9228
67.2013        66.9228
67.3428        66.9228
67.9132        66.9228
68.0475        66.9228
68.8175        66.9228
68.272        66.9228
67.7018        66.9228
67.3401        66.9228
67.6114        66.9228
67.5337        66.9228
67.4168        66.9228
67.4956        66.9228
67.6875        66.9228
67.9267        66.9228
68.4604        66.9228
67.9575        66.9228
67.6456        66.9228
67.7492        66.9228
67.861        66.9228
67.7557        66.9228
67.1991        66.9228
67.4092        66.9228
67.6513        66.5329
67.3918        66.5329
67.3553        66.5329
67.2924        66.5329
67.2642        66.5329
67.2621        66.5329
67.7247        66.5329
67.9658        66.5329
68.15        66.5329
67.404        66.5329
67.4357        66.5329
67.7504        66.5329
67.7        66.5329
67.3987        66.5329
67.3763        66.5329
67.3903        66.5329
67.4932        66.5329
67.7759        66.5329
67.6868        66.5329
67.4678        66.5329
67.4314        66.5329
67.5781        66.5329
67.102        66.5329
67.1397        66.5329
66.9233        66.5329
66.919        66.5329
67.1501        66.5329
67.465        66.5329
67.1134        66.5329
67.1749        66.5329
67.0796        66.5329
67.1215        66.5329
67.2363        66.5329
67.1503        66.5329
67.5269        66.5329
67.4777        66.5329
67.3953        66.5329
67.1816        66.5329
67.0512        66.5329
67.1396        66.5329
66.7961        66.5329
66.7807        66.5329
66.8807        66.5329
67.2117        66.5329
67.4549        66.5329
67.5833        66.5329
67.2603        66.5329
67.4478        66.5329
67.0981        66.5329
67.0542        66.5329
67.3237        66.5329
66.9706        66.5329
67.339        66.5329
67.3221        66.5329
67.2937        66.5329
67.1246        66.5329
66.7853        66.5329
66.9218        66.5329
67.1581        66.5329
67.0322        66.5329
66.9838        66.5329
67.1222        66.5329
67.494        66.5329
67.6554        66.5329
67.5814        66.5329
67.7333        66.5329
67.2885        66.5329
67.8884        66.5329
67.236        66.5329
67.2774        66.5329
67.3747        66.5329
67.0839        66.5329
67.255        66.5329
67.0638        66.5329
66.9713        66.5329
67.1713        66.5329
67.4707        66.5329
67.275        66.5329
67.4121        66.5329
67.585        66.5329
67.4983        66.5329
67.3914        66.5329
67.6239        66.5329
67.2148        66.5329
67.1717        66.5329
67.4131        66.5329
67.6643        66.5329
67.1389        66.5329
67.073        66.5329
66.8825        66.5329
67.0453        66.5329
66.9214        66.5329
67.5369        66.5329
67.2331        66.5329
67.2968        66.5329
67.521        66.5329
67.8798        66.5329
67.4156        66.5329
67.6284        66.5329
67.5745        66.5329
67.549        66.5329
67.0754        66.5329
67.245        66.5329
67.1766        66.5329
67.3393        66.5329
67.3445        66.5329
67.0725        66.5329
66.8603        66.5329
66.8636        66.5329
67.0094        66.5329
67.5175        66.5329
67.2581        66.5329
67.0246        66.5329
66.7407        66.5329
67.3302        66.5329
67.2695        66.5329
67.0403        66.5329
67.1707        66.5329
66.8284        66.5329
67.0217        66.5329
67.0302        66.5329
67.2661        66.5329
67.5058        66.5329
67.0289        66.5329
67.0252        66.5329
66.9637        66.5329
66.9274        66.5329
67.052        66.5329
67.2626        66.5329
67.3925        66.5329
67.0167        66.5329
67.1485        66.5329
67.1854        66.5329
66.9503        66.5329
66.9453        66.5329
67.0716        66.5329
67.0671        66.5329
67.0894        66.5329
67.1186        66.5329
67.0399        66.5329
67.1271        66.5329
67.4342        66.5329
67.1717        66.5329
67.011        66.5329
67.0016        66.5329
67.1088        66.5329
67.1625        66.5329
67.0569        66.5329
67.2052        66.5329
67.0236        66.5329
66.9814        66.5329
67.077        66.5329
67.2464        66.5329
67.1345        66.5329
67.1242        66.5329
66.9899        66.5329
67.5189        66.5329
67.399        66.5329
67.3318        66.5329
67.4259        66.5329
67.0001        66.5329
66.7553        66.5329
66.9583        66.5329
67.1508        66.5329
67.0539        66.5329
67.2808        66.5329
67.4018        66.5329
67.3143        66.5329
66.8814        66.5329
66.7939        66.5329
66.7797        66.5329
67.0236        66.5329
67.0015        66.5329
67.2686        66.5329
67.4454        66.5329
67.3841        66.5329
67.1612        66.5329
67.341        66.5329
66.9482        66.5329
66.7386        66.5329
66.6734        66.5329
67.0384        66.5329
67.3617        66.5329
66.8723        66.5329
66.8337        66.5329
67.7699        66.5329
67.5501        66.5329
67.5542        66.5329
66.9117        66.5329
67.1531        66.5329
66.9487        66.5329
66.9863        66.5329
67.1259        66.5329
67.147        66.5329
67.0954        66.5329
67.2835        66.5329
67.3005        66.5329
67.6153        66.5329
67.2413        66.5329
67.3247        66.5329
67.1878        66.5329
67.2301        66.5329
67.1951        66.5329
67.4013        66.5329
67.3937        66.5329
67.1972        66.5329
67.3112        66.5329
67.368        66.5329
67.2959        66.5329
67.07        66.5329
67.1818        66.5329
67.4396        66.5329
67.3557        66.5329
67.2681        66.5329
67.7974        66.5329
67.0538        66.5329
67.2957        66.5329
67.3274        66.5329
67.3277        66.5329
66.9214        66.5329
67.2483        66.5329
67.0278        66.4785
67.1398        66.3241
67.2103        66.3241
67.1642        66.2413
66.9189        66.2413
67.1218        66.2413
67.0629        66.2413
67.0099        66.2413
66.7603        66.2413
66.714        66.2413
66.5712        66.2413
66.7529        66.2413
66.7351        66.2413
66.9517        66.2413
66.6933        66.2413
66.8691        66.2413
66.7546        66.2413
66.7477        66.2413
66.4149        66.2413
68.1868        66.2413
67.642        66.2413
67.4667        66.2413
67.5565        66.2413
67.182        66.2413
67.0326        66.2413
67.0626        66.2413
66.8198        66.2413
66.4688        66.2413
66.5533        66.2413
66.7041        66.2413
66.6281        66.2413
66.9907        66.2413
66.9751        66.2413
66.6435        66.2413
66.5206        66.2413
66.3367        66.2413
66.637        66.2413
66.5789        66.2413
66.7018        66.2413
66.7008        66.2413
66.7386        66.2413
66.8985        66.2413
67.1878        66.2413
67.3178        66.2413
67.2367        66.2413
67.3622        66.2413
67.4663        66.2413
67.2376        66.2413
67.281        66.2413
66.9501        66.2413
66.8329        66.2413
67.1595        66.2413
66.8693        66.2413
66.5958        66.2413
66.8927        66.2413
66.5971        66.2413
66.8157        66.2413
67.1241        66.2413
67.1857        66.2413
66.5824        66.2413
66.7551        66.2413
67.291        66.2413
67.3691        66.2413
67.098        66.2413
66.8415        66.2413
66.5856        66.2413
66.8205        66.2413
66.8193        66.2413
66.8043        66.2413
66.9022        66.2413
67.0184        66.2413
67.0912        66.2413
66.8878        66.2413
67.1602        66.2413
66.7641        66.2413
67.1277        66.2413
67.1202        66.2413
67.2139        66.2413
67.3604        66.2413
67.1207        66.2413
66.8584        66.2413
66.9045        66.2413
66.8947        66.2413
66.6317        66.2413
66.9603        66.2413
66.9505        66.2413
66.7388        66.2413
66.6272        66.2413
67.0742        66.2413
67.0818        66.2413
66.9313        66.2413
66.9235        66.2413
66.7821        66.2413
66.6512        66.2413
67.1355        66.2413
67.2832        66.2413
67.0746        66.2413
67.2657        66.2413
66.757        66.2413
66.6329        66.2413
66.5193        66.2413
66.6185        66.2413
66.4727        66.2413
66.6971        66.2413
66.3688        66.2413
66.7287        66.2413
66.7229        66.2413
66.3763        66.2413
66.4791        66.2413
66.6924        66.2413
66.9451        66.2413
66.899        66.2413
66.7059        66.2413
66.6455        66.2413
66.5024        66.2413
66.6639        66.2413
66.6419        66.2413
66.8018        66.2413
67.2193        66.2413
67.499        66.2413
67.2186        66.2413
67.5349        66.2413
66.6626        66.2413
66.6297        66.2413
66.5034        66.2413
66.5559        66.2413
67.0897        66.2413
66.8871        66.2413
66.9211        66.2413
66.8071        66.2413
67.1397        66.2413
66.9069        66.2413
66.8204        66.2413
66.9982        66.2413
67.0143        66.2413
67.333        66.2413
66.8836        66.2413
67.0953        66.2413
67.2253        66.2413
67.4893        66.2413
67.4346        66.2413
67.2487        66.2413
67.062        66.2413
67.072        66.2413
67.2513        66.2413
67.2511        66.2413
67.7349        66.2413
67.2908        66.2413
67.1721        66.2413
66.5125        66.2413
66.6321        66.2413
66.9364        66.2413
67.1483        66.2413
67.218        66.2413
67.1787        66.2413
67.3662        66.2413
67.1944        66.2413
66.7672        66.2413
66.7771        66.2413
66.5132        66.2413
66.5661        66.2413
66.6131        66.2413
66.5144        66.2413
66.4604        66.2413
66.5191        66.2413
66.681        66.2413
66.5999        66.2413
66.86        66.2413
66.7271        66.2413
66.681        66.2413
67.1673        66.2413
67.3394        66.2413
67.1718        66.2413
67.4594        66.2413
67.4        66.2413
67.3844        66.2413
66.8436        66.2413
67.3264        66.2413
67.1226        66.2413
66.9269        66.2413
66.9618        66.2413
67.1241        66.2413
67.2459        66.2413
67.2346        66.2413
67.242        66.2413
66.6327        66.2413
66.655        66.2413
66.9514        66.2413
67.068        66.2413
67.0521        66.2413
66.8179        66.2413
66.7829        66.2413
66.9852        66.2413
67.3885        66.2413
66.8629        66.2413
66.7049        66.2413
66.8576        66.2413
66.5643        66.2413
66.4152        66.2413
66.7736        66.2413
66.8258        66.2413
66.4769        66.2413
67.2365        66.2413
67.2205        66.2413
66.7855        66.2413
67.0347        66.2413
67.0244        66.2413
66.8408        66.2413
66.437        66.2413
66.9535        66.2413
66.7902        66.2413
67.0223        66.2413
66.9486        66.2413
66.9628        66.2413
67.0072        66.2413
66.8344        66.2413
67.0065        66.2413
67.7543        66.2413
67.2367        66.2413
66.727        66.2413
66.8852        66.2413
66.7212        66.2413
66.9182        66.2413
67.0555        66.2413
67.0643        66.2413
66.9498        66.2413
66.531        66.2413
66.6292        66.2413
66.5906        66.2413
66.493        66.2413
66.9494        66.2413
66.945        66.2413
67.1341        66.2413
66.8234        66.2413
67.312        66.2413
67.5257        66.2413
67.2369        66.2413
67.1293        66.2413
67.6175        66.2413
67.5938        66.2413
67.7905        66.2413
67.3453        66.2413
66.8751        66.2413
66.7714        66.2413
66.6751        66.2413
66.4837        66.2413
66.8136        66.2413
66.7511        66.2413
66.547        66.2413
66.6909        66.2413
66.87        66.2413
67.1229        66.2413
67.0447        66.2413
67.004        66.2413
66.7497        66.2413
66.8308        66.2413
66.938        66.2413
66.8076        66.2413
67.1094        66.2413
67.1659        66.2413
66.7782        66.2413
66.7444        66.2413
66.8876        66.2413
67.0821        66.2413
67.2218        66.2413
66.7483        66.2413
66.7409        66.2413
66.6404        66.2413
66.6275        66.2413
66.7592        66.2413
66.88        66.2413
66.821        66.2413
67.2127        66.2413
66.9249        66.2413
66.601        66.2413
66.5342        66.2413
66.5631        66.2413
66.7683        66.2413
67.0626        66.2413
67.5972        66.2413
67.5413        66.2413
67.3391        66.2413
67.0769        66.2413
67.3676        66.2413
67.2817        66.2413
67.2766        66.2413
67.0608        66.2413
67.0969        66.2413
66.6676        66.2413
66.8083        66.2413
66.9204        66.2413
66.8432        66.2413
66.7407        66.2413
67.1398        66.2413
66.9255        66.2413
67.1566        66.2413
66.7222        66.2413
66.6807        66.2413
66.7357        66.2413
66.7016        65.8388
66.8347        65.8388
67.2457        65.8388
67.0361        65.5443
66.7075        65.5443
66.3385        65.5443
66.4057        65.5443
66.1311        65.5443
66.1363        65.5443
65.7668        65.5443
66.64        65.5443
66.6386        65.5443
66.25        65.5443
66.6895        65.5443
66.4102        65.5443
66.1684        65.5443
66.0963        65.5443
66.5973        65.5443
66.3827        65.5443
66.2652        65.5443
65.8412        65.5443
66.5607        65.5443
66.732        65.5443
67.0181        65.5443
66.3003        65.5443
66.4402        65.5443
66.0433        65.5443
66.4679        65.5443
66.2729        65.5443
66.3485        65.5443
66.0406        65.5443
66.2407        65.5443
66.2128        65.5443
66.1059        65.5443
66.0601        65.5443
66.1836        65.5443
65.7842        65.5443
66.2587        65.5443
66.4199        65.5443
66.6104        65.5443
66.6135        65.5443
66.4241        65.5443
66.3865        65.5443
66.2663        65.5443
66.3242        65.5443
66.6838        65.5443
66.4586        65.5443
66.8286        65.5443
66.15        65.5443
65.9825        65.5443
66.1588        65.5443
66.0159        65.5443
66.196        65.5443
66.1831        65.5443
65.7163        65.5443
65.9571        65.5443
66.0444        65.5443
66.0136        65.5443
66.2001        65.5443
66.0647        65.5443
66.2225        65.5443
66.2208        65.5443
66.2164        65.5443
66.1498        65.5443
66.7676        65.5443
66.263        65.5443
66.2756        65.5443
65.8889        65.5443
66.2237        65.5443
66.0765        65.5443
65.8656        65.5443
65.9594        65.5443
65.9441        65.5443
66.178        65.5443
66.3772        65.5443
65.9727        65.5443
66.0065        65.5443
65.9366        65.5443
65.8642        65.5443
66.4599        65.5443
66.1768        65.5443
66.1681        65.5443
66.0406        65.5443
66.0029        65.5443
65.9412        65.5443
66.049        65.5443
66.4023        65.5443
66.4347        65.5443
66.1065        65.5443
66.1466        65.5443
66.3014        65.5443
66.8712        65.5443
66.4849        65.5443
66.5255        65.5443
66.3601        65.5443
66.1248        65.5443
66.2835        65.5443
66.0901        65.5443
65.9595        65.5443
66.2911        65.5443
66.3467        65.5443
66.374        65.5443
66.3092        65.5443
66.4877        65.5443
66.4497        65.5443
66.3304        65.5443
65.9196        65.5443
65.7529        65.5443
66.0149        65.5443
66.2104        65.5443
66.3612        65.5443
66.1035        65.5443
66.548        65.5443
66.6297        65.5443
66.4215        65.5443
66.3241        65.5443
66.6149        65.5443
66.5028        65.5443
66.4848        65.5443
66.3245        65.5443
66.3327        65.5443
66.6897        65.5443
66.3947        65.5443
66.706        65.5443
66.8687        65.5443
66.3262        65.5443
66.7128        65.5443
66.3631        65.5443
66.3325        65.5443
66.4108        65.5443
66.0014        65.5443
66.1588        65.5443
66.2082        65.5443
66.135        65.5443
66.0581        65.5443
66.0593        65.5443
65.9785        65.5443
66.0253        65.5443
65.9218        65.5443
66.0427        65.5443
66.2476        65.5443
66.3216        65.5443
65.7787        65.5443
66.1321        65.5443
66.3012        65.5443
66.2333        65.5443
66.1218        65.5443
66.1012        65.5443
66.1851        65.5443
66.2694        65.5443
66.575        65.5443
66.3897        65.5443
66.6853        65.5443
66.4554        65.5443
66.533        65.5443
66.5564        65.5443
66.7756        65.5443
66.8209        65.5443
66.6136        65.5443
66.3668        65.5443
66.5096        65.5443
67.0005        65.5443
66.8077        65.5443
66.4783        65.5443
66.3055        65.5443
66.1108        65.5443
66.0065        65.5443
66.2639        65.5443
65.9928        65.5443
65.9256        65.5443
66.2487        65.5443
66.1664        65.5443
66.4254        65.5443
66.2851        65.5443
66.2917        65.5443
66.3282        65.5443
66.1084        65.5443
66.0679        65.5443
66.0417        65.5443
66.3227        65.5443
66.0813        65.5443
65.9683        65.5443
66.2447        65.5443
66.3971        65.5443
66.5619        65.5443
66.5272        65.5443
66.7773        65.5443
66.2821        65.5443
66.1321        65.5443
66.0707        65.5443
66.307        65.5443
66.2637        65.5443
66.3761        65.5443
66.0887        65.5443
66.3888        65.5443
66.6495        65.5443
66.3312        65.5443
66.4773        65.5443
66.7552        65.5443
66.4096        65.5443
66.6142        65.5443
66.0856        65.5443
66.0763        65.5443
66.0513        65.5443
66.161        65.5443
65.9135        65.5443
66.1663        65.5443
66.0947        65.5443
66.2948        65.5443
66.2127        65.5443
66.1509        65.2157
65.9977        65.2157
66.6934        65.2157
66.1985        65.2157
66.2703        65.2157
66.5207        65.2157
66.37        65.2157
66.2373        65.2157
65.7147        65.2157
65.6147        65.2157
65.7772        65.2157
65.9861        65.2157
66.0474        65.2157
65.634        65.2157
65.6247        65.2157
65.7191        65.2157
65.6205        65.2157
65.8406        65.2157
66.1752        65.2157
65.8671        65.2157
65.8749        65.2157
65.6638        65.2157
65.9531        65.2157
66.1753        65.2157
66.1992        65.2157
66.1298        65.2157
66.1708        65.2157
66.2726        65.2157
65.8187        65.2157
65.9047        65.2157
65.5413        65.2157
65.3928        65.2157
65.9053        65.2157
65.7356        65.2157
65.9809        65.2157
65.7659        65.2157
65.7952        65.2157
66.4032        65.2157
65.9659        65.2157
65.7617        65.2157
66.2697        65.2157
66.3005        65.2157
66.2635        65.2157
66.1851        65.2157
66.156        65.2157
66.0416        65.2157
65.8575        65.2157
65.9705        65.2157
66.0063        65.2157
65.7335        65.2157
65.8608        65.2157
65.7587        65.2157
65.5722        65.2157
65.452        65.2157
65.7797        65.2157
66.0427        65.2157
65.6844        65.2157
65.5573        65.2157
65.5934        65.2157
65.5169        65.2157
65.6122        65.2157
65.6917        65.2157
65.5371        65.2157
65.3697        65.2157
65.5918        65.2157
65.6801        65.2157
65.8098        65.2157
65.8378        65.2157
65.8383        65.2157
65.7811        65.2157
65.9089        65.2157
66.5522        65.2157
66.2893        65.2157
66.1642        65.2157
65.9745        65.2157
66.2095        65.2157
65.7997        65.2157
65.959        65.2157
65.9771        65.2157
65.7285        65.2157
65.8235        65.2157
66.2275        65.2157
66.0462        65.2157
66.1583        65.2157
66.0114        65.2157
65.9875        65.2157
66.0041        65.2157
65.7267        65.2157
65.7513        65.2157
65.8578        65.2157
65.4447        65.2157
65.8382        65.2157
65.8605        65.2157
65.6042        65.2157
65.6753        65.2157
65.7608        65.2157
65.7725        65.2157
65.7735        65.2157
66.2037        65.2157
66.0013        65.2157
65.9643        65.2157
66.234        65.2157
65.741        65.2157
65.874        65.2157
65.6935        65.2157
65.9294        65.2157
65.5969        65.2157
65.747        65.2157
66.4012        65.2157
66.207        65.2157
66.5519        65.2157
66.9327        65.2157
66.0823        65.2157
66.2379        65.2157
65.901        65.2157
66.1473        65.2157
65.9688        65.2157
65.7577        65.2157
65.9574        65.2157
65.7947        65.2157
65.8743        65.2157
65.8447        65.2157
65.6715        65.2157
65.8322        65.2157
65.8844        65.2157
65.7493        65.2157
66.1416        65.2157
66.0077        65.2157
65.7145        65.2157
65.9717        65.2157
65.9796        65.2157
65.8701        65.2157
66.0481        65.2157
65.912        65.2157
66.3913        65.2157
66.7682        65.2157
66.1254        65.2157
65.8352        65.2157
65.9563        65.2157
66.0198        65.2157
65.5681        65.2157
65.7056        65.2157
65.5788        65.2157
66.0483        65.2157
66.0388        65.2157
65.6111        65.2157
65.6282        65.2157
65.8371        65.2157
65.9541        65.2157
66.0485        65.2157
65.4411        65.2157
65.8508        65.2157
65.9199        65.2157
65.6976        65.2157
65.8926        65.2157
65.9928        65.2157
66.1245        65.2157
65.6739        65.2157
65.8245        65.2157
66.5659        65.2157
65.8103        65.2157
65.898        65.2157
66.1663        65.2157
65.8671        65.2157
66.2454        65.2157
66.2699        65.2157
66.9141        65.2157
66.3555        65.2157
65.8498        65.2157
65.7435        65.2157
65.5307        65.2157
65.6869        65.2157
65.5422        65.2157
65.9794        65.2157
65.8721        65.2157
65.9087        65.2157
66.106        65.2157
65.7867        65.2157
65.7488        65.2157
65.8072        65.2157
65.489        65.2157
65.7624        65.2157
65.7384        65.2157
65.4813        65.2157
65.6764        65.2157
65.8472        65.2157
65.6287        65.2157
65.4031        65.2157
65.6213        65.2157
65.5196        65.2157
65.6177        65.2157
65.7758        65.2157
65.8656        65.2157
65.9871        65.2157
66.1436        65.2157
65.7603        65.2157
65.5487        65.2157
65.8819        65.2157
66.162        65.2157
65.9828        65.2157
65.7421        65.2157
65.6236        65.2157
65.5451        65.2157
65.5327        65.2157
65.8458        65.2157
66.2619        65.2157
66.2863        65.2157
65.8592        65.2157
65.7807        65.2157
65.6811        65.2157
65.394        65.2157
65.7315        65.1879
65.6874        65.1879
65.762        65.1879
65.8936        65.1879
65.8805        65.1879
66.1693        65.1879
65.9204        65.1879
65.7052        65.1879
65.6422        65.1879
65.7666        65.1879
65.9088        65.1879
65.8221        65.1879
66.1663        65.1879
66.0878        65.1879
66.1101        65.1879
65.7879        65.1879
65.9396        65.1879
66.3369        65.1879
66.0036        65.1879
66.0602        65.1879
66.0034        65.1879
65.6694        65.1879
66.2355        65.1879
65.9074        65.1879
66.0488        65.1879
65.5821        65.1879
65.81        65.1879
65.9309        65.1879
65.971        65.1879
65.6304        65.1879
65.6872        65.1879
65.659        65.1879
65.7953        65.1879
66.2966        65.1879
66.2375        65.1879
66.0702        65.1879
66.0952        65.1879
65.9664        65.1879
66.4969        65.1879
65.9814        65.1879
66.1472        65.1879
65.7245        65.1879
65.4254        65.1879
65.6197        65.1879
66.0481        65.1879
66.114        65.1879
65.9677        65.1879
65.7478        65.1879
65.6783        65.1879
65.9221        65.1879
65.6847        65.1879
65.94        65.1879
66.2065        65.1879
66.0007        65.1879
66.175        65.1879
66.2071        65.1879
65.9761        65.1879
66.0425        65.1879
66.3086        65.1879
66.5153        65.1879
65.764        65.1879
65.7573        65.1879
65.9024        65.1879
65.8406        65.1879
65.8323        65.1879
65.8655        65.1879
65.8391        65.1879
65.5462        65.1879
65.463        65.1879
65.6209        65.1879
65.7509        65.1879
65.7329        65.1879
65.7174        65.1879
65.7307        65.1879
66.0938        65.1879
65.662        65.1879
65.7328        65.1879
65.9459        65.1879
65.8827        65.1879
65.8965        65.1879
65.749        65.1879
65.7103        65.1879
65.4269        65.1879
65.6131        65.1879
66.0175        65.1879
65.7317        65.1879
65.6674        65.1879
65.8027        65.1879
65.5791        65.1879
65.2454        65.1879
65.6628        65.1879
66.0961        65.1879
65.862        65.1879
66.2336        65.1879
66.0182        65.1879
65.8412        65.1879
66.0085        65.1879
65.8823        65.1879
66.0565        65.1879
66.0724        65.1879
66.0932        65.1879
66.4461        65.1879
66.0281        65.1879
66.4611        65.1879
66.5722        65.1879
66.3275        65.1879
66.4449        65.1879
66.1209        65.1879
66.2115        65.1879
66.1733        65.1879
66.1038        65.1879
65.8584        65.1879
65.8461        65.1879
65.8069        65.1879
65.586        65.1879
65.3463        65.1879
65.6497        65.1879
65.632        65.1879
65.3768        65.1879
65.659        65.1879
65.6946        65.1879
65.7882        65.1879
65.7532        65.1879
65.4815        65.1879
65.4007        65.1879
65.8385        65.1879
65.9634        65.1879
65.8969        65.1879
65.5815        65.1879
65.5883        65.1879
65.7076        65.1879
65.6132        65.1879
65.8257        65.1879
65.8343        65.1879
65.8047        65.1879
65.8547        65.1879
65.7365        65.1879
65.782        65.1879
66.0769        65.1879
66.1087        65.1879
66.1957        65.1879
65.9609        65.1879
65.8333        65.1879
66.0239        65.1879
66.2233        65.1879
66.3282        65.1879
66.3964        65.1879
65.8583        65.1879
65.3588        65.1879
65.3624        65.1879
65.4952        65.1879
65.5643        65.1879
66.1009        65.1879
66.1957        65.1879
65.7633        65.1879
65.4657        65.1879
65.641        65.1879
65.6729        65.1879
66.457        65.1879
65.7692        65.1879
65.6343        65.1879
66.0146        65.1879
65.9223        65.1879
66.3438        65.1879
65.8713        65.1879
66.1199        65.1879
66.0045        65.1879
65.887        65.1879
66.2448        65.1879
66.111        65.1879
65.77        65.1879
66.0444        65.1879
65.7939        65.1879
65.8995        65.1879
66.258        65.1879
65.7759        65.1879
66.4012        65.1879
66.1389        65.1879
65.9845        65.1879
65.8099        65.1879
65.6797        65.1879
65.8872        65.1879
65.6124        65.1879
66.078        65.1879
66.5856        65.1879
66.9398        65.1879
66.0847        65.1879
65.7703        65.1879
65.7686        65.1879
66.2532        65.1879
65.9441        65.1879
65.7602        65.1879
65.813        65.1879
65.7556        65.1879
65.5802        65.1879
65.4925        65.1879
65.8649        65.1879
65.9602        65.1879
65.9059        65.1879
66.098        65.1879
65.8072        65.1879
65.6708        65.1879
66.2332        65.1879
65.9363        65.1879
65.8201        65.1879
65.7435        65.1879
65.9395        65.1879
65.7511        65.1879
65.669        65.1879
66.0483        65.1879
66.3554        65.1879
65.9995        65.1879
65.5697        65.1879
65.5522        65.1879
65.6629        65.1879
65.8067        65.1879
65.707        65.1879
65.7515        65.1879
65.6995        65.1879
65.7698        65.1879
66.1572        65.1879
66.0883        65.1879
65.6868        65.1879
65.585        65.1879
65.505        65.1879
65.5377        65.1879
65.718        65.1879
65.8901        65.1879
66.2152        65.1879
65.9583        65.1879
65.9986        65.1879
66.0346        65.1879
65.8777        65.1879
66.3598        65.1879
66.0406        65.1879
66.0839        65.1879
66.1816        65.1879
65.9907        65.1879
65.7976        65.1879
65.853        65.1879
65.9649        65.1879
66.4964        65.1879
65.9207        65.1879
66.0219        65.1879
65.4283        65.1879
65.9073        65.1879
65.743        65.1879
65.5422        65.1879
65.5634        65.1879
65.6319        65.1879
66.0195        65.1879
65.8321        65.1879
65.7789        65.1879
66.091        65.1879
66.0441        65.1879
66.1429        65.1879
66.1115        65.1879
65.9811        65.1879
65.7642        65.1879
65.7311        65.1879
65.5653        65.1879
65.8438        65.1879
65.9398        65.1879
66.0506        65.1879
65.7617        65.1879
65.6642        65.1879
66.2103        65.1879
65.9795        65.1879
65.8106        65.1879
66.1967        65.1879
65.9961        65.1879
65.9009        65.1879
65.9337        65.1879
65.7166        65.1879
65.7015        65.1879
65.4864        65.1879
65.6686        65.1879
65.6417        65.1879
65.9308        65.1879
65.7296        65.1879
65.5587        65.1879
65.7716        65.1879
65.5722        65.1879
65.3964        65.1879
65.5036        65.1879
65.7097        65.1879
66.1226        65.1879
65.7103        65.1879
65.9741        65.1879
65.542        65.1879
65.4746        65.1879
65.8907        65.1879
66.2468        65.1879
65.9569        65.1879
65.8563        65.1879
65.7657        65.1879
66.1114        65.1879
65.8639        65.1879
66.1299        65.1879
65.938        65.1879
65.9347        65.1879
65.8996        65.1879
65.7674        65.1879
65.8645        65.1879
66.1489        65.1879
66.3818        65.1879
66.3518        65.1879
66.5884        65.1879
66.4955        65.1879
66.0073        65.1879
66.0138        65.1879
66.185        65.1879
66.3388        65.1879
67.0649        65.1879
66.4195        65.1879
66.1209        65.1879
65.7966        65.1879
65.5276        65.1879
65.8458        65.1879
66.0502        65.1879
65.8747        65.1879
65.6455        65.1879
66.1292        65.1879
65.7489        65.1879
66.1421        65.1879
66.0894        65.1879
66.0244        65.1879
66.3513        65.1879
65.8738        65.1879
66.1675        65.1879
65.7438        65.1879
65.8286        65.1879
65.9736        65.1879
66.0181        65.1879
65.7206        65.1879
65.875        65.1879
65.6575        65.1879
65.6569        65.1879
65.3817        65.1879
65.5469        65.1879
65.7248        65.1879
65.6416        65.1879
65.7513        65.1879
65.9915        65.1879
65.7648        65.1879
65.6971        65.1879
65.7134        65.1879
65.7311        65.1879
65.6771        65.1879
65.8113        65.1879
65.6032        65.1879
65.9406        65.1879
65.9368        65.1879
65.8663        65.1879
65.9504        65.1879
65.6338        65.1879
66.0707        65.1879
65.7494        65.1879
66.0889        65.1879
65.9072        65.1879
66.0118        65.1879
65.6743        65.1879
65.5805        65.1879
65.9746        65.1879
65.6271        65.1879
65.9192        65.1879
65.9572        65.1879
65.6381        65.1879
66.0292        65.1879
66.6313        65.1879
66.2494        65.1879
65.8582        65.1879
65.5936        65.1879
65.7341        65.1879
65.9727        65.1879
66.1157        65.1879
65.8038        65.1879
66.1439        65.1879
66.6707        65.1879
66.7714        65.1879
65.9003        65.1879
65.7955        65.1879
65.8864        65.1879
65.9008        65.1879
65.6953        65.1879
66.1502        65.1879
66.0645        65.1879
65.8206        65.1879
65.7573        65.1879
65.6385        65.1879
65.6851        65.1879
65.6909        65.1879
66.02        65.1879
65.6476        65.1879
65.9106        65.1879
65.9865        65.1879
65.5521        65.1879
65.3988        65.1879
66.022        65.1879
65.6661        65.1879
66.024        65.1879
65.8362        65.1879
65.9536        65.1879
65.6086        65.1879
65.5266        65.1879
65.8545        65.1879
65.7802        65.1879
65.5881        65.1879
65.7695        65.1879
65.9542        65.1879
66.2541        65.1879
65.7144        65.1879
65.8611        65.1879
65.7854        65.1879
66.0338        65.1879
65.7963        65.1879
65.9218        65.1879
65.5455        65.1879
65.8019        65.1879
66.1637        65.1879
66.4972        65.1879
66.3959        65.1879
66.6448        65.1879
65.8292        65.1879
65.6339        65.1879
65.5554        65.1879
65.9085        65.1879
65.9699        65.1879
65.8552        65.1879
65.8736        65.1879
65.8808        65.1879
65.8328        65.1879
65.7506        65.1879
65.6532        65.1879
65.9108        65.1879
65.6099        65.1879
66.2162        65.1879
66.0811        65.1879
66.1094        65.1879
66.1153        65.1879
65.9502        65.1879
65.7985        65.1879
66.34        65.1879
66.2983        65.1879
66.0404        65.1879
65.9617        65.1879
66.0017        65.1879
66.0467        65.1879
65.8826        65.1879
65.7114        65.1879
65.4075        65.1879
65.6826        65.1879
65.7671        65.1879
65.8015        65.1879
65.4951        65.1879
65.6683        65.1879
66.2712        65.1879
66.1581        65.1879
65.6963        65.1879
66.1268        65.1879
66.2883        65.1879
65.5932        65.1879
65.67        65.1879
65.6075        65.1879
65.3748        65.1879
65.799        65.1879
66.0528        65.1879
65.8268        65.1879
65.8098        65.1879
65.7896        65.1879
65.7715        65.1879
65.9853        65.1879
65.7805        65.1879
65.7029        65.1879
65.8794        65.1879
65.7144        65.1879
65.8719        65.1879
65.9589        65.1879
65.7569        65.1879
65.6929        65.1879
65.9151        65.1879
65.7206        65.1879
66.0471        65.1879
66.0328        65.1879
65.6324        65.1879
65.7838        65.1879
65.8635        65.1879
65.8614        65.1879
65.883        65.1879
65.6467        65.1879
65.7758        65.1879
65.8563        65.1879
65.9392        65.1879
65.6896        65.1879
65.4386        65.1879
65.623        65.1879
65.5501        65.1879
65.4715        65.1879
65.6651        65.1879
65.9049        65.1879
65.8039        65.1879
65.8172        65.1879
65.7137        65.1879
65.7747        65.1879
65.8621        65.1879
65.981        65.1879
66.0834        65.1879
66.0285        65.1879
65.8788        65.1879
65.9477        65.1879
66.0895        65.1879
65.6399        65.1879
65.3833        65.1879
65.4645        65.1879
65.4135        65.1879
65.7304        65.1879
65.8752        65.1879
65.7262        65.1879
65.7561        65.1879
66.0407        65.1879
65.9182        65.1879
66.2187        65.1879
66.2819        65.1879
66.1365        65.1879
66.4213        65.1879
66.3334        65.1879
65.9457        65.1879
66.0671        65.1879
65.5794        65.1879
65.7543        65.1879
65.8462        65.1879
65.7008        65.1879
66.107        65.1879
65.9454        65.1879
65.8494        65.1879
65.9437        65.1879
65.909        65.1879
65.9168        65.1879
66.2119        65.1879
65.7813        65.1879
66.3581        65.1879
66.189        65.1879
66.3931        65.1879
65.9828        65.1879
65.9357        65.1879
66.0455        65.1879
65.9889        65.1879
66.3104        65.1879
66.4136        65.1879
66.1725        65.1879
66.0166        65.1879
66.5413        65.1879
66.4198        65.1879
66.4834        65.1879
66.0438        65.1879
65.594        65.1879
65.3766        65.1879
65.7216        65.1879
66.3057        65.1879
66.5492        64.8528
66.4457        64.8528
66.3522        64.8528
65.9325        64.8528
65.9161        64.8528
65.7242        64.8528
65.6308        64.8528
65.368        64.8528
65.6451        64.8528
65.5633        64.8528
65.6046        64.8528
66.1383        64.8528
65.597        64.8528
65.2507        64.8528
65.3444        64.8528
65.6739        64.8528
65.5865        64.8528
65.497        64.8528
65.619        64.8528
65.2324        64.8528
65.3469        64.8528
65.847        64.8528
65.7721        64.8528
65.3529        64.8528
65.9693        64.8528
65.5488        64.8528
65.949        64.8528
65.655        64.8528
65.7518        64.8528
65.1847        64.8528
65.6683        64.8528
65.4536        64.8528
65.3557        64.8528
65.7614        64.8528
66.0327        64.8528
65.5862        64.8528
65.7799        64.8528
65.665        64.8528
65.8972        64.8528
65.6449        64.8528
65.8055        64.8528
65.671        64.8528
65.7593        64.8528
65.3529        64.8528
65.1412        64.8528
65.0645        64.8528
65.2458        64.8528
65.1713        64.8528
65.2555        64.8528
65.332        64.8528
65.4156        64.8528
65.2781        64.8528
65.4764        64.8528
65.4435        64.8528
65.9005        64.8528
65.8927        64.8528
65.9617        64.8528
66.2888        64.8528
65.9254        64.8528
66.0417        64.8528
66.3209        64.8528
65.7864        64.8528
65.3689        64.8528
65.6576        64.8528
65.3448        64.8528
65.6536        64.8528
65.7976        64.8528
65.7516        64.8528
65.7079        64.8528
65.6289        64.8528
65.139        64.8528
65.4171        64.8528
65.2944        64.8528
65.4929        64.8528
65.9511        64.8528
66.0894        64.8528
66.0925        64.8528
66.3359        64.8528
66.6604        64.8528
66.1514        64.8528
65.767        64.8528
65.6374        64.8528
65.6554        64.8528
65.5821        64.8528
65.7919        64.8528
65.7987        64.8528
65.3288        64.8528
65.4738        64.8528
65.5749        64.8528
65.6396        64.8528
66.0845        64.8528
66.2703        64.8528
65.7628        64.8528
65.4416        64.8528
65.2918        64.8528
65.3224        64.8528
65.4457        64.8528
65.4911        64.8528
65.9573        64.8528
65.8999        64.8528
65.5354        64.8528
65.563        64.8528
65.5617        64.8528
65.5868        64.8528
65.6122        64.8528
65.8209        64.8528
65.4941        64.8528
65.4581        64.8528
65.6293        64.8528
65.5439        64.8528
65.8545        64.8528
65.5449        64.8528
65.6145        64.8528
65.5722        64.8528
65.4104        64.8528
65.784        64.8528
65.6391        64.8528
65.4501        64.8528
65.3622        64.8528
65.2845        64.8528
65.2807        64.8528
66.0772        64.8528
65.7911        64.8528
65.4042        64.8528
65.5025        64.8528
65.7104        64.8528
65.6687        64.8528
65.3754        64.8528
65.1465        64.8528
65.379        64.8528
65.4019        64.8528
65.3712        64.8528
65.4744        64.8528
65.4299        64.8528
65.3594        64.8528
65.0675        64.8528
65.5427        64.8528
65.3073        64.8528
65.5362        64.8528
65.4057        64.8528
65.1914        64.8528
65.3771        64.8528
65.349        64.8528
65.3919        64.8528
65.0344        64.8528
65.1906        64.8528
65.2785        64.8528
65.2955        64.8528
65.4803        64.8528
65.396        64.8528
65.7708        64.8528
65.5658        64.8528
65.4045        64.8528
65.9181        64.8528
65.9711        64.8528
65.6776        64.8528
65.4551        64.8528
65.2128        64.8528
65.527        64.8528
65.8264        64.8528
66.1388        64.8528
66.2332        64.8528
66.0019        64.8528
66.0259        64.8528
66.1403        64.8528
65.518        64.8528
65.3578        64.8528
65.2689        64.8528
65.4968        64.8528
65.4152        64.8528
65.192        64.8528
65.1427        64.8528
65.1261        64.8528
65.4206        64.8528
65.6069        64.8528
65.1773        64.8528
65.1124        64.8528
65.2598        64.8528
65.5711        64.8528
65.4665        64.8528
65.9522        64.8528
65.8843        64.8528
65.9513        64.8528
65.4898        64.8528
65.708        64.8528
65.0398        64.8528
65.6016        64.8528
65.396        64.8528
65.6296        64.8528
65.6915        64.8528
65.5564        64.8528
65.5314        64.8528
65.2788        64.8528
65.5481        64.8528
65.8995        64.8528
65.6097        64.8528
65.534        64.8528
65.6828        64.8528
65.6526        64.8528
65.703        64.8528
65.6513        64.8528
65.7913        64.8528
65.5247        64.8528
65.7252        64.8528
65.7134        64.8528
65.2857        64.8528
65.227        64.8528
65.4832        64.8528
65.3925        64.8528
65.4573        64.8528
65.6019        64.8528
65.9338        64.8528
65.3021        64.8528
65.4956        64.8528
65.8973        64.8528
65.6673        64.8528
65.6159        64.8528
65.7738        64.8528
65.6398        64.8528
65.3607        64.8528
65.2817        64.8528
65.4822        64.8528
65.7017        64.8528
65.6141        64.8528
66.4682        64.8528
65.8618        64.8528
65.6204        64.8528
65.2097        64.8528
65.0142        64.8528
65.0731        64.8528
65.3103        64.8528
65.3982        64.8528
65.8614        64.8528
65.5222        64.8528
65.9474        64.8528
65.4953        64.8528
65.3042        64.8528
65.5215        64.8528
65.3627        64.8528
65.4291        64.8528
65.2773        64.8528
65.8524        64.8528
65.3741        64.8528
65.5334        64.8528
65.7134        64.8528
65.5888        64.8528
65.5219        64.8528
65.637        64.8528
65.5641        64.8528
65.4759        64.8528
65.207        64.8528
65.7294        64.8528
65.531        64.8528
65.6203        64.8528
65.405        64.8528
65.3748        64.8528
65.2397        64.8528
65.4273        64.8528
65.3239        64.8528
65.2988        64.8528
65.2638        64.8528
65.2781        64.8528
65.4124        64.8528
65.234        64.8528
65.1071        64.8528
65.2988        64.8528
65.5033        64.8528
65.2909        64.8528
65.4537        64.8528
65.5628        64.8528
65.3797        64.8528
65.6849        64.8528
65.5218        64.8528
65.5555        64.8528
65.2639        64.8528
65.4159        64.8528
65.5345        64.8528
65.571        64.8528
65.892        64.8528
65.6432        64.8528
65.7471        64.8528
65.8137        64.8528
65.4834        64.8528
65.621        64.8528
65.6448        64.8528
65.6228        64.8528
65.6465        64.8528
65.5289        64.8528
65.34        64.8528
65.3344        64.8528
65.4345        64.8528
65.1447        64.8528
65.4228        64.8528
65.5009        64.8528
65.7237        64.8528
65.9254        64.8528
65.6674        64.8528
65.2692        64.8528
65.3221        64.8528
65.7032        64.8528
65.4672        64.8528
65.4565        64.8528
65.822        64.8528
66.0208        64.8528
65.5277        64.8528
65.5388        64.8528
65.5494        64.8528
65.0983        64.8528
65.3016        64.8528
65.182        64.8528
65.41        64.8528
65.5648        64.8528
65.3944        64.8528
65.2914        64.8528
65.5519        64.8528
65.6183        64.8528
65.3696        64.8528
65.6357        64.8528
65.7287        64.8528
65.8949        64.8528
65.6225        64.8528
65.5822        64.8528
65.3067        64.8528
65.4811        64.8528
65.6974        64.8528
65.7058        64.8528
65.86        64.8528
65.741        64.8528
65.9171        64.8528
66.4396        64.8528
66.1658        64.8528
66.0317        64.8528
66.3227        64.8528
66.0538        64.8528
65.9245        64.8528
65.5314        64.8528
66.055        64.8528
66.0218        64.8528
66.2396        64.8528
65.7475        64.8528
66.1178        64.8528
66.3212        64.8528
65.7512        64.8528
65.3433        64.8528
65.1651        64.8528
65.2356        64.8528
65.4413        64.8528
65.6798        64.8528
65.9013        64.8528
65.9159        64.8528
65.3364        64.8528
65.8536        64.8528
65.7637        64.8528
65.6097        64.8528
65.4701        64.8528
65.4974        64.8528
65.7225        64.8528
65.7707        64.8528
65.4392        64.8528
65.8646        64.8528
65.544        64.8528
65.5281        64.8528
65.4222        64.8528
66.1134        64.8528
65.4838        64.8528
65.4408        64.8528
65.743        64.8528
65.3689        64.8528
65.5764        64.8528
65.5631        64.8528
65.3596        64.8528
65.6309        64.8528
65.4915        64.8528
65.3705        64.8528
65.6347        64.8528
65.5812        64.8528
65.6417        64.8528
65.6209        64.8528
65.676        64.8528
65.6131        64.8528
65.4051        64.8528
65.4291        64.8528
65.7304        64.8528
65.0829        64.8528
65.5268        64.8528
65.818        64.8528
65.9031        64.8528
65.8786        64.8528
65.1975        64.8528
65.0809        64.8528
65.3522        64.8528
65.4846        64.8528
65.172        64.8528
65.1524        64.8528
65.3088        64.8528
65.51        64.8528
65.1574        64.8528
65.1065        64.8528
65.1354        64.8528
65.0262        64.8528
65.5512        64.8528
65.823        64.8528
65.8663        64.8528
65.4789        64.8528
65.4239        64.8528
65.6007        64.8528
65.5959        64.8528
65.6211        64.8528
65.589        64.8528
65.8782        64.8528
65.4856        64.8528
65.3847        64.8528
65.657        64.8528
65.8216        64.8528
65.7519        64.8528
66.216        64.8528
65.5568        64.8528
65.8228        64.8528
65.6132        64.8528
65.2755        64.8528
65.3074        64.8528
65.0372        64.8528
65.2608        64.8528
65.0958        64.8528
65.6042        64.8528
65.7969        64.8528
66.1465        64.8528
65.9505        64.8528
65.6528        64.8528
65.3045        64.8528
65.3225        64.8528
65.1984        64.8528
65.6105        64.8528
65.5813        64.8528
65.2954        64.8528
65.6584        64.8528
65.3982        64.8528
65.2357        64.8528
65.6695        64.8528
65.401        64.8528
65.5927        64.8528
65.6417        64.8528
65.5936        64.8528
65.567        64.8528
65.6562        64.8528
65.6957        64.8528
66.1038        64.8528
66.255        64.8528
66.0117        64.8528
65.5784        64.8528
65.761        64.8528
65.4026        64.8528
65.2459        64.8528
65.3282        64.8528
65.3748        64.8528
65.3869        64.8528
65.3574        64.8528
65.4377        64.8528
65.2674        64.8528
65.477        64.8528
65.9015        64.8528
66.0637        64.8528
65.5336        64.8528
65.7444        64.8528
65.954        64.8528
65.7829        64.8528
65.6523        64.8528
65.6608        64.8528
65.7254        64.8528
65.9158        64.8528
65.7621        64.8528
65.6198        64.8528
65.0798        64.8528
65.0014        64.8528
65.1015        64.8528
65.3707        64.8528
65.2437        64.8528
65.1879        64.8528
65.7766        64.8528
65.4912        64.8528
65.2702        64.8528
65.6619        64.8528
65.5446        64.8528
65.3917        64.8528
65.5822        64.8528
65.1955        64.8528
65.4661        64.8528
65.9112        64.8528
65.3625        64.8528
65.4951        64.8528
65.3269        64.8528
65.4535        64.8528
65.366        64.8528
65.3083        64.8528
66.0014        64.8528
66.4636        64.8528
66.3822        64.8528
65.7344        64.8528
65.6909        64.8528
65.3741        64.8528
65.3066        64.8528
65.5176        64.8528
65.8566        64.8528
65.7036        64.8528
65.737        64.8528
65.9886        64.8528
65.9284        64.8528
65.6582        64.8528
65.4365        64.8528
65.617        64.8528
65.4288        64.8528
65.8047        64.8528
65.8891        64.8528
66.2887        64.8528
65.8815        64.8528
65.5233        64.8528
65.4889        64.8528
65.3994        64.8528
65.9792        64.8528
65.3584        64.8528
65.326        64.8528
65.737        64.8528
65.6139        64.8528
65.548        64.8528
65.5856        64.8528
65.356        64.8528
65.5781        64.8528
65.6539        64.8528
65.399        64.8528
65.749        64.8528
65.6047        64.8528
65.3474        64.8528
65.7085        64.8528
65.4717        64.8528
65.5406        64.8528
65.5099        64.8528
65.758        64.8528
66.0051        64.8528
65.2838        64.8528
65.4142        64.8528
65.3381        64.8528
65.6049        64.8528
65.6088        64.8528
65.6249        64.8528
66.1055        64.8528
65.8453        64.8528
65.8826        64.8528
65.4989        64.8528
65.2005        64.8528
65.6354        64.8528
65.3812        64.8528
65.6268        64.8528
65.7809        64.8528
66.2106        64.8528
65.6958        64.8528
65.708        64.8528
65.2412        64.8528
65.2659        64.8528
65.376        64.8528
65.8441        64.8528
65.3333        64.8528
65.286        64.8528
65.8367        64.8528
65.7784        64.8528
66.1344        64.8528
65.7921        64.8528
65.3234        64.8528
65.5401        64.8528
65.1798        64.8528
65.4527        64.8528
65.3594        64.8528
65.0549        64.8528
64.9901        64.8528
65.5291        64.8528
65.5327        64.8528
65.3461        64.8528
65.2561        64.8528
65.5368        64.8528
65.1604        64.8528
65.4022        64.8528
65.7015        64.8528
65.368        64.8528
65.5321        64.8528
65.685        64.8528
65.8712        64.8528
65.7561        64.8528
65.8449        64.8528
65.6373        64.8528
65.953        64.8528
66.0375        64.8528
65.4517        64.8528
65.6227        64.8528
65.6374        64.8528
65.9719        64.8528
65.4946        64.8528
65.2659        64.8528
65.5688        64.8528
65.5053        64.8528
65.5674        64.8528
65.6576        64.8528
65.7513        64.8528
65.832        64.8528
65.4313        64.8528
65.6576        64.8528
65.8053        64.8528
65.4843        64.8528
65.3529        64.8528
65.5671        64.8528
65.4034        64.8528
65.6046        64.8528
65.4427        64.8528
65.3267        64.8528
65.4753        64.8528
65.5859        64.8528
66.0422        64.8528
65.8613        64.8528
65.5894        64.8528
65.3422        64.8528
65.5599        64.8528
65.7305        64.8528
65.698        64.8528
65.6985        64.8528
65.8557        64.8528
65.5231        64.8528
65.553        64.8528
65.5464        64.8528
65.9611        64.8528
65.5185        64.8528
65.5467        64.8528
65.5104        64.8528
65.5048        64.8528
65.4705        64.8528
65.6914        64.8528
65.4868        64.8528
65.415        64.8528
65.7113        64.8528
65.8465        64.8528
65.7224        64.8528
65.6974        64.8528
66.1407        64.8528
65.6321        64.8528
65.8567        64.8528
66.1029        64.8528
65.721        64.8528
66.2309        64.8528
65.9998        64.8528
65.8279        64.8528
66.2203        64.8528
65.75        64.8528
66.149        64.8528
65.6571        64.8528
65.4771        64.8528
65.6011        64.8528
65.9365        64.8528
65.6737        64.8528
65.2215        64.8528
65.2523        64.8528
65.7766        64.8528
65.5738        64.8528
65.4857        64.8528
65.6313        64.8528
65.5529        64.8528
65.2602        64.8528
66.0234        64.8528
65.8991        64.8528
65.5698        64.8528
65.6935        64.8528
65.356        64.8528
65.4101        64.8528
65.6042        64.8528
65.7597        64.8528
66.2023        64.8528
65.7757        64.8528
65.5091        64.8528
65.7184        64.8528
65.7732        64.8528
65.8635        64.8528
66.0639        64.8528
66.048        64.8528
65.3415        64.8528
65.463        64.8528
65.1207        64.8528
65.1889        64.8528
65.3377        64.8528
65.5568        64.8528
65.4509        64.8528
65.8367        64.8528
65.1821        64.8528
65.4015        64.8528
65.4573        64.8528
65.5179        64.8528
65.7504        64.8528
65.2804        64.8528
65.4007        64.8528
65.4524        64.8528
66.0722        64.8528
65.5271        64.8528
65.5025        64.8528
65.7487        64.8528
66.0871        64.8528
65.8419        64.8528
66.0093        64.8528
65.781        64.8528
65.6258        64.8528
65.5714        64.8528
65.3233        64.8528
65.8364        64.8528
65.6506        64.8528
65.8631        64.8528
66.1057        64.8528
65.9023        64.8528
65.9627        64.8528
65.3782        64.8528
65.3551        64.8528
65.6096        64.8528
65.3419        64.8528
65.4323        64.8528
65.1425        64.8528
65.2208        64.8528
65.4893        64.8528
65.4089        64.8528
65.4862        64.8528
65.5213        64.8528
65.5783        64.8528
65.6843        64.8528
65.6028        64.8528
65.5913        64.8528
65.8436        64.8528
65.2614        64.8528
65.2026        64.8528
65.4299        64.8528
65.3795        64.8528
65.4949        64.8528
65.456        64.8528
65.4751        64.8528
65.5403        64.8528
65.2055        64.8528
65.3967        64.8528
65.3706        64.8528
65.6708        64.8528
65.3277        64.8528
65.7382        64.8528
65.7658        64.8528
66.0205        64.8528
65.8369        64.8528
65.4809        64.8528
65.6304        64.8528
65.5358        64.8528
65.3083        64.8528
65.0918        64.8528
65.3378        64.8528
65.7201        64.8528
65.7219        64.8528
65.4976        64.8528
65.6147        64.8528
65.3182        64.8528
65.7605        64.8528
65.5872        64.8528
65.9937        64.8528
65.8587        64.8528
65.5686        64.8528
65.805        64.8528
65.6271        64.8528
65.3326        64.8528
65.4432        64.8528
65.5887        64.8528
66.2001        64.8528
65.8819        64.8528
66.184        64.8528
66.0593        64.8528
65.9489        64.8528
65.6093        64.8528
65.7537        64.8528
65.8066        64.8528
65.6571        64.8528
66.0785        64.8528
65.6625        64.8528
66.0009        64.8528
65.7328        64.8528
65.6498        64.8528
65.4207        64.8528
65.6073        64.8528
65.9699        64.8528
65.8999        64.8528
65.5384        64.8528
65.648        64.8528
65.5406        64.8528
65.2418        64.8528
65.3639        64.8528
65.4696        64.8528
65.3014        64.8528
65.1886        64.8528
65.1771        64.8528
65.1369        64.8528
65.6982        64.8528
65.3013        64.8528
65.1615        64.8528
65.1541        64.8528
65.2137        64.8528
65.0684        64.8528
65.7142        64.8528
65.9018        64.8528
66.222        64.8528
65.8746        64.8528
65.628        64.8528
65.7271        64.8528
65.7776        64.8528
65.4517        64.8528
65.0868        64.8528
65.1288        64.8528
65.014        64.8528
65.2533        64.8528
65.5852        64.8528
65.5906        64.8528
65.536        64.8528
65.6244        64.8528
65.1037        64.8528
65.4044        64.8528
65.8349        64.8528
65.3683        64.8528
65.872        64.8528
66.0468        64.8528
65.9542        64.8528
65.573        64.8528
65.5923        64.8528
65.645        64.8528
65.5714        64.8528
65.6781        64.8528
65.2697        64.8528
65.4046        64.8528
65.3945        64.8528
65.271        64.8528
65.3471        64.8528
65.5088        64.8528
65.6066        64.8528
65.5818        64.8528
65.6409        64.8528
65.2622        64.8528
65.7413        64.8528
65.7452        64.8528
65.7671        64.8528
66.017        64.8528
65.3447        64.8528
65.5292        64.8528
65.7531        64.8528
65.4909        64.8528
65.5566        64.8528
65.5667        64.8528
65.6317        64.8528
65.331        64.8528
65.9022        64.8528
65.5582        64.8528
65.9737        64.8528
65.821        64.8528
65.7575        64.8528
65.9384        64.8528
66.2037        64.8528
65.9801        64.8528
65.2428        64.8528
65.2829        64.8528
65.7687        64.8528
65.4916        64.8528
65.4036        64.8528
65.4787        64.8528
65.404        64.8528
65.5244        64.8528
65.5822        64.8528
65.4549        64.8528
65.5155        64.8528
65.3352        64.8528
65.391        64.8528
65.494        64.8528
66.1506        64.8528
65.7389        64.8528
65.5582        64.8528
65.684        64.8528
66.02        64.8528
65.4078        64.8528
66.0009        64.8528
65.5043        64.8528
65.6034        64.8528
65.6781        64.8528
65.6565        64.8528
65.461        64.8528
65.5426        64.8528
65.5632        64.8528
65.3992        64.8528
65.4605        64.8528
65.2988        64.8528
65.5071        64.8528
65.1717        64.8528
65.3333        64.8528
65.3954        64.8528
65.4929        64.8528
65.5724        64.8528
66.2184        64.8528
65.8843        64.8528
65.775        64.8528
65.7827        64.8528
65.9277        64.8528
65.9538        64.8528
65.7564        64.8528
65.8624        64.8528
65.4645        64.8528
65.4911        64.8528
65.6728        64.8528
65.3866        64.8528
65.5622        64.8528
65.6015        64.8528
65.6529        64.8528
65.5084        64.8528
65.3458        64.8528
65.6405        64.8528
65.6169        64.8528
65.1836        64.8528
65.4076        64.8528
65.5448        64.8528
65.1161        64.8528
65.232        64.8528
65.7498        64.8528
65.7751        64.8528
66.0155        64.8528
65.4592        64.8528
65.7426        64.8528
65.51        64.8528
65.3953        64.8528
65.1861        64.8528
65.1566        64.8528
65.3133        64.8528
65.4807        64.8528
65.5545        64.8528
65.4911        64.8528
65.6416        64.8528
65.9768        64.8528
65.832        64.8528
66.2725        64.8528
65.7396        64.8528
65.7452        64.8528
65.6025        64.8528
65.5199        64.8528
65.6347        64.8528
65.4805        64.8528
65.7072        64.8528
65.7468        64.8528
66.0313        64.8528
66.3592        64.8528
65.543        64.8528
65.8799        64.8528
65.6765        64.8528
65.3465        64.8528
65.3165        64.8528
65.6775        64.8528
65.2898        64.8528
65.2625        64.8528
65.2679        64.8528
65.3766        64.8528
65.5508        64.8528
65.5243        64.8528
65.2072        64.8528
65.232        64.8528
65.6031        64.8528
65.4737        64.8528
65.1983        64.8528
65.6702        64.8528
66.1445        64.8528
65.2796        64.8528
65.1098        64.8528
65.2452        64.8528
65.5665        64.8528
65.3534        64.8528
65.4226        64.8528
65.9691        64.8528
65.6682        64.8528
65.9269        64.8528
66.0622        64.8528
65.9282        64.8528
65.9827        64.8528
65.8883        64.8528
65.8792        64.8528
66.1207        64.8528
65.832        64.8528
65.6918        64.8528
65.909        64.8528
65.5639        64.8528
65.714        64.8528
65.6851        64.8528
65.5373        64.8528
65.5273        64.8528
65.7865        64.8528
65.3431        64.8528
65.205        64.8528
65.2761        64.8528
65.5302        64.8528
65.2671        64.8528
65.1832        64.8528
65.698        64.8528
65.7028        64.8528
65.3058        64.8528
65.18        64.8528
65.2732        64.8528
65.4506        64.8528
65.4036        64.8528
65.6379        64.8528
65.3725        64.8528
65.3956        64.8528
65.63        64.8528
65.5509        64.8528
65.2778        64.8528
65.2416        64.8528
65.1612        64.8528
65.167        64.8528
65.2178        64.8528
65.0871        64.8528
65.4521        64.8528
65.5486        64.8528
65.4663        64.8528
65.2332        64.8528
65.3852        64.8528
65.5257        64.8528
65.843        64.8528
65.3413        64.8528
65.263        64.8528
65.7524        64.8528
65.8893        64.8528
66.0074        64.8528
65.6658        64.8528
65.5377        64.8528
65.565        64.8528
65.8036        64.8528
65.5204        64.8528
65.5223        64.8528
65.6042        64.8528
65.6305        64.8528
65.5207        64.8528
65.5503        64.8528
65.3906        64.8528
65.6775        64.8528
65.3852        64.8528
65.4395        64.8528
65.1797        64.8528
65.6922        64.8528
65.2389        64.8528
65.4033        64.8528
65.2792        64.8528
65.635        64.8528
65.8988        64.8528
65.7161        64.8528
65.4936        64.8528
65.4103        64.8528
65.4634        64.8528
65.5245        64.8528
65.5178        64.8528
65.4715        64.8528
65.5623        64.8528
65.6604        64.8528
65.6493        64.8528
65.9083        64.8528
65.7868        64.8528
65.3978        64.8528
65.2061        64.8528
65.7688        64.8528
65.3505        64.8528
65.2954        64.8528
65.2673        64.8528
65.4327        64.8528
65.4061        64.8528
65.1711        64.8528
65.2574        64.8528
65.471        64.8528
65.6953        64.8528
65.5679        64.8528
65.5521        64.8528
66.4217        64.8528
65.5046        64.8528
65.5899        64.8528
65.5687        64.8528
65.491        64.8528
65.7028        64.8528
65.7124        64.8528
65.4482        64.8528
65.624        64.8528
65.7749        64.8528
65.5598        64.8528
65.3365        64.8528
65.3196        64.8528
65.7811        64.8528
65.8252        64.8528
65.4706        64.8528
65.1283        64.8528
65.2705        64.8528
65.7038        64.8528
65.9202        64.8528
65.9072        64.8528
65.5209        64.8528
65.5428        64.8528
65.9302        64.8528
65.6483        64.8528
65.3965        64.8528
65.5303        64.8528
65.7552        64.8528
65.8535        64.8528
65.7835        64.8528
65.7562        64.8528
65.6564        64.8528
65.3708        64.8528
65.5857        64.8528
65.7644        64.8528
65.7513        64.8528
65.3857        64.8528
65.8847        64.8528
65.6341        64.8528
65.4816        64.8528
65.3549        64.8528
65.2673        64.8528
65.3796        64.8528
65.7908        64.8528
65.6252        64.8528
65.7087        64.8528
65.6248        64.8528
65.4386        64.8528
65.4525        64.8528
65.8931        64.8528
65.5203        64.8528
65.5298        64.8528
65.8645        64.8528
65.645        64.8528
65.6223        64.8528
65.5444        64.8528
65.8277        64.8528
65.3113        64.8528
65.2658        64.8528
65.3215        64.8528
65.0418        64.8528
65.2909        64.8528
65.2343        64.8528
65.3885        64.8528
65.6588        64.8528
65.1952        64.8528
65.5016        64.8528
65.6071        64.8528
65.4345        64.8528
65.2477        64.8528
65.1046        64.8528
65.265        64.8528
65.9601        64.8528
65.7273        64.8528
65.7285        64.8528
65.7736        64.8528
65.4683        64.8528
65.6489        64.8528
65.4182        64.8528
65.1925        64.8528
65.1944        64.8528
65.2074        64.8528
65.2776        64.8528
65.2004        64.8528
65.7097        64.8528
65.1619        64.8528
65.4273        64.8528
65.2655        64.8528
65.5613        64.8528
65.7836        64.8528
65.5071        64.8528
65.468        64.8528
65.0437        64.8528
65.4462        64.8528
65.3356        64.8528
65.6289        64.8528
65.286        64.8528
65.5399        64.8528
65.7508        64.8528
65.4632        64.8528
65.4146        64.8528
65.4616        64.8528
65.7574        64.8528
65.9631        64.8528
65.4154        64.8528
65.7867        64.8528
65.808        64.8528
65.3221        64.8528
64.9749        64.8528
65.4693        64.8528
65.5648        64.8528
65.3197        64.8528
65.2622        64.8528
65.4736        64.8528
65.7052        64.8528
65.7041        64.8528
65.5607        64.8528
65.4502        64.8528
65.4587        64.8528
65.1527        64.8528
65.7865        64.8528
65.3608        64.8528
65.6355        64.8528
65.8344        64.8528
65.3889        64.8528
65.1401        64.8528
65.2833        64.8528
65.4177        64.8528
65.4468        64.8528
65.7242        64.8528
65.5737        64.8528
65.3948        64.8528
65.425        64.8528
65.8382        64.8528
65.4664        64.8528
65.3847        64.8528
65.8629        64.8528
65.661        64.8528
65.4996        64.8528
65.7197        64.8528
65.7528        64.8528
65.8005        64.8528
65.2893        64.8528
65.1072        64.8528
64.9906        64.8528
65.1163        64.8528
65.2532        64.8528
65.3299        64.8528
65.173        64.8528
65.4469        64.8528
65.8847        64.8528
65.9708        64.8528
65.9845        64.8528
65.4791        64.8528
65.1836        64.8528
65.1572        64.8528
65.5061        64.8528
65.6841        64.8528
65.4859        64.8528
65.4481        64.8528
65.1584        64.8528
65.4292        64.8528
65.3849        64.8528
65.7628        64.8528
65.6195        64.8528
65.6802        64.8528
65.5422        64.8528
65.6801        64.8528
65.8275        64.8528
66.0012        64.8528
65.5215        64.8528
65.4999        64.8528
65.4912        64.8528
65.7128        64.8528
65.7429        64.8528
65.8562        64.8528
65.5357        64.8528
65.3293        64.8528
65.3488        64.8528
65.6243        64.8528
65.4168        64.8528
65.2871        64.8528
65.6829        64.8528
65.2882        64.8528
65.4844        64.8528
65.6836        64.8528
65.677        64.8528
65.7924        64.8528
65.4971        64.8528
65.9063        64.8528
65.7198        64.8528
65.6704        64.8528
65.4622        64.8528
65.0814        64.8528
64.949        64.8528
64.9517        64.8528
64.9849        64.8528
65.3736        64.8528
65.5037        64.8528
65.426        64.8528
65.393        64.8528
65.1201        64.8528
65.1732        64.8528
65.0352        64.8528
65.1329        64.8528
65.3497        64.8528
65.2477        64.8528
65.3851        64.8528
65.4016        64.8528
65.9745        64.8528
65.9585        64.8528
65.5859        64.8528
65.5007        64.8528
65.5036        64.8528
65.8066        64.8528
65.5688        64.8528
65.4079        64.8528
65.2208        64.8528
65.3344        64.8528
65.4459        64.8528
65.4536        64.8528
65.8533        64.8528
65.8827        64.8528
65.544        64.8528
65.8227        64.8528
66.0507        64.8528
65.936        64.8528
65.6351        64.8528
65.841        64.8528
65.4626        64.8528
65.6902        64.8528
65.3651        64.8528
65.626        64.8528
65.4936        64.8528
65.5529        64.8528
65.2901        64.8528
65.4445        64.8528
65.3654        64.8528
65.6503        64.8528
65.6574        64.8528
65.4875        64.8528
65.4959        64.8528
65.6305        64.8528
65.2185        64.8528
65.6366        64.8528
66.0235        64.8528
65.8555        64.8528
65.8065        64.8528
65.6894        64.8528
65.6128        64.8528
65.1653        64.8528
65.4992        64.8528
65.692        64.8528
65.2159        64.8528
65.5629        64.8528
66.0963        64.8528
65.264        64.8528
65.3111        64.8528
65.248        64.8528
65.7123        64.8528
65.5867        64.8528
65.7543        64.8528
65.7106        64.8528
65.7206        64.8528
65.5078        64.8528
65.478        64.8528
65.3807        64.8528
65.3712        64.8528
65.4358        64.8528
65.8634        64.8528
65.9353        64.8528
65.8674        64.8528
65.7132        64.8528
66.2224        64.8528
65.6005        64.8528
65.5141        64.8528
65.8009        64.8528
65.4583        64.8528
65.56        64.8528
65.4316        64.8528
65.5102        64.8528
65.3839        64.8528
65.7132        64.8528
65.5966        64.8528
65.4131        64.8528
65.6637        64.8528
65.412        64.8528
65.2132        64.8528
65.3236        64.8528
65.5463        64.8528
65.5106        64.8528
65.5847        64.8528
65.5163        64.8528
65.5543        64.8528
65.4039        64.8528
65.2845        64.8528
65.1371        64.8528
65.1211        64.8528
65.0329        64.8528
65.354        64.8528
65.6982        64.8528
65.7691        64.8528
65.9988        64.8528
65.417        64.8528
65.5252        64.8528
65.3018        64.8528
65.7        64.8528
65.4788        64.8528
65.3304        64.8528
65.3435        64.8528
65.5503        64.8528
65.724        64.8528
65.9005        64.8528
65.4899        64.8528
65.4474        64.8528
65.7945        64.8528
65.2208        64.8528
65.6026        64.8528
65.426        64.8528
65.5565        64.8528
65.5657        64.8528
65.4263        64.8528
65.8943        64.8528
65.3762        64.8528
65.5292        64.8528
65.4245        64.8528
65.4864        64.8528
66.2216        64.8528
65.7521        64.8528
65.6892        64.8528
65.8336        64.8528
65.5887        64.8528
65.6105        64.8528
65.419        64.8528
65.5674        64.8528
65.5306        64.8528
65.3442        64.8528
65.5545        64.8528
65.7882        64.8528
65.9244        64.8528
65.9082        64.8528
65.8529        64.8528
66.2597        64.8528
65.5862        64.8528
65.4032        64.8528
65.5825        64.8528
65.4608        64.8528
65.5937        64.8528
65.3562        64.8528
65.4306        64.8528
65.3045        64.8528
65.3484        64.8528
65.4507        64.8528
65.5739        64.8528
65.4645        64.8528
65.6672        64.8528
65.4747        64.8528
65.9717        64.8528
66.0765        64.8528
65.9617        64.8528
65.6067        64.8528
65.4303        64.8528
65.4917        64.8528
65.5263        64.8528
65.4451        64.8528
65.4356        64.8528
65.6628        64.8528
65.369        64.8528
65.4197        64.8528
65.6725        64.8528
65.5421        64.8528
65.4123        64.8528
65.3655        64.8528
66.119        64.8528
66.4499        64.8528
66.5283        64.8528
65.7418        64.8528
65.554        64.8528
65.6735        64.8528
65.4417        64.8528
65.6239        64.8528
65.7916        64.8528
65.6859        64.8528
65.8817        64.8528
65.804        64.8528
66.0478        64.8528
65.693        64.8528
65.4677        64.8528
65.1311        64.8528
65.3627        64.8528
66.0475        64.8528
65.6568        64.8528
65.9963        64.8528
65.4949        64.8528
65.533        64.8528
65.4054        64.8528
65.7865        64.8528
65.5999        64.8528
65.3509        64.8528
65.8962        64.8528
65.7395        64.8528
66.3432        64.8528
65.9111        64.8528
65.6291        64.8528
65.8417        64.8528
65.6683        64.8528
66.185        64.8528
65.7262        64.8528
65.6772        64.8528
65.6832        64.8528
65.7689        64.8528
65.9228        64.8528
65.6738        64.8528
65.4443        64.8528
65.4358        64.8528
65.2866        64.8528
65.3707        64.8528
65.5083        64.8528
65.3388        64.8528
65.6031        64.8528
65.637        64.8528
65.2165        64.8528
65.2909        64.8528
65.9164        64.8528
65.6979        64.8528
65.6485        64.8528
65.5661        64.8528
65.7699        64.8528
65.4907        64.8528
65.0886        64.8528
65.3026        64.8528
65.4919        64.8528
65.2548        64.8528
65.4635        64.8528
65.5918        64.8528
65.3578        64.8528
65.6247        64.8528
65.3878        64.8528
65.7987        64.8528
65.388        64.8528
65.3682        64.8528
65.4452        64.8528
65.7738        64.8528
65.2864        64.8528
65.0123        64.8528
65.3365        64.8528
65.5667        64.8528
65.7492        64.8528
65.3774        64.8528
65.0208        64.8528
65.3739        64.8528
65.5205        64.8528
65.4892        64.8528
65.2443        64.8528
65.38        64.8528
65.4339        64.8528
65.3656        64.8528
65.4506        64.8528
65.4414        64.8528
65.6587        64.8528
65.1494        64.8528
65.1183        64.8528
65.5238        64.8528
65.5687        64.8528
65.5622        64.8528
65.5698        64.8528
65.6962        64.8528
65.931        64.8528
65.2044        64.8528
65.0828        64.8528
65.1187        64.8528
65.1378        64.8528
65.3206        64.8528
65.2146        64.8528
65.2638        64.8528
65.4058        64.8528
65.548        64.8528
65.7934        64.8528
65.5579        64.8528
65.8682        64.8528
65.9332        64.8528
65.754        64.8528
65.6195        64.8528
65.6441        64.8528
65.7915        64.8528
65.719        64.8528
65.8008        64.8528
65.6177        64.8528
65.4209        64.8528
65.2813        64.8528
65.8975        64.8528
66.0634        64.8528
65.5727        64.8528
65.7155        64.8528
65.3472        64.8528
65.1811        64.8528
65.1417        64.8528
65.4949        64.8528
65.8246        64.8528
66.0906        64.8528
65.8089        64.8528
65.6457        64.8528
66.1555        64.8528
65.391        64.8528
65.4905        64.8528
65.3359        64.8528
65.2989        64.8528
65.3159        64.8528
65.7847        64.8528
65.9671        64.8528
65.519        64.8528
65.4176        64.8528
65.682        64.8528
65.6646        64.8528
65.5354        64.8528
65.4703        64.8528
65.5222        64.8528
65.5092        64.8528
65.4794        64.8528
65.4781        64.8528
65.1023        64.8528
65.245        64.8528
65.516        64.8528
65.6149        64.8528
65.842        64.8528
66.0664        64.8528
65.7288        64.8528
65.5296        64.8528
65.2804        64.8528
65.538        64.8528
65.2963        64.8528
65.596        64.8528
65.4738        64.8528
65.3316        64.8528
65.5485        64.8528
65.5282        64.8528
65.5709        64.8528
65.7607        64.8528
65.747        64.8528
65.6724        64.8528
66.13        64.8528
66.0865        64.8528
65.7997        64.8528
66.23        64.8528
66.1622        64.8528
65.8173        64.8528
66.2749        64.8528
66.4045        64.8528
66.3826        64.8528
65.7926        64.8528
65.6659        64.8528
66.1166        64.8528
66.1666        64.8528
66.7064        64.8528
66.654        64.8528
66.5674        64.8528
65.3618        64.8528
65.4117        64.8528
65.2303        64.8528
65.6961        64.8528
65.6468        64.8528
65.8099        64.8528
65.578        64.8528
65.5487        64.8528
65.5013        64.8528
65.2729        64.8528
65.5891        64.8528
65.8513        64.8528
65.9913        64.8528
65.5166        64.8528
65.35        64.8528
65.6025        64.8528
65.6561        64.8528
65.4178        64.8528
65.6354        64.8528
65.8834        64.8528
65.5415        64.8528
65.5501        64.8528
65.9503        64.8528
65.551        64.8528
65.6389        64.8528
65.6304        64.8528
65.5928        64.8528
65.7279        64.8528
65.6567        64.8528
65.5724        64.8528
65.3744        64.8528
65.7441        64.8528
65.5402        64.8528
65.7622        64.8528
65.3819        64.8528
65.4446        64.8528
65.5206        64.8528
66.0526        64.8528
66.1081        64.8528
65.7593        64.8528
65.2696        64.8528
66.0597        64.8528
65.5955        64.8528
65.8942        64.8528
65.5499        64.8528
65.5362        64.8528
65.7924        64.8528
65.6378        64.8528
65.7438        64.8528
65.6593        64.8528
65.4441        64.8528
65.3497        64.8528
65.7461        64.8528
65.5513        64.8528
65.5531        64.8528
66.0074        64.8528
65.8314        64.8528
65.6679        64.8528
65.278        64.8528
65.5441        64.8528
65.3172        64.8528
