491.933        436.644
468.899        398.203
447.948        393.467
422.818        389.378
403.976        383.342
394.277        380.722
388.526        371.446
384.45        364.796
377.375        356.877
370.41        342.083
360.451        336.967
350.013        334.528
342.761        325.009
336.911        319.893
329.67        313.172
323.536        306.777
319.042         303.37
314.304        301.751
309.613        295.965
305.991        288.309
302.98        285.869
296.989        283.289
292.52        277.769
287.975        274.289
285.059         271.06
280.691        268.824
276.092        262.604
272.246        260.337
267.781        257.498
264.618        251.974
261.591        248.633
256.766        243.862
252.647        242.189
248.466        236.363
244.13        234.223
240.862         227.44
237.426        226.836
233.111        224.972
230.599        220.623
228.453        217.388
226.396        216.279
223.733        215.821
221.461        211.676
219.525        210.396
217.481        209.307
215.936         199.27
213.074        197.769
208.281        196.493
203.128        193.878
199.718        193.533
197.521        190.915
195.679        188.462
194.587         186.93
192.457        184.105
190.281        182.755
187.465        181.849
185.717        176.351
183.883        171.332
181.506        167.151
177.939        166.319
175.13        165.077
172.217        162.962
170.647        162.124
170.241        162.124
167.878        161.462
166.189        158.943
164.014        158.804
163.02        158.635
162.667        158.092
161.611        156.994
160.533        155.854
159.799        152.387
159.608        150.346
158.464        148.998
157.405        145.825
156.252        144.744
154.151        142.872
150.154        141.791
147.119        140.437
144.479        139.757
143.333        137.736
142.002        136.855
140.855        134.821
139.765        134.385
138.889         133.41
137.588        132.842
136.821        132.176
135.312        130.745
134.241        129.497
132.537        127.998
131.496        127.998
130.872        126.399
129.65        125.736
129.323        124.397
128.844        124.329
128.841        123.677
127.743        121.121
126.554        120.385
125.048        120.014
123.201        119.773
122.384        119.197
121.522        118.201
120.603         117.59
120.463        117.419
119.867        117.154
119.301         116.24
118.437        115.692
118.085        112.355
117.081        112.027
116.071        112.027
115.108        111.381
114.327        111.016
113.315        110.134
112.535        109.786
112.107        108.326
111.585        108.326
110.483        108.326
109.688        107.751
109.337        107.275
109.355        106.617
108.888        106.583
109.088        106.323
108.883        105.098
107.686        104.288
106.886        103.434
105.892        103.434
104.971        103.009
104.741        102.398
104.358        101.736
104.148        101.125
103.51        101.125
102.841        100.852
102.138        100.568
101.699         100.19
101.522         100.19
101.368        99.4919
101.137        98.2851
100.462        98.2851
99.7474        98.1815
99.2534        97.9083
98.8996        97.7188
98.7517         97.342
98.4443        97.2244
98.2674         96.455
98.0918        95.9601
97.7804        93.3091
97.1562        92.2484
96.2461        91.6474
94.77        91.5975
93.6233        91.4549
93.0146        90.5445
93.8501        90.4405
95.0842        90.4405
95.3511        90.0656
95.3326        90.0656
93.8993        89.5032
93.3168        89.5032
92.5796        89.5028
91.3183        89.5028
91.6759        89.5028
90.8348        89.3592
90.5062        88.3999
90.5454        88.3999
91.9356        88.3999
92.9095        88.2782
93.4786        88.2782
93.2126        88.2782
92.7696        87.6234
92.1933        87.6234
91.9868        87.6234
92.6218        87.0333
92.2195        87.0333
91.2395        87.0333
90.2346        86.1149
89.3811        86.1149
88.585        86.0681
87.3024        85.8507
86.885        85.7902
87.0187        85.7902
87.6        85.5259
87.5963        85.4868
87.5072        85.4868
87.5315        85.4868
86.8581        85.3542
86.939        85.2397
86.7345        84.9755
86.2144        84.9755
86.1014        84.9755
85.7793        84.9755
85.9938         84.494
86.2706         84.494
85.7274        84.4721
85.3163        84.4721
85.1315        84.4721
85.0889        84.4721
85.3815        84.1406
85.2059        83.8937
85.8112        83.8937
86.8844        83.8937
87.1871        83.8937
86.4396        83.8937
86.6895        83.8937
85.9828        83.8937
85.2738        83.8937
84.8652        83.8329
84.4768         83.305
85.0114        83.2442
84.5184        83.0867
84.3311        83.0867
83.9154        83.0867
83.8401        83.0867
83.4731        83.0867
83.3807        83.0867
83.4837        83.0867
83.6142        82.8385
83.9851        82.8385
83.5758        82.7135
83.5254        82.5089
83.3564        82.3839
83.3651        82.1696
83.1283        82.1696
83.1064        82.1696
82.941        82.1696
82.9772        82.1696
82.954         82.124
83.2413         82.124
82.6463        81.5892
82.4754        81.5892
82.1747        81.1974
82.1627        81.1974
82.0139        81.1974
82.1661        81.1974
81.4907        81.1974
81.6032        81.1974
81.7153        81.1974
81.9691        81.1009
81.8973        80.5371
81.5935        80.4406
81.6527        80.1186
81.4592        80.1186
80.8867        80.0221
80.5645        79.9778
81.2045        79.7266
82.0449        79.7266
82.2311        79.7266
81.8407        79.7266
80.7882        79.5641
80.4604        79.4282
81.2184        79.4282
81.5317        79.4282
81.5174        79.2817
81.4925        79.2817
81.1868        79.2747
81.0267        79.2747
80.2639        79.1785
79.8896         79.063
79.6241         79.063
79.9254         79.063
79.4944         79.063
79.39         79.063
79.4798         79.063
79.3882         79.063
79.5399         79.063
79.5833         79.063
79.7722         78.957
79.8095         78.957
79.8063        78.9483
79.507        78.0181
79.6919        78.0094
79.4052        78.0094
78.9501        77.7648
79.0955        77.4303
79.0513        77.4303
78.8285        77.4303
78.381        77.1263
78.0303        77.1263
78.0692        77.1263
78.0069        77.1263
78.3496        77.1263
78.2324        77.1263
77.7626        77.1263
78.0288        76.4791
77.94        76.4791
77.6232        76.4791
77.3217        76.4791
77.6285        76.4791
77.3054        76.0855
77.2936        76.0855
77.7019        76.0855
78.9135        76.0855
78.5775        76.0855
78.1262        76.0855
77.7471        75.8819
76.9608        75.8819
76.4415        75.8819
76.4184        75.8819
76.7843        75.8034
76.2052        75.8034
76.2191        75.6002
76.1862        75.5218
76.3137        75.5218
76.3229        75.5218
76.1611        75.5218
76.5708        75.4248
76.3153        75.4248
76.2948        75.3809
75.9985        75.3809
75.5901        75.3809
75.9213        75.3809
76.362        75.2308
75.9956        75.2308
75.7349        75.2308
75.7412        75.2308
75.9152        75.2308
75.9722        75.2308
75.8153        75.2308
75.7553        75.2308
75.8251        75.2308
75.9895        75.2308
75.8962        75.0239
75.6694        75.0239
75.6648        75.0239
75.6765         74.694
75.3307         74.694
75.3874         74.694
75.1802        74.5846
74.83        74.5846
74.9815        74.5846
75.2289        74.5846
75.2945        74.5846
75.0288        74.5846
75.1932        74.5846
75.2934        74.5846
75.4924        74.5846
75.2397        74.5846
75.0493        74.5846
75.4075        74.3687
75.1671        74.3687
75.2239        74.2102
74.9281        74.2102
74.996        73.9943
75.2979        73.9943
74.9654        73.9943
74.6221        73.9943
74.4188        73.9943
74.4986        73.9943
74.3708        73.9943
74.4282        73.9943
74.2844        73.9943
74.4224        73.8533
74.3222        73.8533
74.3038        73.8533
74.1571        73.8533
74.2725        73.8533
74.0876        73.8533
74.5572        73.8533
74.704        73.8533
75.2463        73.8533
75.2487        73.8533
75.5082        73.8533
74.7041        73.8533
74.7829        73.8533
74.4966        73.8533
74.7048        73.8533
74.3412        73.8533
74.9001        73.8533
75.0401        73.8533
74.4803        73.8533
74.377        73.8533
74.5937        73.8533
74.6832        73.8508
74.5991        73.5992
74.65        73.5967
74.6894        73.5967
74.5437        73.5967
74.1039        73.5967
74.4193        73.5967
74.464        73.5967
74.3178        73.5967
74.3826        73.5967
74.2159        73.5967
74.4629        73.5967
74.1119        73.5967
74.3652        73.5967
74.2892        73.5967
73.9262        73.5967
74.1109        73.1441
74.088        73.1441
74.1151        73.1441
74.1496        73.1441
74.0185        73.1441
74.054        73.1441
73.6551        73.1441
73.6929        73.1257
74.0139        72.7563
75.1344        72.6684
75.2166        72.6684
75.3251        72.6658
74.6962        72.6658
74.3268        72.4464
74.3507        72.4464
73.7375        72.4464
73.3804         72.389
73.4364         72.389
72.9815         72.389
72.67         72.389
72.9648         72.389
72.9893         72.389
73.0049         72.389
72.9093        72.1654
72.9157        72.1654
73.604        72.1654
73.2892        72.1654
73.2038        72.1654
73.4397        72.1654
73.6439        72.1654
73.497        72.1654
73.0541        72.1654
73.0347        72.1654
72.9381        72.1654
72.7424        72.0887
72.8101        72.0887
72.6028        72.0887
72.7914        71.8303
72.8806        71.8303
72.4038        71.8303
72.3779        71.8303
72.4526        71.8303
72.7602        71.8303
72.6115        71.8303
72.2222        71.8303
72.1109        71.8303
72.2066        71.8303
72.1128        71.8303
72.2113        71.8303
72.0708        71.8303
72.3725        71.8303
72.4532        71.8303
72.5879        71.8303
72.1127        71.8303
72.896        71.8303
72.7795        71.8303
72.6394        71.8303
72.6411        71.8303
72.4471        71.8303
72.6492        71.8303
72.299        71.8303
72.224        71.8303
72.0799        71.8303
72.7173         71.673
72.5386         71.673
72.8995         71.673
72.5868         71.673
72.5409         71.673
72.5771         71.673
72.2024         71.673
72.6089         71.673
72.3273         71.673
72.3108         71.673
72.1969         71.673
72.47         71.673
72.4847         71.673
72.1228         71.673
72.1127         71.673
72.0914         71.673
72.2941         71.673
72.0913         71.673
72.4483         71.673
72.481         71.673
72.1229         71.673
72.4264         71.673
72.5569         71.673
72.2755         71.673
72.4089         71.673
72.3968         71.673
72.586         71.673
72.0911         71.673
72.0704         71.673
72.4313         71.673
72.2957        71.6315
72.3436        71.6315
72.1703        71.6315
71.9377        71.6315
72.0337        71.6315
71.9623        71.6212
72.2278        71.6212
72.5819        71.6212
72.5723        71.6212
72.2222        71.6212
72.3976        71.6212
72.5209        71.6212
72.2792        71.6212
73.1407        71.6212
73.7104        71.6212
75.7114        71.6212
76.6028        71.6212
76.0034        71.6212
74.9221        71.6212
73.6277        71.6212
72.9173        71.6212
72.3693        71.6212
72.3798        71.6212
72.484        71.6212
72.3292        71.6212
72.0763        71.6212
72.3322        71.6212
72.5238        71.6212
72.7027        71.6212
72.3865        71.6212
72.0087        71.6212
71.9531        71.6212
71.925        71.6212
72.3688        71.6212
72.4615        71.6212
72.6434        71.6212
72.9592        71.6212
72.1769        71.6212
72.2038        71.6212
72.2235        71.6212
72.4053        71.6212
72.5144        71.6212
72.5364        71.6212
72.4092        71.6212
72.3838        71.6212
72.6087        71.6212
72.8087        71.6212
72.6861        71.6212
72.8462        71.6212
72.9174        71.6212
72.5392        71.6212
72.1875        71.6212
72.0156        71.6212
72.2464        71.6212
72.3031        71.6212
72.356        71.6212
72.0567        71.6212
72.004        71.6212
72.011        71.6212
71.9523        71.6212
72.0383        71.6212
71.9129        71.6212
72.0013        71.6212
72.4875        71.5665
72.6149        71.5665
72.5201        71.5665
72.1495        71.5665
72.7685        71.5665
72.2545        71.2557
72.4019        71.2557
72.2282        71.2557
71.9663        71.2557
71.9949        71.2557
71.7542        71.2557
71.9778        71.2557
72.1206        71.2557
72.0385        71.2557
71.9981        71.2557
71.7784        71.2557
71.9355        71.2557
72.1849        71.2557
71.9761        71.2557
72.1555        71.2557
72.2523        71.2557
72.1621        71.2557
71.7045        71.2557
71.623        71.2557
71.5374        71.2126
71.7196        71.2126
71.6025        71.2126
71.6791        71.2126
71.7611        71.2126
71.6178        71.2126
71.6198        71.2126
71.9104        71.2126
72.3548        71.2126
72.0068        71.2126
72.0459        71.2126
71.9321        71.2126
71.8977        71.2126
71.9786        71.2126
72.2001        71.2126
72.4362        71.2126
72.3469        71.2126
71.854        71.2126
72.079        71.2126
71.825        70.8903
71.7949        70.8903
71.5999        70.8903
71.6619        70.4422
71.6596        70.4422
71.4362        70.4422
71.5311        70.4422
71.3434        70.4422
71.493        70.4422
71.1623        70.4422
71.2463        70.4422
71.2824        70.4422
71.2727        70.4422
71.2231        70.4422
71.1784        70.4422
70.8128        70.4422
71.0938        70.4422
71.284        70.4422
71.1228        70.4422
71.215        70.4422
70.9714        70.4422
70.872        70.4422
70.5251        70.4422
71.1653        70.4422
71.3813        70.4422
72.0009        70.4422
71.3473        70.4422
71.004        70.4422
70.918        70.3994
70.8811        70.3994
70.8802        69.7481
70.7468        69.7481
70.8848        69.7481
70.4741        69.7481
70.2342        69.7481
70.1046        69.7481
70.1117        69.7481
70.3814        69.7481
69.9053        69.7481
69.9228        69.7481
70.0571        69.7481
70.5827        69.7481
71.0138        69.7481
71.0427        69.7481
70.7614        69.7481
71.2037        69.7481
70.8146        69.7481
70.8325        69.7481
70.7515        69.7481
70.244        69.7481
70.4728        69.7481
70.881        69.6955
70.5704        69.6955
70.504        69.6955
70.5238        69.6955
70.4906        69.6955
70.8198        69.6955
70.6744        69.6955
70.7115        69.6955
70.441        69.6955
70.5939        69.6955
70.3866        69.6955
70.5594        69.6955
70.4631        69.6955
70.4472        69.6955
70.5593        69.6955
70.5784        69.6955
70.6535        69.6955
70.4343        69.6955
70.1192        69.6955
70.4434        69.6955
70.4656        69.6955
70.4432        69.6955
70.2947        69.6955
70.6782        69.6955
70.6412        69.6955
70.1258        69.6955
70.0345        69.6955
69.9719        69.6955
70.2273        69.6955
70.1965        69.6955
70.4771        69.6955
70.6716        69.6955
70.2577        69.6955
70.8175        69.6955
70.546        69.6955
70.4963        69.6955
70.1983        69.6955
70.3782        69.6955
70.3943        69.6955
70.3302        69.6955
70.37        69.6955
70.4014        69.6955
70.1489        69.6955
70.0613        69.6955
70.4372        69.6955
70.2442        69.6955
70.2856        69.6955
70.3168        69.6955
70.2987        69.6955
70.4993        69.6955
70.1861        69.6955
70.0473        69.6955
70.3617        69.6955
70.4241        69.6955
70.3621        69.6955
70.4691        69.6955
70.0792        69.6955
70.145        69.6955
70.1953        69.6955
70.3712        69.6955
70.2681        69.6955
70.5896        69.6955
70.4683        69.6955
70.5898        69.6955
70.1152        69.6955
70.0013        69.6955
70.2489        69.6955
70.1975        69.6955
70.2999        69.6955
70.2751        69.6955
70.236        69.6955
70.1743        69.6955
70.2944        69.6955
70.0737        69.6955
70.1498        69.6955
70.3315        69.6955
70.4899        69.6955
70.0853        69.6955
70.2444        69.6955
70.3235        69.6955
70.3792        69.6955
70.3496        69.6955
70.2678        69.6955
70.5358        69.6955
70.487        69.6955
69.9924        69.6955
70.2152        69.6955
70.3858        69.6955
70.3672        69.6955
70.4301        69.6955
70.0611        69.6955
70.2567        69.6955
70.4483        69.6955
70.5076        69.6955
70.3473        69.5608
70.5563        69.5608
70.3362        69.3454
70.3563        69.3454
70.2913        69.3454
70.6071        69.3454
70.2535        69.3454
70.2932        69.3454
70.0229        69.3454
69.8613        69.3454
69.85        69.3454
69.5282        69.3454
69.7291        69.3454
70.1084        69.3454
69.8219        69.3454
69.8234        69.3454
69.8624        69.3454
69.8923        69.3454
69.6406        69.3454
69.4831        69.3454
69.6739        69.3454
69.9125        69.3454
70.7623        69.3454
70.3183        69.3454
70.1707        69.3454
70.2502        69.3454
69.6516        69.3454
70.0442        69.3454
69.8903        69.3454
70.1929        69.3454
69.6193        69.3454
70.0223        69.3454
69.8809        69.3454
70.1183        69.3454
70.118        69.3454
70.0259        69.3454
70.168        69.3454
70.1546        69.3454
70.429        69.3454
70.2553        69.3454
70.3335        69.3454
69.802        69.3454
69.7472        69.3454
70.1366        69.3454
69.6401        69.3454
69.5098        69.3454
69.548        69.3454
69.9833        69.3454
69.8919        69.3454
70.2684        69.3454
70.3363        69.3454
70.1678        69.3454
70.294        69.3454
70.0222        69.3454
70.185        69.3454
69.7853        69.3454
69.9156        69.3454
70.2387        69.3454
70.3346        69.3454
70.9835        69.3454
70.2284        69.3454
70.2577        69.3454
69.8447        69.3454
70.1377        69.3454
70.2262        69.3454
69.8603        69.3454
69.9151        69.3454
69.5453        69.3454
69.7867        69.3454
69.9198        69.3454
69.7014        69.3454
69.6022        69.3454
69.6638        69.3454
69.5438        69.3454
69.7135        69.3454
70.043        69.3454
70.118        69.3454
69.8914        69.3454
69.5432        69.3454
69.7377        69.3454
69.7383        69.3454
70.2712        69.3454
69.8535        69.3454
69.8142        69.3454
70.0659        69.3454
69.6529        69.3454
69.8183        69.3454
69.6745        69.3454
69.7782        69.3454
69.8834        69.3454
70.5983        69.3454
69.9417        69.3454
70.2435        69.3454
70.1776        69.3454
70.1853        69.3454
70.1113        69.3454
69.8998        69.3454
69.6604        69.3454
69.5257        69.3454
69.6209        69.3454
70.1582        69.3454
70.2558        69.3454
69.8578        69.3454
69.6303        69.3454
69.9443        69.3454
69.8064        69.3454
69.8843        69.3454
70.1456        69.3454
70.1698        69.3454
70.1124        69.3454
69.8758        69.3454
70.223        69.3454
69.9885        69.3454
69.6758        69.3454
69.93        69.3454
69.8621        69.3454
69.7197        69.3454
69.9192        69.3454
69.6792        69.3454
70.2226        69.3454
69.9866        69.3454
69.5998        69.3454
69.8364        69.3454
70.0664        69.3454
69.8812        69.3454
70.3994        69.3454
70.2696        69.3454
70.1209        69.3454
69.8382        69.3454
70.2826        69.3454
70.2352        69.3454
70.738        69.3454
71.3089        69.3454
70.5776        69.3454
70.1677        69.3454
69.998        69.3454
70.0892        69.3454
69.7333        69.3454
69.8951        69.3454
69.8724        69.3454
70.0513        69.3454
70.0405        69.3454
70.3462        69.3454
70.1469        69.3454
70.7664        69.3454
70.5726        69.3454
70.4498        69.3454
70.2788        69.3454
70.0685        69.3454
70.2269        69.3454
69.9242        69.3454
70.3671        69.3454
70.1827        69.3454
70.6951        69.3454
70.3192        69.3454
69.9852        69.3454
70.1023        69.3454
69.8097        69.3454
69.6829        69.3454
69.8002        69.3454
69.6477        69.3454
69.9035        69.3454
69.9599        69.3454
69.7987        69.3454
69.7524        69.3454
69.9353        69.3454
69.742        69.3454
69.6906        69.3454
70.026        69.3454
70.0908        69.3454
69.9447        69.3454
69.965        69.3454
70.1154        69.3454
70.1402        69.3454
70.0916        69.3454
70.4264        69.3454
70.1524        69.3454
70.0914        69.3454
70.4727        69.3454
70.2668        69.3454
70.1787        69.3454
70.2387        69.3454
70.3054        69.3454
69.9654        69.3454
69.7183        69.3454
69.9972        69.3454
69.9566        69.3454
69.8904        69.3454
70.1075        69.3454
69.727        69.3454
69.89        69.3454
69.8118        69.3454
69.6888        69.3454
69.5825        69.3454
69.6679        69.3454
69.7818        69.3454
69.942        69.3454
70.0122        69.3454
69.9995        69.3454
70.0255        69.3454
70.0441        69.3454
69.9344        69.3454
70.034        69.3454
69.6288        69.3454
69.7544        69.3454
70.1977        69.3454
70.0237        69.3454
70.149        69.3454
70.2539        69.3454
70.0339        69.3454
70.5986        69.3454
70.5596        69.3454
70.795        69.3454
69.9973        69.3454
70.3406        69.3454
70.5663        69.3454
70.4154        69.3454
69.9287        69.3454
69.8833        69.3454
69.8313        69.3454
69.8065        69.3454
69.8789        69.3454
69.6498        69.3454
69.553        69.3454
69.8308        69.3454
69.5765        69.3454
69.8106        69.3454
70.2859        69.3454
69.7718        69.3454
69.7757        69.3454
70.0427        69.3454
70.2821        69.3454
70.3622        69.3454
70.6414        69.3454
70.7891        69.3454
70.9873        69.3454
70.4838        69.3454
70.4371        69.3454
70.3796        69.3454
70.4622        69.3454
70.4477        69.3454
70.1555        69.3454
70.0515        69.3454
70.1767        69.3454
70.2497        69.3454
69.7622        69.3454
69.5024        69.3454
69.5067        69.3454
69.751        69.3454
69.6767        69.3454
70.023        69.3454
69.8708        69.3454
70.1077        69.3454
69.9106        69.3454
69.7827        69.3454
70.018        69.3454
69.9331        69.3454
69.9415        69.3454
70.111        69.3454
70.287        69.3454
70.4154        69.3454
70.0961        69.3454
70.5225        69.3454
70.1444        69.3454
69.8975        69.3454
69.6016        69.3454
69.5774        69.3454
69.6145        69.3454
69.8111        69.3454
69.8886        69.3454
69.9433        69.3454
69.9414        69.3454
69.841        69.3454
69.9828        69.3454
70.4263        69.3454
70.4374        69.3454
70.4207        69.3454
70.0516        69.3454
70.479        69.3454
69.7467        69.3454
69.8998        69.3454
70.0947        69.3454
70.044        69.3454
70.2273        69.3454
70.3192        69.3454
70.4843        69.3454
70.556        69.3454
70.5146        69.3454
70.6126        69.3454
70.3233        69.3454
69.6767        69.3454
69.83        69.3454
69.7648        69.3454
69.9541        69.3454
69.9217        69.3454
70.1222        69.3454
69.8212        69.3454
70.1173        69.3454
69.818        69.3454
70.0727        69.3454
70.1133        69.3454
69.7706        69.3454
69.8943        69.3454
70.103        69.3454
69.8437        69.3454
69.9831        69.3454
70.0978        69.3454
69.8558        69.3454
69.8597        69.3454
70.1241        69.3454
69.86        69.3454
69.9504        69.3454
70.0374        69.3454
69.9908        69.3454
69.8232        69.3454
70.0829        69.3454
69.5849        69.3454
69.8671        69.3454
69.7895        69.3454
70.0792        69.3454
70.5195        69.3454
70.4904        69.3454
70.5272        69.3454
70.1101        69.3454
70.4277        69.3454
69.9952        69.3454
69.7745        69.3454
69.849        69.3454
70.014        69.3454
70.3737        69.3454
69.9969        69.3454
69.6724        69.3454
69.6277        69.3454
69.7686        69.3454
69.8        69.3454
69.7117        69.3454
69.7773        69.3454
69.836        69.3454
69.8831        69.3454
69.8337        69.3454
69.8643        69.3454
70.0631        69.3454
69.9255        69.3454
69.8451        69.3454
69.7475        69.3454
70.1737        69.3454
70.2799        69.3454
70.1044        69.3454
70.0388        69.3454
70.4167        69.3454
70.3124        69.3454
70.2545        69.3454
69.8978        69.3454
70.0376        69.3454
70.4494        69.3454
70.1108        69.3454
70.0877        69.3454
70.0997        69.3454
69.7686        69.3454
70.174        69.3454
69.6967        69.3454
69.821        69.3454
69.9793        69.3454
70.4514        69.3454
70.1423        69.3454
70.3121        69.3454
70.0486        69.3454
70.3503        69.3454
70.4148        69.3454
70.4209        69.3454
70.1937        69.3454
69.7634        69.3454
69.5872        69.3454
69.8593        69.3454
70.0936        69.3454
69.8673        69.3454
70.2374        69.3454
70.0314        69.3454
70.2723        69.3454
69.8531        69.3454
69.9334        69.3454
70.0078        69.3454
69.8357        69.3454
69.8835        69.3454
70.3301        69.3454
70.204        69.3454
69.6922        69.3454
69.9109        69.3454
69.5777        69.3454
69.5932        69.3454
69.7729        69.3454
70.113        69.3454
70.0578        69.3454
69.7571        69.3454
69.6128        69.3454
69.6029        69.3454
69.9512        69.3454
70.1959        69.3454
70.1056        69.3454
70.0798        69.3454
70.1736        69.3454
69.8322        69.3454
70.1559        69.3454
69.8108        69.3454
69.8262        69.3454
69.6743        69.3454
70.0309        69.3454
69.7081        69.3454
69.7005        69.3454
70.0333        69.3454
70.0967        69.3454
69.9919        69.3454
69.7583        69.3454
69.7402        69.3454
69.9142        69.3454
70.0728        69.3454
69.699        69.3454
69.9471        69.3454
70.0961        69.3454
69.8374        69.3454
69.5875        69.3454
69.9426        69.3454
69.5797        69.3454
69.8584        69.3454
69.5435        69.3454
69.674        69.3454
69.8847        69.3454
70.2366        69.3454
70.1152        69.3454
69.9364        69.3454
70.2723        69.3454
69.6952        69.3454
69.6798        69.3454
69.5856        69.3454
69.4011        69.3454
69.8067        69.3454
70.1447        69.3454
70.0538        69.3454
70.1464        69.3454
69.8888        69.3454
69.7222        69.3454
69.8458        69.3454
70.4358        69.3454
70.4451        69.3454
70.3548        69.3454
69.877        69.3454
69.6081        69.3454
70.0747        69.3454
69.9873        69.3454
69.8602        69.3454
69.9312        69.3454
70.1265        69.3454
70.1547        69.3454
69.8161        69.3454
70.0545        69.3454
70.5521        69.3454
70.3844        69.3454
70.0325        69.3454
70.0994        69.3454
70.1675        69.3454
70.3139        69.3454
70.2144        65.8441
70.2552        65.8441
69.8609        65.8441
69.5169        65.8441
68.2699        65.8441
66.9206        65.8441
66.5049        65.8441
66.8518        65.8441
66.5876        65.8441
66.7545        65.8441
66.8124        65.8441
67.2349        65.8441
66.9685        65.8441
66.5813        65.8441
66.8944        65.8441
66.4871        65.8441
66.7556        65.8441
66.9607        65.8441
67.4041        65.8441
66.9993        65.8441
66.9988        65.8441
66.9023        65.8441
67.0182        65.8441
66.777        65.8441
66.7463        65.8441
66.545        65.8441
66.4794        65.8441
66.5205        65.8441
66.62        65.8441
66.4556        65.8441
66.5647        65.8441
66.485        65.8441
66.3779        65.8441
66.5473        65.8441
66.586        65.8441
66.7969        65.8441
66.4206        65.8441
66.5888        65.8441
66.2333        65.8441
66.1402        65.8441
66.3602        65.8441
66.7351        65.8441
66.7843        65.8441
66.8973        65.8441
66.4632        65.8441
66.7069        65.8441
66.552        65.8441
66.5101        65.8441
66.6169        65.8441
66.2959        65.8441
66.7192        65.8441
67.1952        65.8441
66.5345        65.8441
66.531        65.8441
66.6341        65.8441
66.706        65.8441
67.1583        65.8441
66.8519        65.8441
66.7103        65.8441
66.6455        65.8441
67.0302        65.8441
66.7343        65.8441
66.2435        65.8441
66.4623        65.8441
66.7703        65.8441
66.5485        65.8441
67.0595        65.8441
66.8088        65.8441
66.5501        65.8441
66.5999        65.8441
66.6559        65.8441
66.5233        65.8441
66.3504        65.8441
66.5792        65.8441
66.2989        65.8441
66.4579        65.8441
66.5144        65.8441
66.7818        65.8441
66.6586        65.8441
66.6478        65.8441
66.4906        65.8441
66.5083        65.8441
66.4767        65.8441
66.6118        65.8441
66.5668        65.8441
66.9558        65.8441
66.7427        65.8441
66.7263        65.8441
66.7778        65.8441
66.7643        65.8441
66.8137        65.8441
66.6703        65.8441
66.4387        65.8441
66.4635        65.8441
66.5013        65.8441
66.605        65.8441
66.503        65.8441
66.611        65.8441
66.6638        65.8441
66.4422        65.8441
67.2194        65.8441
66.9592        65.8441
67.1467        65.8441
66.9485        65.8441
66.4168        65.8441
66.475        65.8441
67.0258        65.8441
66.4176        65.8441
66.6417        65.8441
66.9668        65.8441
66.8632        65.8441
66.7381        65.8441
66.6701        65.8441
66.7823        65.8441
66.5491        65.8441
66.5147        65.8441
66.7265        65.8441
67.3465        65.8441
66.9659        65.8441
67.1272        65.8441
66.8575        65.8441
66.6148        65.8441
66.3853        65.8441
66.7444        65.8441
67.0151        65.8441
66.5805        65.8441
66.3582        65.8441
66.5753        65.8441
66.1877        65.8441
66.1009        65.8441
66.0372        65.8441
66.1953        65.8441
66.1503        65.8441
66.8252        65.8441
66.4648        65.8441
66.4389        65.8441
66.355        65.8441
66.2874        65.8441
66.6992        65.8441
66.6242        65.8441
66.881        65.8441
66.6048        65.8441
66.8524        65.8441
66.6367        65.8441
66.813        65.8441
67.2349        65.8441
66.7169        65.8441
66.5374        65.8441
66.655        65.8441
67.0883        65.8441
66.9916        65.8441
66.9867        65.8441
66.7859        65.8441
66.51        65.8441
66.6246        65.8441
66.5585        65.8441
66.5352        65.8441
66.4471        65.8441
66.6214        65.8441
66.5118        65.8441
66.9953        65.8441
66.5541        65.8441
66.8888        65.8441
66.6823        65.8441
66.7378        65.8441
66.676        65.8441
66.1402        65.8441
66.3957        65.8441
66.6052        65.8441
66.4317        65.8441
66.6832        65.8441
66.5886        65.8441
66.1828        65.8441
66.2582        65.8441
66.5816        65.8441
66.4197        65.8441
66.2253        65.8441
66.6591        65.8441
66.584        65.8441
66.7831        65.8441
66.6674        65.8441
66.8939        65.8441
67.1208        65.8441
66.5832        65.8441
66.5272        65.8441
66.7543        65.8441
66.5998        65.8441
66.9148        65.8441
67.0065        65.8441
66.7532        65.8441
66.3835        65.8441
66.4767        65.8441
67.2742        65.8441
67.1757        65.8441
66.4969        65.8441
66.2511        65.8441
66.7005        65.8441
66.2439        65.8441
66.7607        65.8441
67.1728        65.8441
66.9088        65.8441
66.642        65.8441
66.4192        65.8441
66.4755        65.8441
66.8231        65.8441
66.9936        65.8441
66.7231        65.8441
66.5053        65.8441
66.5993        65.8441
66.6662        65.8441
66.8364        65.5996
66.6581        65.5996
66.5797        65.5996
67.184        65.5996
66.6484        65.5996
66.6367        65.5363
66.2622        65.5363
66.2013        65.5363
66.0021        65.5363
66.5426        65.5363
66.3577        65.5363
66.4756        65.5363
66.4108        65.5363
66.4785        65.5363
66.6158        65.5363
66.3847        65.5363
66.4372        65.5363
66.2546        65.5363
66.1985        65.1959
66.0345        65.1959
65.8176        65.1959
66.034        65.1959
66.3237        65.1959
66.2143        65.1959
65.9063        65.1959
65.6662        65.1959
65.4971        65.1959
65.7286        65.1959
65.5986        65.1959
65.8145        65.1959
65.9188        65.1959
66.3496        65.1959
65.9763        65.1959
66.2761        65.1959
65.8697        65.1959
65.5654        65.1959
65.941        65.1959
66.0666        65.1959
66.1721        65.1959
66.29        65.1959
66.0396        65.1959
65.8568        65.1959
65.4579        65.1959
65.7336        65.1959
65.5567        65.1959
65.7251        65.1959
66.0413        65.1959
65.5005        65.1959
65.4637        65.1959
65.4303        65.1959
65.7627        65.1959
65.6164        65.1959
65.7561        65.1959
65.7329        65.1959
65.5538        65.1959
65.7712        65.1959
65.9325        65.1959
65.9068        65.1959
65.7871        65.1959
65.8901        65.1959
65.6548        65.1959
66.1983        65.1959
66.1916        65.1959
66.2981        65.1959
66.327        65.1959
65.8447        65.1959
65.9792        65.1959
65.9691        65.1959
66.1047        65.1959
66.2612        65.1959
65.7636        65.1959
65.7428        65.1959
66.0567        65.1959
65.9632        65.1959
66.2391        65.1959
66.0642        65.1959
65.9197        65.1959
65.8946        65.1959
65.4287        65.1959
65.4633        65.1959
65.414        65.1959
65.6413        65.1959
66.3421        65.1959
66.1693        65.1959
66.6729        65.1959
66.1377        65.1959
66.0718        65.1959
65.9983        65.1959
66.4879        65.1959
65.6182        65.1959
65.6644        65.1959
65.8865        65.1959
65.8954        65.1959
65.7875        65.1959
65.6761        65.1959
65.9299        65.1959
65.8722        65.1959
66.1908        65.1959
65.9972        65.1959
65.9586        65.1959
66.4248        65.1959
66.5132        65.1959
66.6244        65.1959
66.8735        65.1959
66.2404        65.1959
66.3516        65.1959
66.422        65.1959
65.7228        65.1959
65.8099        65.1959
65.7876        65.1959
65.6305        65.1959
65.4428        65.1959
65.5893        65.1959
65.6545        65.1959
65.7747        65.1959
65.6232        65.1959
65.8822        65.1959
65.8387        65.1959
66.0903        65.1959
65.7048        65.1959
66.2079        65.1959
65.9838        65.1959
65.906        65.1959
65.9478        65.1959
66.0567        65.1959
65.7811        65.1959
65.7989        65.1959
65.9974        65.1959
65.7012        65.1959
65.6748        65.1959
65.8288        65.1959
65.9682        65.1959
65.7177        65.1959
65.6824        65.1959
66.0635        65.1959
65.4826        65.1959
65.6661        65.1959
66.0073        65.1959
65.9269        65.1959
65.8714        65.1959
65.7302        65.1959
65.8724        65.1959
66.0661        65.1959
65.9791        65.1959
66.3021        65.1959
66.0579        65.1959
66.1522        65.1959
66.0004        65.1959
65.5917        65.1959
66.1678        65.1959
66.2478        65.1959
66.5422        65.1959
66.2114        65.1959
65.8655        65.1959
65.9361        65.1959
66.15        65.1959
66.3492        65.1959
65.9731        65.1959
65.7602        65.1959
65.5995        65.1959
66.0867        65.1959
66.0272        65.1959
66.1088        65.1959
65.8477        65.1959
65.6982        65.1959
65.7035        65.1959
65.9828        65.1959
66.1774        65.1959
66.0646        65.1959
66.3458        65.1959
65.8045        65.1959
65.852        65.1959
66.0159        65.1959
65.8371        65.1959
65.8042        65.1959
65.5513        65.1959
65.6837        65.1959
65.78        65.1959
65.8071        65.1959
66.2513        65.1959
65.679        65.1959
65.5846        65.1959
65.5063        65.1959
65.5804        65.1959
65.8452        65.1959
66.0064        65.1959
66.1086        65.1959
65.8232        65.1959
65.5774        65.1959
65.6804        65.1959
65.8782        65.1959
65.687        65.1959
65.8        65.1959
65.9833        65.1959
66.0939        65.1959
66.3079        65.1959
65.975        65.1959
65.7763        65.1959
65.5584        65.1959
65.5088        65.1959
65.8752        65.1959
66.0983        65.1959
65.9871        65.1959
65.8696        65.1959
66.2772        65.1959
66.0407        65.1959
65.9903        65.1959
65.8738        65.1959
65.7452        65.1959
66.074        65.1959
65.7041        65.1959
65.9774        65.1959
65.9192        65.1959
65.9035        65.1959
65.5031        65.1959
65.8674        65.1959
66.1008        65.1959
66.1292        65.1959
66.2405        65.1959
65.9209        65.1959
65.9084        65.1959
65.4893        65.1959
65.6332        65.1959
65.4835        65.1959
65.4028        65.1959
65.4749        65.1959
65.5619        65.1959
65.6576        65.1959
65.6518        65.1959
65.8833        65.1959
66.0319        65.1959
66.1421        65.1959
66.13        65.1959
66.0273        65.1959
65.809        65.1959
66.1922        65.1959
65.9776        65.1959
65.9118        65.1959
66.1409        65.1959
66.1851        65.1959
66.0891        65.1959
66.1861        65.1959
65.6839        65.1959
65.7034        65.1959
65.6509        65.1959
66.1921        65.1959
65.9409        65.1959
66.2273        65.1959
66.7849        65.1959
66.1506        65.1959
66.1241        65.1959
66.3346        65.1959
65.9072        65.1959
66.2009        65.1959
66.3426        65.1959
66.3097        65.1959
66.066        65.1959
65.8794        65.1959
65.877        65.1959
65.8775        65.1959
66.091        65.1959
66.1018        65.1959
65.9166        65.1959
65.5152        65.1959
65.6159        65.1959
65.9473        65.1959
65.761        65.1959
65.6433        65.1959
65.751        65.1959
65.6653        65.1959
65.9131        65.1959
66.011        65.1959
65.9786        65.1959
66.0627        65.1959
65.8218        65.1959
66.0356        65.1959
66.2738        65.1959
65.9408        65.1959
65.8907        65.1959
65.9614        65.1959
65.6995        65.1959
65.5943        65.1959
65.6764        65.1959
65.6661        65.1959
65.7392        65.1959
65.4195        65.1959
65.7856        65.1959
65.7845        65.1959
65.935        65.1959
65.9977        65.1959
66.335        65.1959
66.2021        65.1959
66.0392        65.1959
65.9523        65.1959
66.3977        65.1959
66.2663        65.1959
65.8229        65.1959
65.9447        65.1959
65.5597        65.1959
65.966        65.1959
66.0438        65.1959
66.0689        65.1959
66.5121        65.1959
66.3908        65.1959
66.1025        65.1959
66.0401        65.1959
65.6952        65.1959
65.8141        65.1959
66.2392        65.1959
65.5672        65.1959
65.4589        65.1959
65.7701        65.1959
65.7933        65.1959
65.6168        65.1959
65.4712        65.1959
65.7201        65.1959
65.8507        65.1959
66.0668        65.1959
66.1976        65.1959
66.7654        65.1959
66.2188        65.1959
66.1005        65.1959
65.8636        65.1959
65.8347        65.1959
66.147        65.1959
65.9677        65.1959
65.6422        65.1959
65.719        65.1959
65.4337        65.1959
65.4399        65.1959
65.809        65.1959
65.7527        65.1959
65.9505        65.1959
65.8835        65.1959
65.8805        65.1959
65.5872        65.1959
65.4602        65.1959
65.5162        65.1959
65.5677        65.1959
65.5176        65.1959
65.6463        65.1959
65.7992        65.1959
65.7181        65.1959
65.8958        65.1959
65.7643        65.1959
66.1241        65.1959
65.7579        65.1959
65.7493        65.1959
65.655        65.1959
65.9181        65.1959
65.9349        65.1959
65.6902        65.1959
65.8532        65.1959
65.9846        65.1959
65.8576        65.1959
65.6427        65.1959
65.6093        65.1959
65.4293        65.1959
65.8304        65.1959
65.7968        65.1959
65.807        65.1959
65.9704        65.1959
65.7849        65.1959
66.211        65.1959
66.1242        65.1959
66.5755        65.1959
66.1598        65.1959
66.1154        65.1959
65.98        65.1959
66.3302        65.1959
65.8865        65.1959
66.2688        65.1959
66.2067        65.1959
65.9749        65.1959
65.9431        65.1959
65.8877        65.1959
65.9225        65.1959
66.1027        65.1959
65.7634        65.1959
65.5524        65.1959
66.261        65.1959
66.2451        65.1959
66.0903        65.1959
65.6819        65.1959
65.5987        65.1959
65.7928        65.1959
65.7774        65.1959
65.7372        65.1959
66.2093        65.1959
65.7209        65.1959
65.827        65.1959
65.8329        65.1959
65.9017        65.1959
65.5538        65.1959
66.2235        65.1959
66.4385        65.1959
66.2375        65.1959
66.4256        65.1959
65.9353        65.1959
65.793        65.1959
65.6532        65.1959
65.8942        65.1959
66.1311        65.1959
65.7068        65.1959
65.6075        65.1959
65.6462        65.1959
65.9466        65.1959
65.8183        65.1959
66.2931        65.1959
66.3162        65.1959
66.2909        65.1959
66.0113        65.1959
65.8174        65.1959
66.5033        65.1959
65.8855        65.1959
66.0303        65.1959
65.9684        65.1959
65.8796        65.1959
65.6893        65.1959
65.7803        65.1959
65.7266        65.1959
65.6499        65.1959
66.0215        65.1959
65.6102        65.1959
65.8141        65.1959
65.3848        65.1959
66.1147        65.1959
65.94        65.1959
66.2152        65.1959
66.167        65.1959
66.0402        65.1959
65.9952        65.1959
66.0025        65.1959
65.8866        65.1959
66.2719        65.1959
66.6701        65.1959
66.265        65.1959
66.2745        65.1959
66.1936        65.1959
65.8374        65.1959
66.1063        65.1959
65.8189        65.1959
66.054        65.1959
66.0355        65.1959
65.8674        65.1959
65.7494        65.1959
66.1522        65.1959
65.8744        65.1959
65.9172        65.1959
65.527        65.1959
65.7297        65.1959
65.6954        65.1959
66.0241        65.1959
66.3023        65.1959
66.3235        65.1959
65.8884        65.1959
65.8276        65.1959
65.7743        65.1959
65.7636        65.1959
65.7402        65.1959
65.6309        65.1959
65.8636        65.1959
66.0264        65.1959
65.6327        65.1959
65.803        65.1959
65.822        65.1959
65.6418        65.1959
65.5064        65.1959
65.6776        65.1959
65.9134        65.1959
65.7829        65.1959
65.6606        65.1959
66.1168        65.1959
65.9777        65.1959
65.6992        65.1959
65.6413        65.1959
65.7069        65.1959
65.9799        65.1959
65.6936        65.1959
66.1219        65.1959
66.0978        65.1959
66.0534        65.1959
66.0458        65.1959
66.071        65.1959
66.0755        65.1959
65.7226        65.1959
65.5587        65.1959
65.7062        65.1959
65.6341        65.1959
65.7967        65.1959
66.0656        65.1959
65.9735        65.1959
65.6175        65.1959
65.4869        65.1959
65.6038        65.1959
65.843        65.1959
65.7136        65.1959
66.0532        65.1959
65.8351        65.1959
65.87        65.1959
65.6527        65.1959
65.5953        65.1959
65.4452        65.1959
65.9792        65.1959
66.0473        65.1959
65.8668        65.1959
65.7748        65.1959
65.6329        65.1959
65.4436        65.1959
65.6645        65.1959
65.8564        65.1959
65.7526        65.1959
65.8515        65.1959
65.8691        65.1959
66.2687        65.1959
66.0376        65.1959
66.2222        65.1959
65.8649        65.1959
66.195        65.1959
65.8347        65.1959
65.5887        65.1959
65.4959        65.1959
65.7712        65.1959
66.1084        65.1959
65.5335        65.1959
65.7874        65.1959
65.6397        65.1959
65.8082        65.1959
65.5722        65.1959
65.8499        65.1959
65.8447        65.1959
65.9        65.1959
65.8129        65.1959
65.925        65.1959
65.8691        65.1959
66.0905        65.1959
66.2375        65.1959
66.0417        65.1959
66.1978        65.1959
66.4898        65.1959
66.3741        65.1959
66.3504        65.1959
66.7689        65.1959
66.3881        65.1959
66.1963        65.1959
65.7173        65.1959
66.0236        65.1959
66.1594        65.1959
65.9248        65.1959
65.9393        65.1959
65.7339        65.1959
65.6653        65.1959
65.7751        65.1959
65.7426        65.1959
65.7574        65.1959
65.3888        65.1959
65.5504        65.1959
65.5056        65.1959
65.7284        65.1959
65.5299        65.1959
65.8685        65.1959
65.7409        65.1959
65.7834        65.1959
66.2799        65.1959
65.9938        65.1959
65.8259        65.1959
65.9566        65.1959
65.8013        65.1959
65.9892        65.1959
65.843        65.1959
66.1456        65.1959
66.117        65.1959
65.9073        65.1959
65.791        65.1959
65.8155        65.1959
65.9746        65.1959
65.9623        65.1959
65.6501        65.1959
65.7179        65.1959
65.5992        65.1959
65.665        65.1959
65.4548        65.1959
65.4213        65.1959
65.6371        65.1959
66.229        65.1959
65.7853        65.1959
65.6066        65.1959
65.9587        65.1959
65.6309        65.1959
65.6645        65.1959
65.6971        65.1959
65.7166        65.1959
65.6824        65.1959
66.1126        65.1959
66.485        65.1959
66.28        65.1959
66.23        65.1959
66.1701        65.1959
66.3887        65.1959
66.2071        65.1959
65.7659        65.1959
65.5167        65.1959
65.4266        65.1959
65.4221        65.1959
65.5119        65.1959
65.9517        65.1959
65.7644        65.1959
66.1133        65.1959
65.6191        65.1959
65.8242        65.1959
65.974        65.1959
65.9847        65.1959
65.9393        65.1959
65.6886        65.1959
66.0876        65.1959
65.749        65.1959
65.9676        65.1959
66.0476        65.1959
65.8668        65.1959
65.9915        65.1959
65.9784        65.1959
65.9881        65.1959
66.1184        65.1959
66.0493        65.1959
66.106        65.1959
66.0912        65.1959
65.7546        65.1959
65.4673        65.1959
65.5788        65.1959
65.8358        65.1959
66.0759        64.9014
65.5574        64.9014
65.7387        64.9014
65.4826        64.9014
65.411        64.9014
65.5531        64.9014
65.4852        64.9014
66.0319        64.9014
65.6957        64.9014
65.5987        64.9014
65.6327        64.9014
65.9483        64.9014
65.3828        64.9014
65.2702        64.9014
65.364        64.9014
65.5863        64.9014
65.5607        64.9014
65.7043        64.9014
66.085        64.9014
65.3783        64.9014
65.7463        64.9014
65.5849        64.9014
65.3469        64.9014
65.4632        64.9014
65.7053        64.9014
65.9073        64.9014
65.6424        64.9014
65.511        64.9014
65.2861        64.9014
65.6625        64.9014
65.5422        64.9014
65.564        64.9014
65.4902        64.9014
65.4435        64.9014
65.5378        64.9014
65.5807        64.9014
65.6125        64.9014
65.8774        64.9014
66.2188        64.9014
65.7341        64.9014
65.7598        64.9014
65.9406        64.9014
66.0953        64.9014
65.9409        64.9014
66.2576        64.9014
66.3154        64.9014
66.6405        64.9014
65.9914        64.9014
65.7786        64.9014
65.9188        64.9014
65.6978        64.9014
65.598        64.9014
65.4464        64.9014
65.352        64.9014
65.4039        64.9014
65.6973        64.9014
65.5354        64.9014
65.832        64.9014
65.4667        64.9014
65.4395        64.9014
65.2163        64.9014
65.5056        64.9014
65.6063        64.9014
65.3899        64.9014
65.5732        64.9014
65.4511        64.9014
65.6507        64.9014
65.6388        64.9014
65.3336        64.9014
65.2712        64.9014
65.3026        64.9014
65.189        64.9014
65.4391        64.9014
65.4286        64.9014
65.5514        64.9014
65.7233        64.9014
65.5465        64.9014
65.3853        64.9014
65.2759        64.9014
65.3568        64.9014
65.1848        64.9014
65.3611        64.9014
65.3983        64.9014
65.5609        64.9014
65.6358        64.9014
65.5633        64.9014
65.5513        64.9014
65.4646        64.9014
65.3869        64.9014
65.1122        64.9014
65.2516        64.9014
65.5103        64.9014
65.6416        64.9014
65.71        64.9014
65.9864        64.9014
65.7716        64.9014
65.5915        64.9014
65.5295        64.9014
65.4518        64.9014
65.2484        64.9014
65.5884        64.9014
65.5961        64.9014
65.294        64.9014
65.3047        64.9014
65.4287        64.9014
65.2614        64.9014
65.3315        64.9014
65.7242        64.9014
65.4951        64.9014
65.6244        64.9014
65.1933        64.9014
65.6367        64.9014
65.5831        64.9014
65.6175        64.9014
65.2176        64.9014
65.5046        64.9014
65.6303        64.9014
65.576        64.9014
65.6378        64.9014
66.0925        64.9014
65.7942        64.9014
65.8369        64.9014
65.3542        64.9014
65.2811        64.9014
65.8361        64.9014
65.5867        64.9014
66.1674        64.9014
66.0071        64.9014
66.2343        64.9014
66.131        64.9014
65.8401        64.9014
65.8036        64.9014
65.8577        64.9014
65.9124        64.9014
65.4689        64.9014
65.7428        64.9014
65.695        64.9014
65.9474        64.9014
65.5896        64.9014
65.713        64.9014
65.9889        64.9014
65.72        64.9014
65.7574        64.9014
65.7329        64.9014
65.715        64.9014
65.8351        64.9014
66.0926        64.9014
65.6602        64.9014
65.7402        64.9014
65.8133        64.9014
65.7424        64.9014
65.3687        64.9014
65.3179        64.9014
65.7184        64.9014
65.6311        64.9014
65.7065        64.9014
65.6284        64.9014
65.21        64.9014
65.4726        64.9014
65.7734        64.9014
65.7439        64.9014
65.8512        64.9014
65.5168        64.9014
65.724        64.9014
65.8516        64.9014
65.5713        64.9014
65.5232        64.9014
65.3709        64.9014
65.9534        64.9014
65.7266        64.9014
65.7816        64.9014
65.5226        64.9014
65.3144        64.9014
65.4777        64.9014
65.3385        64.9014
65.2253        64.9014
65.1471        64.9014
65.443        64.9014
65.5032        64.9014
65.5807        64.9014
65.556        64.9014
65.2684        64.9014
65.4091        64.9014
65.8827        64.9014
65.5996        64.9014
65.6401        64.9014
65.4183        64.9014
65.4575        64.8814
66.0451        64.8814
65.8375        64.8814
65.5681        64.8814
65.6476        64.8814
65.5398        64.8814
65.9109        64.8814
65.3713        64.8814
65.6425        64.8814
65.4657        64.8814
65.5794        64.8814
65.7521        64.8814
65.5723        64.8814
65.8306        64.8814
66.1311        64.8814
65.3431        64.8814
65.3543        64.8814
65.493        64.8814
65.6181        64.8814
65.4973        64.8814
65.6522        64.8814
65.4089        64.8814
65.5434        64.8814
65.6875        64.8528
65.4572        64.8528
65.966        64.8528
66.2071        64.8528
65.8859        64.8528
65.8252        64.8528
66.158        64.8528
65.8027        64.8528
65.5372        64.8528
65.7266        64.8528
65.5331        64.8528
65.5249        64.8528
65.5374        64.8528
65.5807        64.8528
65.588        64.8528
65.6376        64.8528
65.6336        64.8528
65.8439        64.8528
65.5607        64.8528
65.5476        64.8528
65.4691        64.8528
65.3766        64.8528
65.6084        64.8528
66.0056        64.8528
65.4586        64.8528
65.4895        64.8528
65.6189        64.8528
65.5447        64.8528
65.1268        64.8528
65.5617        64.8528
65.74        64.8528
65.6381        64.8528
65.275        64.8528
65.2677        64.8528
65.1779        64.8528
65.5305        64.8528
65.7324        64.8528
65.7054        64.8528
65.8811        64.8528
65.9842        64.8528
65.728        64.8528
65.7532        64.8528
65.5764        64.8528
65.4752        64.8528
65.3004        64.8528
65.1733        64.8528
65.2282        64.8528
65.4465        64.8528
65.3798        64.8528
65.7292        64.8528
65.6445        64.8528
65.5995        64.8528
65.7736        64.8528
65.3508        64.8528
65.5441        64.8528
65.0806        64.8528
65.1854        64.8528
65.5492        64.8528
65.7665        64.8528
65.6711        64.8528
65.7052        64.8528
65.646        64.8528
65.3529        64.8528
65.5635        64.8528
65.2835        64.8528
65.4553        64.8528
65.7132        64.8528
65.8998        64.8528
66.0553        64.8528
65.825        64.8528
66.1147        64.8528
65.4883        64.8528
65.4332        64.8528
65.6297        64.8528
65.4793        64.8528
65.742        64.8528
65.716        64.8528
66.0363        64.8528
65.9186        64.8528
65.6061        64.8528
65.9454        64.8528
65.9916        64.8528
65.5301        64.8528
65.0711        64.8528
65.0207        64.8528
65.268        64.8528
65.5213        64.8528
65.0364        64.8528
65.5521        64.8528
65.7202        64.8528
66.1771        64.8528
66.0406        64.8528
65.5622        64.8528
65.4359        64.8528
65.8089        64.8528
65.677        64.8528
65.2928        64.8528
65.7861        64.8528
65.8508        64.8528
65.7269        64.8528
65.1639        64.8528
65.5445        64.8528
65.4902        64.8528
65.4149        64.8528
65.6664        64.8528
65.2911        64.8528
65.3996        64.8528
65.4532        64.8528
65.2508        64.8528
65.312        64.8528
65.6388        64.8528
65.4445        64.8528
65.8359        64.8528
65.9615        64.8528
66.0366        64.8528
66.1122        64.8528
65.5216        64.8528
65.5763        64.8528
65.9367        64.8528
65.3647        64.8528
65.5455        64.8528
65.8233        64.8528
65.5916        64.8528
65.5318        64.8528
65.6715        64.8528
65.6306        64.8528
65.6952        64.8528
65.8479        64.8528
65.9204        64.8528
66.0833        64.8528
66.0679        64.8528
65.8786        64.8528
65.6777        64.8528
65.9443        64.8528
65.8526        64.8528
65.7786        64.8528
65.987        64.8528
65.9837        64.8528
66.375        64.8528
65.5173        64.8528
65.4204        64.8528
65.4262        64.8528
65.1687        64.8528
65.5413        64.8528
65.243        64.8528
65.4377        64.8528
65.7761        64.8528
65.5201        64.8528
65.3567        64.8528
65.5115        64.8528
65.508        64.8528
65.4471        64.8528
65.9066        64.8528
66.4132        64.8528
66.4899        64.8528
66.0432        64.8528
66.187        64.8528
65.9564        64.8528
65.7801        64.8528
65.521        64.8528
65.821        64.8528
65.6195        64.8528
65.5263        64.8528
65.2088        64.8528
65.3792        64.8528
65.4408        64.8528
65.6015        64.8528
65.6208        64.8528
65.644        64.8528
65.8787        64.8528
65.8835        64.8528
65.7276        64.8528
65.695        64.8528
66.003        64.8528
65.5085        64.8528
65.4594        64.8528
65.5183        64.8528
65.6642        64.8528
65.6968        64.8528
65.6177        64.8528
65.3683        64.8528
65.5746        64.8528
65.4269        64.8528
65.7341        64.8528
65.2545        64.8528
65.4161        64.8528
65.4237        64.8528
65.2955        64.8528
65.8208        64.8528
65.4231        64.8528
65.3992        64.8528
65.3104        64.8528
65.5066        64.8528
65.459        64.8528
65.6706        64.8528
65.6716        64.8528
65.3273        64.8528
65.5736        64.8528
65.6446        64.8528
65.3386        64.8528
65.7208        64.8528
65.7536        64.8528
65.5959        64.8528
65.5837        64.8528
65.3938        64.8528
65.5572        64.8528
65.7542        64.8528
65.615        64.8528
65.8131        64.8528
65.8441        64.8528
65.7334        64.8528
65.6636        64.8528
65.8469        64.8528
65.2839        64.8528
65.315        64.8528
65.3033        64.8528
65.6468        64.8528
65.7484        64.8528
65.5234        64.8528
65.6176        64.8528
66.1871        64.8528
65.5366        64.8528
65.9147        64.8528
65.8634        64.8528
65.2458        64.8528
65.543        64.8528
65.6495        64.8528
65.6907        64.8528
65.5001        64.8528
65.4695        64.8528
65.7004        64.8528
65.6374        64.8528
65.6836        64.8528
65.5016        64.8528
65.3905        64.8528
65.2892        64.8528
65.5613        64.8528
65.4343        64.8528
65.2218        64.8528
65.2495        64.8528
65.3088        64.8528
65.1806        64.8528
65.9078        64.8528
65.6967        64.8528
65.6769        64.8528
65.707        64.8528
65.3811        64.8528
65.6512        64.8528
65.6681        64.8528
65.4614        64.8528
65.4602        64.8528
65.6752        64.8528
66.1326        64.8528
66.2996        64.8528
65.6484        64.8528
65.277        64.8528
65.6653        64.8528
65.5214        64.8528
65.884        64.8528
66.0692        64.8528
65.9054        64.8528
65.9556        64.8528
65.6869        64.8528
65.4042        64.8528
65.8469        64.8528
65.8691        64.8528
65.706        64.8528
65.9084        64.8528
65.6114        64.8528
65.1997        64.8528
65.1717        64.8528
65.5471        64.8528
65.4469        64.8528
65.6631        64.8528
65.535        64.8528
65.7782        64.8528
65.883        64.8528
65.6361        64.8528
65.509        64.8528
65.7048        64.8528
66.1075        64.8528
65.627        64.8528
65.5844        64.8528
65.4125        64.8528
65.4397        64.8528
65.3788        64.8528
65.3047        64.8528
65.6208        64.8528
65.2573        64.8528
65.5018        64.8528
65.5181        64.8528
65.6961        64.8528
65.329        64.8528
65.4437        64.8528
65.4604        64.8528
65.181        64.8528
65.5377        64.8528
65.6339        64.8528
65.6478        64.8528
65.1627        64.8528
65.1927        64.8528
65.5994        64.8528
65.4738        64.8528
65.7228        64.8528
65.1146        64.8528
65.4526        64.8528
65.2835        64.8528
65.7496        64.8528
65.6487        64.8528
65.1906        64.8528
65.2832        64.8528
65.6162        64.8528
65.4241        64.8528
65.3995        64.8528
65.5183        64.8528
65.0395        64.8528
65.1628        64.8528
65.7728        64.8528
65.6792        64.8528
65.8463        64.8528
65.7212        64.8528
65.758        64.8528
65.7197        64.8528
65.4752        64.8528
65.2586        64.8528
65.4235        64.8528
65.5691        64.8528
65.7115        64.8528
65.6514        64.8528
65.9604        64.8528
65.5663        64.8528
65.6413        64.8528
65.2904        64.8528
65.353        64.8528
65.278        64.8528
65.3188        64.8528
65.6693        64.8528
65.8933        64.8528
65.6805        64.8528
65.8688        64.8528
65.7778        64.8528
65.1494        64.8528
65.3302        64.8528
65.2993        64.8528
65.3626        64.8528
65.5366        64.8528
65.3028        64.8528
65.1881        64.8528
65.3942        64.8528
65.1473        64.8528
65.6081        64.8528
65.7905        64.8528
65.4804        64.8528
65.1071        64.8528
65.5308        64.8528
65.9927        64.8528
65.6548        64.8528
65.1501        64.8528
65.1975        64.8528
65.477        64.8528
65.5176        64.8528
65.3782        64.8528
65.6897        64.8528
65.8153        64.8528
65.8901        64.8528
65.6233        64.8528
65.5307        64.8528
65.5613        64.8528
65.5513        64.8528
66.0805        64.8528
65.5336        64.8528
65.6543        64.8528
65.4861        64.8528
65.2597        64.8528
65.2124        64.8528
65.39        64.8528
65.7797        64.8528
65.627        64.8528
65.567        64.8528
65.7478        64.8528
65.5921        64.8528
65.6592        64.8528
66.3373        64.8528
66.1746        64.8528
65.8131        64.8528
65.6554        64.8528
65.4341        64.8528
65.7681        64.8528
65.3886        64.8528
65.3032        64.8528
65.7827        64.8528
65.53        64.8528
65.4084        64.8528
65.7392        64.8528
65.6786        64.8528
65.8992        64.8528
65.7574        64.8528
65.8829        64.8528
66.0838        64.8528
65.7067        64.8528
65.8349        64.8528
65.7112        64.8528
65.2571        64.8528
65.5535        64.8528
65.151        64.8528
65.5552        64.8528
65.3107        64.8528
65.1308        64.8528
65.5403        64.8528
65.6804        64.8528
65.3989        64.8528
65.3896        64.8528
65.7448        64.8528
65.7029        64.8528
65.6716        64.8528
66.5692        64.8528
66.1591        64.8528
66.0463        64.8528
66.0919        64.8528
66.1922        64.8528
65.865        64.8528
65.9124        64.8528
66.0296        64.8528
65.8602        64.8528
65.6029        64.8528
65.1514        64.8528
65.8167        64.8528
65.7961        64.8528
65.8903        64.8528
65.3934        64.8528
65.3223        64.8528
65.5136        64.8528
65.7306        64.8528
65.6824        64.8528
65.7016        64.8528
65.8164        64.8528
65.8212        64.8528
65.8597        64.8528
65.5088        64.8528
65.4737        64.8528
66.0461        64.8528
65.5364        64.8528
65.0516        64.8528
65.0397        64.8528
65.3884        64.8528
65.4903        64.8528
65.3063        64.8528
65.3758        64.8528
65.4752        64.8528
64.9814        64.8528
65.0966        64.8528
65.1607        64.8528
65.5039        64.8528
65.3766        64.8528
65.5253        64.8528
65.2124        64.8528
65.0635        64.8528
65.1918        64.8528
65.2208        64.8528
65.0846        64.8528
65.6444        64.8528
65.5786        64.8528
65.368        64.8528
65.2083        64.8528
65.2549        64.8528
65.6036        64.8528
65.534        64.8528
65.8163        64.8528
65.7659        64.8528
65.9549        64.8528
65.6238        64.8528
65.7395        64.8528
65.4835        64.8528
65.4197        64.8528
65.5564        64.8528
65.4587        64.8528
65.6091        64.8528
65.4795        64.8528
65.5252        64.8528
65.8927        64.8528
65.4129        64.8528
65.5297        64.8528
65.6591        64.8528
65.6162        64.8528
65.3803        64.8528
65.3114        64.8528
65.4636        64.8528
65.1504        64.8528
65.6135        64.8528
65.1557        64.8528
65.4715        64.8528
65.394        64.8528
65.6791        64.8528
65.6611        64.8528
65.2738        64.8528
64.96        64.8528
65.4148        64.8528
65.319        64.8528
65.6614        64.8528
65.8007        64.8528
65.5857        64.8528
65.3383        64.8528
65.0574        64.8528
65.3117        64.8528
65.2286        64.8528
65.187        64.8528
65.5247        64.8528
65.5626        64.8528
65.834        64.8528
65.2042        64.8528
65.7526        64.8528
65.4645        64.8528
65.7827        64.8528
65.7679        64.8528
65.343        64.8528
65.4327        64.8528
65.5513        64.8528
65.4162        64.8528
65.4782        64.8528
65.4867        64.8528
65.3386        64.8528
65.8093        64.8528
65.9407        64.8528
65.817        64.8528
65.2197        64.8528
65.4119        64.8528
65.5671        64.8528
65.4259        64.8528
65.2691        64.8528
65.5614        64.8528
65.7764        64.8528
65.7349        64.8528
65.7597        64.8528
66.1261        64.8528
65.9414        64.8528
65.6458        64.8528
65.427        64.8528
65.2673        64.8528
65.2552        64.8528
65.5397        64.8528
65.6979        64.8528
65.5249        64.8528
65.9305        64.8528
65.7118        64.8528
65.6851        64.8528
65.4514        64.8528
65.7504        64.8528
65.7754        64.8528
65.5365        64.8528
65.8077        64.8528
65.7764        64.8528
65.5806        64.8528
65.8928        64.8528
65.8386        64.8528
65.75        64.8528
65.7529        64.8528
65.6006        64.8528
65.4718        64.8528
65.6302        64.8528
65.3111        64.8528
65.2442        64.8528
65.4273        64.8528
65.9108        64.8528
65.4483        64.8528
65.3867        64.8528
65.7368        64.8528
65.2868        64.8528
65.617        64.8528
65.2954        64.8528
65.6095        64.8528
65.4288        64.8528
65.4875        64.8528
65.265        64.8528
65.1091        64.8528
65.13        64.8528
65.3032        64.8528
65.9026        64.8528
65.3118        64.8528
65.6656        64.8528
65.5381        64.8528
65.4192        64.8528
65.6244        64.8528
65.5653        64.8528
65.5228        64.8528
65.4251        64.8528
65.5529        64.8528
65.1854        64.8528
65.3457        64.8528
65.7919        64.8528
66.0436        64.8528
66.2457        64.8528
65.5791        64.8528
65.6574        64.8528
65.1557        64.8528
65.3202        64.8528
65.5952        64.8528
65.5981        64.8528
65.7677        64.8528
65.7904        64.8528
65.3795        64.8528
65.64        64.8528
65.5852        64.8528
65.5651        64.8528
65.4189        64.8528
65.3835        64.8528
65.4096        64.8528
65.7049        64.8528
65.2445        64.8528
65.1272        64.8528
64.9659        64.8528
65.5498        64.8528
65.5034        64.8528
65.4494        64.8528
65.4792        64.8528
66.0126        64.8528
66.0241        64.8528
65.6894        64.8528
65.5945        64.8528
65.6136        64.8528
65.2201        64.8528
65.507        64.8528
66.0833        64.8528
65.7658        64.8528
65.9736        64.8528
65.4224        64.8528
65.603        64.8528
65.5197        64.8528
65.4335        64.8528
65.6499        64.8528
64.9758        64.8528
65.5088        64.8528
65.3349        64.8528
65.202        64.8528
65.5585        64.8528
65.8352        64.8528
65.5322        64.8528
65.3534        64.8528
65.4982        64.8528
65.6427        64.8528
65.7507        64.8528
65.6832        64.8528
65.6727        64.8528
65.5875        64.8528
65.9338        64.8528
65.7168        64.8528
65.3898        64.8528
65.3172        64.8528
65.7066        64.8528
65.6644        64.8528
65.7596        64.8528
65.407        64.8528
65.3768        64.8528
65.3255        64.8528
65.1536        64.8528
65.0518        64.8528
65.2079        64.8528
65.0421        64.8528
65.635        64.8528
65.1352        64.8528
65.3408        64.8528
65.3483        64.8528
65.3053        64.8528
65.0145        64.8528
64.9232        64.8528
65.2456        64.8528
65.5531        64.8528
65.0967        64.8528
65.0331        64.8528
65.5159        64.8528
65.5237        64.8528
65.4292        64.8528
65.3066        64.8528
65.3833        64.8528
65.3952        64.8528
65.5987        64.8528
65.1917        64.8528
64.9704        64.8528
65.2571        64.8528
65.5212        64.8528
65.3556        64.8528
65.3276        64.8528
65.1143        64.8528
65.3224        64.8528
65.4238        64.8528
65.5568        64.8528
65.4834        64.8528
65.6754        64.8528
65.4465        64.8528
65.5676        64.8528
65.7611        64.8528
65.6438        64.8528
65.4661        64.8528
65.5914        64.8528
65.9035        64.8528
65.4482        64.8528
65.8353        64.8528
66.0021        64.8528
65.5162        64.8528
65.7405        64.8528
65.8367        64.8528
65.6687        64.8528
65.9769        64.8528
65.6075        64.8528
65.5325        64.8528
65.6163        64.8528
65.8312        64.8528
66.1142        64.8528
65.4571        64.8528
65.833        64.8528
65.7273        64.8528
65.9389        64.8528
65.467        64.8528
65.1895        64.8528
65.2753        64.8528
65.4012        64.8528
65.7495        64.8528
65.7615        64.8528
66.3692        64.8528
66.0623        64.8528
65.8442        64.8528
65.5955        64.8528
65.6037        64.8528
65.5797        64.8528
66.0044        64.8528
65.7857        64.8528
65.9915        64.8528
65.4717        64.8528
65.4507        64.8528
65.3984        64.8528
65.337        64.8528
65.4331        64.8528
65.4369        64.8528
65.9528        64.8528
65.7357        64.8528
65.6475        64.8528
65.3433        64.8528
65.6167        64.8528
65.491        64.8528
65.3086        64.8528
65.2972        64.8528
65.5073        64.8528
65.5201        64.8528
65.6751        64.8528
65.6428        64.8528
65.5681        64.8528
65.7614        64.8528
65.7681        64.8528
65.4214        64.8528
65.813        64.8528
65.9775        64.8528
65.5005        64.8528
65.5783        64.8528
65.6978        64.8528
65.5066        64.8528
65.7572        64.8528
65.6418        64.8528
65.5116        64.8528
65.3184        64.8528
65.474        64.8528
65.8229        64.8528
65.8555        64.8528
66.0334        64.8528
65.4947        64.8528
65.4191        64.8528
65.4912        64.8528
65.3257        64.8528
65.5414        64.8528
65.9026        64.8528
65.9099        64.8528
65.8249        64.8528
65.5429        64.8528
65.8094        64.8528
65.7387        64.8528
65.2568        64.8528
65.4113        64.8528
65.395        64.8528
65.403        64.8528
65.6349        64.8528
65.2995        64.8528
65.2144        64.8528
65.5393        64.8528
65.4199        64.8528
65.2898        64.8528
65.5519        64.8528
66.0552        64.8528
65.7096        64.8528
65.65        64.8528
65.7391        64.8528
65.75        64.8528
65.5081        64.8528
65.5387        64.8528
65.3713        64.8528
65.968        64.8528
65.7204        64.8528
65.6765        64.8528
65.5363        64.8528
65.5123        64.8528
65.717        64.8528
65.8731        64.8528
66.0997        64.8528
65.7646        64.8528
65.4527        64.8528
65.4983        64.8528
65.622        64.8528
65.9869        64.8528
65.7814        64.8528
65.8822        64.8528
65.3087        64.8528
65.8315        64.8528
65.738        64.8528
65.6505        64.8528
65.8019        64.8528
65.4218        64.8528
65.3648        64.8528
65.326        64.8528
65.1669        64.8528
65.3355        64.8528
65.1769        64.8528
65.0634        64.8528
65.3648        64.8528
65.3008        64.8528
65.3672        64.8528
65.9836        64.8528
65.9336        64.8528
65.9423        64.8528
65.7997        64.8528
65.2982        64.8528
65.4186        64.8528
65.1271        64.8528
65.2207        64.8528
65.3373        64.8528
65.4309        64.8528
65.5736        64.8528
65.1571        64.8528
65.2123        64.8528
65.226        64.8528
65.9515        64.8528
65.6627        64.8528
65.8193        64.8528
65.9305        64.8528
65.412        64.8528
65.8449        64.8528
65.4461        64.8528
65.3694        64.8528
65.275        64.8528
65.6385        64.8528
65.733        64.8528
65.3324        64.8528
65.2219        64.8528
65.6223        64.8528
65.5332        64.8528
65.4963        64.8528
65.747        64.8528
65.2926        64.8528
65.363        64.8528
65.2452        64.8528
65.333        64.8528
65.6774        64.8528
65.2985        64.8528
65.2104        64.8528
65.2726        64.8528
65.476        64.8528
65.4153        64.8528
65.2893        64.8528
65.3006        64.8528
65.3239        64.8528
65.437        64.8528
65.6818        64.8528
65.5084        64.8528
65.5615        64.8528
65.9208        64.8528
65.912        64.8528
65.5995        64.8528
65.6403        64.8528
65.6471        64.8528
65.7393        64.8528
66.0863        64.8528
66.1205        64.8528
65.7234        64.8528
65.3979        64.8528
65.5948        64.8528
65.8597        64.8528
65.4377        64.8528
65.8443        64.8528
65.5199        64.8528
65.6637        64.8528
65.4273        64.8528
65.6014        64.8528
65.5323        64.8528
65.4895        64.8528
65.6091        64.8528
65.4754        64.8528
65.2706        64.8528
65.1927        64.8528
65.1297        64.8528
64.99        64.8528
65.3251        64.8528
65.2978        64.8528
65.1677        64.8528
65.378        64.8528
65.4675        64.8528
65.4948        64.8528
65.5818        64.8528
65.9534        64.8528
65.7335        64.8528
65.4855        64.8528
65.7282        64.8528
65.4534        64.8528
65.4805        64.8528
65.5913        64.8528
65.7744        64.8528
66.1792        64.8528
65.815        64.8528
65.333        64.8528
65.6379        64.8528
65.8491        64.8528
65.5646        64.8528
65.8784        64.8528
65.9067        64.8528
65.7953        64.8528
65.6584        64.8528
65.3116        64.8528
65.5397        64.8528
65.4866        64.8528
65.694        64.8528
65.4609        64.8528
65.6379        64.8528
65.6491        64.8528
65.3653        64.8528
65.7064        64.8528
65.5817        64.8528
65.4482        64.8528
65.5839        64.8528
65.4837        64.8528
65.1795        64.8528
65.6923        64.8528
65.5682        64.8528
65.5028        64.8528
65.5548        64.8528
65.5882        64.8528
66.1904        64.8528
65.8736        64.8528
65.6778        64.8528
65.6644        64.8528
65.4921        64.8528
65.457        64.8528
65.3542        64.8528
65.6326        64.8528
65.5776        64.8528
65.1958        64.8528
65.5598        64.8528
65.7854        64.8528
65.5418        64.8528
65.3466        64.8528
65.5686        64.8528
65.6751        64.8528
65.7965        64.8528
65.8694        64.8528
66.167        64.8528
65.4905        64.8528
65.5858        64.8528
65.6585        64.8528
65.5714        64.8528
65.4068        64.8528
65.4489        64.8528
65.535        64.8528
65.7523        64.8528
65.7791        64.8528
65.3022        64.8528
65.295        64.8528
65.3043        64.8528
65.1678        64.8528
65.2411        64.8528
65.463        64.8528
65.7803        64.8528
65.9458        64.8528
65.4168        64.8528
65.5789        64.8528
66.1245        64.8528
66.4304        64.8528
65.975        64.8528
65.5429        64.8528
65.9936        64.8528
65.4666        64.8528
65.3901        64.8528
65.3252        64.8528
65.4131        64.8528
65.7271        64.8528
65.4735        64.8528
65.4348        64.8528
65.6961        64.8528
65.6567        64.8528
65.14        64.8528
65.7568        64.8528
65.7176        64.8528
65.3973        64.8528
65.546        64.8528
65.5073        64.8528
65.442        64.8528
65.6778        64.8528
65.4001        64.8528
65.2639        64.8528
65.4709        64.8528
65.4043        64.8528
65.2146        64.8528
65.2836        64.8528
65.3733        64.8528
65.4985        64.8528
65.3647        64.8528
65.4802        64.8528
65.4342        64.8528
65.384        64.8528
65.555        64.8528
65.302        64.8528
65.7001        64.8528
65.6764        64.8528
65.6232        64.8528
65.8205        64.8528
66.019        64.8528
65.5828        64.8528
65.6601        64.8528
65.4281        64.8528
65.4479        64.8528
65.1587        64.8528
65.5084        64.8528
65.5257        64.8528
65.6552        64.8528
65.7258        64.8528
65.506        64.8528
65.9586        64.8528
65.9899        64.8528
66.0151        64.8528
65.3445        64.8528
65.3962        64.8528
65.5959        64.8528
65.4272        64.8528
65.5502        64.8528
66.0061        64.8528
65.5055        64.8528
65.6909        64.8528
65.5474        64.8528
65.3798        64.8528
65.3636        64.8528
65.7392        64.8528
65.7882        64.8528
65.707        64.8528
65.2523        64.8528
65.1045        64.8528
65.5387        64.8528
65.4319        64.8528
65.1298        64.8528
65.4128        64.8528
65.324        64.8528
65.3022        64.8528
65.387        64.8528
65.4841        64.8528
65.1834        64.8528
65.0892        64.8528
65.3761        64.8528
65.4728        64.8528
65.9412        64.8528
65.7055        64.8528
65.5373        64.8528
65.3907        64.8528
65.3134        64.8528
65.8768        64.8528
65.5373        64.8528
65.7905        64.8528
65.3809        64.8528
65.6582        64.8528
66.0912        64.8528
65.4602        64.8528
65.1715        64.8528
65.4898        64.8528
65.4397        64.8528
65.4268        64.8528
65.569        64.8528
65.4627        64.8528
65.5285        64.8528
65.4313        64.8528
65.7489        64.8528
65.4512        64.8528
65.1895        64.8528
65.4075        64.8528
65.4304        64.8528
65.3401        64.8528
65.2117        64.8528
65.381        64.8528
65.6176        64.8528
65.4879        64.8528
65.6828        64.8528
65.9246        64.8528
66.1912        64.8528
66.2708        64.8528
65.5592        64.8528
65.4426        64.8528
65.2355        64.8528
65.3228        64.8528
65.3448        64.8528
65.422        64.8528
65.4553        64.8528
65.3218        64.8528
65.3845        64.8528
65.6099        64.8528
65.9201        64.8528
65.4901        64.8528
65.4917        64.8528
65.2498        64.8528
65.5292        64.8528
65.2436        64.8528
65.3368        64.8528
65.2112        64.8528
65.2207        64.8528
65.0173        64.8528
65.4921        64.8528
65.6315        64.8528
65.9246        64.8528
65.9922        64.8528
65.6909        64.8528
65.8279        64.8528
65.7538        64.8528
65.8117        64.8528
65.5662        64.8528
65.5059        64.8528
65.4798        64.8528
65.5076        64.8528
65.4435        64.8528
65.6288        64.8528
65.3115        64.8528
65.2171        64.8528
65.2761        64.8528
65.3859        64.8528
65.4358        64.8528
65.2053        64.8528
65.1222        64.8528
65.575        64.8528
65.7667        64.8528
65.8361        64.8528
65.4427        64.8528
65.3517        64.8528
65.4382        64.8528
65.4146        64.8528
65.5921        64.8528
65.7269        64.8528
65.3008        64.8528
65.5123        64.8528
65.1803        64.8528
65.0549        64.8528
65.571        64.8528
65.8295        64.8528
66.2868        64.8528
65.6892        64.8528
65.3675        64.8528
65.2698        64.8528
65.689        64.8528
66.2178        64.8528
66.1668        64.8528
66.2885        64.8528
66.0298        64.8528
65.9666        64.8528
65.4688        64.8528
65.1883        64.8528
66.1698        64.8528
65.6373        64.8528
65.8886        64.8528
65.2638        64.8528
65.309        64.8528
65.5832        64.8528
65.4811        64.8528
65.917        64.8528
66.136        64.8528
65.813        64.8528
66.1932        64.8528
65.4177        64.8528
65.1742        64.8528
65.2172        64.8528
65.2946        64.8528
65.2983        64.8528
65.6178        64.8528
65.8182        64.8528
65.2825        64.8528
65.3737        64.8528
65.2335        64.8528
65.44        64.8528
65.8397        64.8528
66.0887        64.8528
65.6314        64.8528
65.5747        64.8528
65.4191        64.8528
65.1219        64.8528
65.1367        64.8528
65.3364        64.8528
65.5973        64.8528
65.5867        64.8528
65.6098        64.8528
65.3427        64.8528
65.2268        64.8528
65.6055        64.8528
65.5534        64.8528
65.7711        64.8528
65.3614        64.8528
65.5681        64.8528
66.0178        64.8528
65.6205        64.8528
65.49        64.8528
65.613        64.8528
65.6792        64.8528
65.5412        64.8528
65.578        64.8528
65.7853        64.8528
65.7301        64.8528
65.7203        64.8528
65.2986        64.8528
65.8108        64.8528
65.3508        64.8528
65.3872        64.8528
65.299        64.8528
65.3477        64.8528
65.1901        64.8528
65.3846        64.8528
65.351        64.8528
65.3106        64.8528
65.3861        64.8528
65.3182        64.8528
65.3664        64.8528
65.143        64.8528
65.3988        64.8528
65.5724        64.8528
65.3097        64.8528
65.7524        64.8528
66.1148        64.8528
65.7892        64.8528
65.3574        64.8528
65.3529        64.8528
65.5167        64.8528
65.322        64.8528
65.3364        64.8528
65.3575        64.8528
65.5455        64.8528
65.1658        64.8528
65.4301        64.8528
65.2438        64.8528
65.4469        64.8528
65.6926        64.8528
65.2947        64.8528
65.7452        64.8528
65.2975        64.8528
65.3153        64.8528
65.5859        64.8528
65.5927        64.8528
65.6202        64.8528
65.551        64.8528
65.4596        64.8528
65.3728        64.8528
65.3165        64.8528
65.2221        64.8528
65.267        64.8528
64.977        64.8528
65.253        64.8528
65.5504        64.8528
65.6771        64.8528
65.7821        64.8528
65.9612        64.8528
65.574        64.8528
65.4095        64.8528
65.5553        64.8528
65.5003        64.8528
65.5218        64.8528
65.5154        64.8528
65.7548        64.8528
65.3556        64.8528
65.3402        64.8528
65.3864        64.8528
65.6937        64.8528
65.72        64.8528
65.4537        64.8528
65.7401        64.8528
65.7714        64.8528
65.5683        64.8528
65.2318        64.8528
65.1677        64.8528
65.1031        64.8528
65.3218        64.8528
65.6649        64.8528
65.474        64.8528
65.5568        64.8528
65.4854        64.8528
65.5198        64.8528
65.4186        64.8528
65.511        64.8528
65.401        64.8528
65.8912        64.8528
65.981        64.8528
66.1185        64.8528
65.9861        64.8528
65.9009        64.8528
65.9104        64.8528
66.0347        64.8528
65.5148        64.8528
65.7092        64.8528
65.6155        64.8528
65.2343        64.8528
65.6245        64.8528
65.4873        64.8528
65.7209        64.8528
65.47        64.8528
65.4794        64.8528
65.8324        64.8528
65.5509        64.8528
65.3521        64.8528
65.4069        64.8528
64.9844        64.8528
65.3804        64.8528
65.3786        64.8528
65.2829        64.8528
65.2642        64.8528
65.6424        64.8528
65.5308        64.8528
65.7466        64.8528
65.6989        64.8528
65.5623        64.8528
65.562        64.8528
65.5618        64.8528
65.358        64.8528
65.5851        64.8528
65.4862        64.8528
65.5444        64.8528
65.4685        64.8528
65.2708        64.8528
65.6583        64.8528
65.7276        64.8528
65.7147        64.8528
65.5557        64.8528
65.8019        64.8528
65.8724        64.8528
65.4189        64.8528
65.3594        64.8528
65.5789        64.8528
65.4631        64.8528
65.4333        64.8528
65.5675        64.8528
65.3122        64.8528
65.3195        64.8528
65.3122        64.8528
65.1901        64.8528
65.2893        64.8528
65.8228        64.8528
66.1499        64.8528
65.7924        64.8528
65.3495        64.8528
65.4384        64.8528
65.4198        64.8528
65.3966        64.8528
65.7877        64.8528
66.057        64.8528
65.5898        64.8528
65.6281        64.8528
65.4912        64.8528
65.9149        64.8528
65.563        64.8528
65.9571        64.8528
65.488        64.8528
65.3935        64.8528
65.3009        64.8528
65.4048        64.8528
65.4486        64.8528
65.2505        64.8528
65.2249        64.8528
65.5038        64.8528
65.45        64.8528
65.6964        64.8528
65.4276        64.8528
65.2658        64.8528
65.1522        64.8528
65.195        64.8528
65.4197        64.8528
65.2885        64.8528
65.096        64.8528
65.5793        64.8528
65.6419        64.8528
65.2938        64.8528
65.6305        64.8528
65.3225        64.8528
65.9471        64.8528
66.0998        64.8528
65.9597        64.8528
66.0324        64.8528
66.2508        64.8528
65.9631        64.8528
66.0824        64.8528
65.8299        64.8528
65.9094        64.8528
65.4895        64.8528
65.6581        64.8528
65.5682        64.8528
65.4104        64.8528
65.5116        64.8528
65.7219        64.8528
65.3851        64.8528
65.4587        64.8528
66.0992        64.8528
65.6065        64.8528
65.2862        64.8528
65.8435        64.8528
65.883        64.8528
65.1801        64.8528
65.6364        64.8528
65.7956        64.8528
65.2569        64.8528
65.341        64.8528
65.622        64.8528
65.6353        64.8528
65.9008        64.8528
65.41        64.8528
65.661        64.8528
65.458        64.8528
65.3196        64.8528
65.8079        64.8528
65.403        64.8528
65.4747        64.8528
65.7285        64.8528
65.3254        64.8528
66.2029        64.8528
65.5102        64.8528
65.3511        64.8528
65.4626        64.8528
65.2993        64.8528
65.2804        64.8528
65.7877        64.8528
65.485        64.8528
65.775        64.8528
66.1444        64.8528
65.6452        64.8528
65.823        64.8528
66.1437        64.8528
65.5869        64.8528
65.6813        64.8528
65.1506        64.8528
65.097        64.8528
65.232        64.8528
65.8461        64.8528
66.2619        64.8528
65.5662        64.8528
65.7762        64.8528
65.7229        64.8528
65.6404        64.8528
65.5806        64.8528
65.3177        64.8528
65.2487        64.8528
65.5582        64.8528
66.208        64.8528
66.388        64.8528
66.3398        64.8528
66.0557        64.8528
65.6049        64.8528
65.7057        64.8528
65.7447        64.8528
65.9143        64.8528
65.5182        64.8528
65.8098        64.8528
65.6506        64.8528
65.7632        64.8528
65.4455        64.8528
65.54        64.8528
65.2577        64.8528
65.4197        64.8528
65.3599        64.8528
65.4074        64.8528
65.4535        64.8528
65.3564        64.8528
64.9967        64.8528
65.297        64.8528
65.2006        64.8528
65.5038        64.8528
65.5555        64.8528
65.7369        64.8528
65.3945        64.8528
65.4207        64.8528
65.3824        64.8528
65.3325        64.8528
65.457        64.8528
65.4584        64.8528
65.8299        64.8528
65.537        64.8528
65.7355        64.8528
66.0228        64.8528
65.9682        64.8528
65.8903        64.8528
65.8528        64.8528
65.3311        64.8528
65.224        64.8528
65.2512        64.8528
65.6929        64.8528
65.6254        64.8528
65.6591        64.8528
65.6282        64.8528
65.8019        64.8528
65.3644        64.8528
65.6087        64.8528
65.5891        64.8528
65.5498        64.8528
65.9745        64.8528
65.4161        64.8528
65.3749        64.8528
65.7469        64.8528
65.933        64.8528
65.5641        64.8528
65.4562        64.8528
65.5894        64.8528
65.7255        64.8528
65.6148        64.8528
65.302        64.8528
65.2452        64.8528
65.5841        64.8528
65.4087        64.8528
65.4198        64.8528
65.0885        64.8528
65.2502        64.8528
65.4003        64.8528
65.4336        64.8528
65.2096        64.8528
65.1165        64.8528
65.4984        64.8528
65.5353        64.8528
65.4728        64.8528
65.3771        64.8528
65.5491        64.8528
65.4692        64.8528
65.498        64.8528
65.6926        64.8528
65.6131        64.8528
65.4816        64.8528
65.2684        64.8528
65.2953        64.8528
65.2117        64.8528
65.5584        64.8528
65.5652        64.8528
65.4684        64.8528
65.4437        64.8528
65.7038        64.8528
65.2479        64.8528
65.6012        64.8528
65.3798        64.8528
65.3274        64.8528
65.573        64.8528
66.1807        64.8528
65.93        64.8528
65.8761        64.8528
65.8018        64.8528
65.8565        64.8528
65.8941        64.8528
65.699        64.8528
65.7049        64.8528
65.614        64.8528
65.5776        64.8528
65.5326        64.8528
65.8217        64.8528
65.5597        64.8528
65.4601        64.8528
65.4351        64.8528
65.6055        64.8528
65.514        64.8528
65.36        64.8528
65.3        64.8528
65.7986        64.8528
65.8149        64.8528
65.7364        64.8528
65.4387        64.8528
65.6649        64.8528
65.4012        64.8528
65.1379        64.8528
65.2115        64.8528
65.496        64.8528
65.7217        64.8528
65.4375        64.8528
65.3321        64.8528
65.7136        64.8528
66.0416        64.8528
65.5653        64.8528
65.7583        64.8528
65.6716        64.8528
65.5963        64.8528
65.4066        64.8528
65.4194        64.8528
65.4481        64.8528
65.4729        64.8528
65.6148        64.8528
65.9313        64.8528
65.5765        64.8528
65.3664        64.8528
65.5483        64.8528
65.6163        64.8528
65.8237        64.8528
66.0161        64.8528
66.0556        64.8528
65.7462        64.8528
65.5962        64.8528
65.515        64.8528
65.6094        64.8528
65.5787        64.8528
65.4344        64.8528
65.2254        64.8528
65.4985        64.8528
65.1585        64.8528
65.6343        64.8528
65.5873        64.8528
65.4416        64.8528
65.6018        64.8528
65.5769        64.8528
65.531        64.8528
65.7442        64.8528
65.4699        64.8528
65.5626        64.8528
65.741        64.8528
65.494        64.8528
65.3355        64.8528
65.4603        64.8528
65.6173        64.8528
65.3437        64.8528
65.5359        64.8528
65.6113        64.8528
65.7812        64.8528
65.5883        64.8528
65.3894        64.8528
65.4934        64.8528
65.6759        64.8528
65.2622        64.8528
65.5581        64.8528
65.5449        64.8528
65.2582        64.8528
65.1441        64.8528
65.1969        64.8528
65.318        64.8528
65.5078        64.8528
65.333        64.8528
65.2126        64.8528
65.1212        64.8528
65.0727        64.8528
65.4128        64.8528
65.9394        64.8528
65.696        64.8528
65.6626        64.8528
65.6898        64.8528
65.5384        64.8528
65.7664        64.8528
65.4588        64.8528
65.6758        64.8528
65.6516        64.8528
65.4714        64.8528
65.3377        64.8528
65.2277        64.8528
65.2786        64.8528
65.3053        64.8528
65.5772        64.8528
65.4914        64.8528
66.2995        64.8528
66.2652        64.8528
65.5588        64.8528
65.5213        64.8528
65.3249        64.8528
65.3168        64.8528
65.6551        64.8528
65.7271        64.8528
65.5717        64.8528
65.6249        64.8528
65.3785        64.8528
65.5961        64.8528
65.5503        64.8528
65.2557        64.8528
65.1149        64.8528
65.2665        64.8528
65.9035        64.8528
65.912        64.8528
65.3871        64.8528
65.174        64.8528
64.9895        64.8528
65.578        64.8528
65.5022        64.8528
65.4791        64.8528
65.6094        64.8528
65.3359        64.8528
66.0835        64.8528
66.0931        64.8528
65.8827        64.8528
65.4898        64.8528
65.5387        64.8528
65.3851        64.8528
65.2643        64.8528
65.4957        64.8528
65.9376        64.8528
66.4784        64.8528
66.2582        64.8528
66.4206        64.8528
65.9373        64.8528
66.1068        64.8528
65.6166        64.8528
65.6477        64.8528
65.764        64.8528
66.071        64.8528
65.4585        64.8528
65.5538        64.8528
65.53        64.8528
65.5415        64.8528
65.1903        64.8528
65.6406        64.8528
65.6609        64.8528
65.9882        64.8528
66.0873        64.8528
65.7389        64.8528
65.7013        64.8528
65.8443        64.8528
65.5112        64.8528
65.5515        64.8528
65.7249        64.8528
66.0092        64.8528
65.8407        64.8528
65.6295        64.8528
65.6828        64.8528
65.735        64.8528
65.4        64.8528
65.5352        64.8528
65.6647        64.8528
65.6993        64.8528
65.7924        64.8528
65.5874        64.8528
65.557        64.8528
65.4759        64.8528
65.4935        64.8528
65.6339        64.8528
65.3191        64.8528
65.3404        64.8528
65.3818        64.8528
65.958        64.8528
65.4641        64.8528
65.6615        64.8528
65.5863        64.8528
65.8149        64.8528
65.7708        64.8528
65.3337        64.8528
65.4897        64.8528
65.4548        64.8528
65.0879        64.8528
65.7763        64.8528
65.9277        64.8528
65.5228        64.8528
65.2953        64.8528
65.6466        64.8528
65.4024        64.8528
65.0159        64.8528
65.3255        64.8528
64.9972        64.8528
65.2484        64.8528
65.196        64.8528
65.658        64.8528
65.8269        64.8528
65.3372        64.8528
65.4917        64.8528
65.7405        64.8528
65.7793        64.8528
