493.189        437.976
469.417          421.8
445.575         404.81
431.097        386.583
417.366        380.256
402.703        363.992
388.668        358.321
374.541        351.234
365.951        348.623
360.413        341.044
354.812        334.983
347.66        324.227
339.895        321.858
333.246        315.297
326.369        312.429
322.515        305.666
316.807        301.189
311.638         295.64
307.21        288.687
301.985        284.605
296.675        281.265
290.404        280.268
286.619        273.042
283.547        271.258
280.327        266.486
276.46        265.961
273.088          259.9
269.46        255.402
265.455        253.587
260.891        251.073
258.016        249.295
255.473        247.437
252.494        242.213
250.718        238.234
247.505        236.002
244.395        233.921
241.557        231.721
239.349        229.952
237.601        228.431
235.776        224.885
233.213        221.892
231.393        218.327
227.762        214.609
223.956        209.646
219.722        208.641
215.72        206.753
212.29        202.401
209.429        200.981
206.849        198.663
204.154        196.162
201.906        194.268
199.324         191.92
196.86        190.194
194.639        187.706
192.764        184.377
190.398        183.633
189.072        182.766
187.481        181.966
185.871        181.034
184.385        180.182
183.488        179.795
182.756        178.036
182.208         176.61
181.18        173.433
180.008        173.433
177.985        172.682
176.715        171.945
175.656        170.543
174.195        169.772
173.42        168.557
172.208        167.333
171.456        166.234
170.932        165.342
170.07        163.568
168.717        162.817
167.697         161.06
166.815        159.224
165.479        158.676
163.884        158.163
163.253         156.79
162.239        156.376
160.522        155.583
158.943        155.064
158.448        154.744
157.445        153.551
156.3        152.485
155.536        151.737
154.437        150.554
153.846        149.807
153.233        148.307
152.872        146.512
151.997        145.076
150.391        144.372
148.368        143.736
147.089        143.547
145.861        142.433
145.115        141.977
144.767        139.929
143.67         138.88
142.053        135.668
141.046        134.619
139.069         132.74
137.52        129.385
135.904        128.134
134.619            126
132.886        123.692
130.843         123.59
128.482        122.639
126.755        122.111
125.87        121.703
125.366        121.302
125.899        120.169
125.567        118.795
124.487         117.46
122.433         117.46
120.32        116.387
119.148        116.044
117.846        115.644
117.299        115.151
117.024        114.379
116.435        114.036
115.773        114.036
115.405         113.14
115.657         113.14
114.658         112.65
113.972        112.388
113.944        110.665
113.735        109.778
112.866        109.288
112.658          109.2
111.511        109.052
110.765        108.779
110.299        106.831
109.808        106.411
109.333        106.411
108.382         105.75
107.643         105.46
106.868        104.799
106.727        104.773
105.955         104.34
105.64        104.315
105.395        103.035
104.871        103.035
104.702        103.035
103.847        102.233
103.403        102.233
103.439        102.031
103.076        101.949
103.211        101.949
103.314        101.167
103.688         101.02
102.863         100.36
102.498         100.36
102.228        100.002
102.003        98.9588
101.954        98.9588
101.988        98.9588
101.712        98.9588
100.631        98.9588
100.393        98.9588
100.33        98.9588
99.9207        98.8301
100.009        97.9838
100.167        97.9838
99.8756        97.2677
99.3419        97.2677
98.6399        96.5559
98.3833        96.5559
97.9281        96.2535
98.3491        95.7457
99.3352        95.7457
100.354        95.7457
101.506        95.7457
99.9158        95.2273
98.6423        95.2273
98.9614        94.9984
98.2517        94.9984
97.5772          94.48
96.8488        94.4772
96.5304        94.4772
96.2654        94.4772
96.1173        93.8945
95.3404        93.3721
94.725        93.3691
94.8008        92.8467
94.5799        92.8467
94.2195        92.8467
94.1115        92.8467
93.6945        92.4252
93.6187        92.4252
93.7177        92.4252
92.943        92.4252
93.0104        92.3305
93.2523        91.6678
93.1199        91.5731
93.0872        91.1934
92.6598        91.1934
92.7693        91.1934
92.2317        90.7862
92.1326        90.4369
92.381        90.0297
91.5164        90.0242
91.0901         89.957
91.0574         89.528
90.7281         89.048
90.2671        89.0425
90.0437        89.0425
90.5383        88.6862
89.8559        88.5261
89.6055        88.1699
89.6002        87.9956
89.1237        81.5862
87.9862        81.5862
86.3434        81.5862
84.8729        81.5862
84.1543        81.5862
83.5834         81.358
83.2655        80.0928
82.4154        79.6778
82.387        79.6778
81.5168        79.6778
80.8795        79.6778
80.7441        79.2384
80.64        79.2384
80.3546        79.2384
80.4313        79.2384
80.3688        79.2018
80.3994        78.7624
80.8608        78.7624
80.3462        78.6815
79.5441        78.5721
79.6311        78.4912
79.5324        78.4912
79.164        78.4409
78.8179        78.2231
79.0862        78.1729
79.1715        78.1641
79.1757        77.9738
78.754        77.9738
79.1877        77.9738
78.6423        77.5098
78.573        77.3195
78.7739        77.3195
78.3687        77.3195
78.1084        77.3195
78.0893        77.3195
77.8017        77.3195
77.5371        77.3195
77.5275        77.3195
77.4965        77.3195
77.6709        77.1951
77.4026        77.1951
77.5106        77.1951
77.9349        76.8521
77.9852        76.8521
78.0393        76.8521
77.6526        76.8521
77.4615        76.2177
77.6715        76.0754
77.663        75.9535
77.0814        75.8112
76.8629        75.8112
77.0567        75.6442
76.5729        75.6442
76.5784        75.6442
77.1379        75.6442
76.4799        75.6442
76.2099        74.7007
75.9577        74.7007
75.9422        74.5004
75.5335        74.5004
75.391        74.5004
75.2421        74.5004
74.9835        74.5004
75.1894        74.5004
74.8892        74.5004
74.8158        74.5004
74.976        74.5004
74.881        74.5004
74.8998        74.5004
74.7342        74.5004
74.7535        71.3416
75.6731        71.3416
75.7356        71.1513
75.2552        71.1513
74.3297        71.1513
73.6939        71.1513
72.8804        71.1513
72.3484        71.1513
72.6067         71.024
72.8019         71.024
72.7547         71.024
72.6339         71.024
71.8645        70.4082
71.9127        70.4082
71.8771        70.4082
72.0094        70.4082
71.4051        70.4082
71.4333        70.4082
71.8555        70.4082
71.8397        70.4082
71.6822        70.4082
71.5213        70.4082
71.0431        70.4082
71.1103        70.4082
71.5839        70.4082
71.5178        70.4082
71.0213        70.4082
71.2041        70.4082
70.945        70.4082
70.9207        70.4082
71.0946        70.4082
70.7359        70.4082
71.0019        70.4082
71.538        70.4082
71.1635        70.3176
71.2297        70.2509
71.2659        70.1604
71.1725        70.1604
71.369        70.1604
71.8151        70.1604
71.4308        70.1604
70.6607        70.1604
71.2249        70.1604
70.8458        70.1604
71.1516        70.1604
71.2286        70.1604
71.1776        70.1604
71.0323        70.1604
71.6964        70.1604
70.9694        70.1604
70.9817        70.1604
70.5328        70.1604
70.5089        70.1604
70.402        70.1604
71.0953        70.1604
70.8517        70.1604
70.5344        70.1032
70.9948        70.1032
70.7191        70.1032
70.7284        70.1032
70.7994        70.0463
71.1788        70.0463
70.9667        70.0463
70.6605        70.0463
70.6098        70.0463
70.8495        70.0463
70.8847        69.7277
70.8294        69.7277
70.6779        69.7277
70.3682        69.7277
70.5255        69.7277
70.6761        69.7277
70.5443        69.7277
70.6962        69.7277
70.6071        69.7277
70.4453        69.7277
70.6416        69.7277
70.7379        69.7277
69.9751        69.7184
70.0618        69.7184
69.9796        69.7184
70.4511        69.7184
70.5264        69.7184
70.443        69.7184
70.5999        69.7119
70.6743        69.7119
70.7646        69.7119
70.6959        69.3779
71.1554        69.3714
70.888        69.3714
71.1022        69.2578
70.3498        69.2578
70.4458        69.2578
70.6961        69.2578
70.2111        69.2578
70.3365        69.2578
70.3618        69.2578
69.9863        69.2578
69.926        69.2578
70.0562        69.2578
69.6557        69.2578
69.643        69.2578
70.0774        69.2578
69.9924        69.2578
70.1157        69.2578
69.7227        69.2578
69.8866        69.2578
70.0307        69.2578
70.3431        69.2578
70.4925        69.2578
70.3577        69.2578
70.775        69.2578
70.1245        69.2578
69.8255        69.2578
69.9025        69.2578
69.8654        69.2578
69.9        69.2578
69.5634        69.0306
70.0562        69.0306
69.8676        69.0306
69.7509        69.0306
69.9913        69.0306
69.7811        69.0306
69.427        69.0306
69.5335        69.0306
69.5796        69.0306
69.557        69.0306
69.7914        69.0306
69.6611        69.0306
69.7092        69.0306
69.5966        69.0306
69.4486        69.0306
69.2598        69.0306
69.3918        69.0306
69.5585        69.0306
69.5182        69.0306
69.7673        69.0306
69.5107        69.0306
69.8857        69.0306
69.735        69.0306
69.6615        69.0306
69.3282        69.0306
69.3064        69.0306
69.6099        69.0306
69.5899        69.0306
69.8599        69.0306
70.0555        69.0306
69.5821        69.0306
69.5351        69.0306
69.934        69.0306
69.8024        69.0306
69.6531        69.0306
70.0298        69.0306
70.1201        69.0306
70.1819        69.0306
70.0266        69.0306
69.8446        69.0306
69.3793        69.0306
69.629        69.0306
69.5578        69.0306
69.7185        69.0306
69.6168        69.0306
69.3395        69.0306
69.1453        69.0306
69.5459        69.0306
69.4214        69.0306
69.5177        69.0306
69.804        69.0306
70.2266        69.0306
70.0903        69.0306
70.3908        69.0306
69.8889        69.0306
70.7603        69.0306
69.8446        69.0306
69.9877        69.0306
69.5284        69.0306
70.0851        69.0306
69.9911        69.0306
70.0114        69.0306
69.783        69.0306
70.1756        69.0306
69.6024        69.0306
69.6091        69.0306
69.6475        69.0306
69.8449        69.0306
69.6676        69.0306
69.6225        69.0306
69.7897        69.0306
69.6222        69.0306
69.7179        69.0306
69.5494        69.0306
69.567        69.0306
70.1567        69.0306
70.1773        69.0306
70.0058        69.0306
70.0406        69.0306
69.8866        69.0306
70.0372        69.0306
69.5746        69.0306
69.9637        69.0306
69.7844        69.0306
69.7606        69.0306
69.7237        69.0306
69.6447        69.0306
69.5518        69.0306
69.5584        69.0306
69.7725        69.0306
69.546        69.0306
69.7949        69.0306
69.715        69.0306
69.8666         67.742
69.9662         67.742
70.4233         67.742
70.2302         67.742
70.0898         67.742
69.0845         67.742
68.9595         67.742
68.8006         67.742
68.4658         67.742
68.6438         67.742
68.4917         67.742
68.7099         67.742
68.7265         67.742
68.8873         67.742
68.3464         67.742
68.6747         67.742
69.1973         67.742
68.9385         67.742
68.6124         67.742
68.7235         67.742
68.6701         67.742
68.305         67.742
68.5486        67.4474
68.1566        67.4474
68.4295        67.4474
68.2195        67.4474
68.1822        67.4474
67.7718        67.4474
68.0441        67.4474
68.1156        67.3293
68.1977        67.3293
69.0302        67.3293
69.4716        67.3293
68.7394        67.3293
68.0194        67.3293
68.2437        67.3293
68.4392        67.3293
68.175        67.3293
68.2203        67.3293
68.056        67.3293
67.8003        67.3293
67.821        67.3293
68.6021        67.3293
68.2415        67.3293
68.1808        67.3293
68.3349        67.3293
67.9809        67.2741
68.0484        67.2741
68.2539        67.2741
68.5481        67.2741
68.3927        67.2741
68.3944        67.1294
68.2478        67.1294
68.2218        67.1294
68.2064        67.1294
68.1062        67.1294
67.8343        67.1294
67.6978        66.9228
68.034        66.9228
67.6262        66.9228
67.5874        66.9228
67.7217        66.9228
67.976        66.9228
68.094        66.9228
68.2491        66.9228
68.5682        66.9228
68.4725        66.9228
68.0329        66.9228
67.9079        66.9228
67.6758        66.9228
68.3217        66.9228
68.4692        66.9228
68.4243        66.9228
67.9991        66.9228
68.0016        66.9228
68.0471        66.9228
67.8606        66.9228
67.8213        66.9228
67.894        66.9228
67.7926        66.9228
67.7082        66.9228
67.7105        66.9228
68.0315        66.9228
67.9458        66.9228
67.4087        66.9228
67.5602        66.9228
67.97        66.9228
67.3757        66.9228
67.6838        66.9228
67.2588        66.9228
67.2059        66.9228
67.2062        66.9228
67.3477        66.9228
67.6776        66.9228
67.5658        66.9228
67.6442        66.9228
67.2118        66.9228
67.5743        66.9228
67.4856        66.9228
67.5124        66.9228
67.623        66.9228
67.4204        66.9228
67.6836        66.9228
67.7742        66.9228
67.9148        66.9228
67.7541        66.9228
67.8438        66.9228
67.9752        66.9228
68.0328        66.9228
67.5199        66.9228
67.7685        66.9228
67.5369        66.9228
67.2759        66.9228
67.2495        66.9228
67.2434        66.9228
67.6312        66.9228
67.8555        66.9228
68.1781        66.9228
67.6966        66.9228
68.0455        66.9228
67.4653        66.9228
67.5437        66.9228
67.7162        66.9228
67.5836        66.9228
67.7125        66.9228
67.5391        66.9228
67.3202        66.9228
67.4561        66.9228
67.2188        66.9228
67.262        66.9228
67.5005        66.9228
67.4779        66.9228
67.3477        66.9228
67.0969        66.9228
67.1687        66.9228
67.1318        66.9228
67.1763        66.9228
67.2469        66.9228
67.706        66.9228
67.5362        66.9228
67.8922        66.9228
67.6889        66.9228
67.4688        66.9228
67.5536        66.9228
68.0152        66.9228
67.3375        66.9228
67.5735        66.9228
67.5021        66.9228
67.3889        66.9228
67.3533        66.9228
67.5287        66.9228
67.501        66.9228
67.4102        66.9228
67.5311        66.9228
67.2934        66.9228
67.8361        66.9228
67.6566        66.9228
67.8104        66.9228
67.4144        66.9228
68.0316        66.9228
67.5078        66.9228
67.6065        66.9228
67.6624        66.9228
67.8294        66.9228
68.0131        66.9228
67.4081        66.9228
67.6259        66.9228
67.9264        66.9228
67.7881        66.9228
68.3255        66.9228
67.8894        66.9228
67.4509        66.9228
67.4912        66.9228
67.4203        66.9228
67.492        66.9228
67.7062        66.9228
67.7434        66.9228
67.4937        66.9228
67.5076        66.9228
67.7042        66.9228
67.4513        66.9228
67.6016        66.9228
67.8104        66.9228
68.0363        66.9228
68.5135        66.9228
68.0629        66.9228
67.8559        66.9228
67.5128        66.9228
67.3215        66.9228
67.8013        66.9228
67.4192        66.9228
67.1083        66.9228
67.3897        66.9228
67.1371        66.9228
67.202        66.9228
67.661        66.9228
67.2308        66.9228
67.654        66.9228
67.8432        66.9228
67.5865        66.9228
67.675        66.9228
67.3077        66.9228
67.4045        66.9228
67.0679        66.9228
67.4743        66.9228
67.723        66.9228
67.6603        66.9228
67.316        66.9228
67.7489        66.9228
67.5561        66.9228
67.2779        66.9228
67.5902        66.9228
67.7139        66.9228
67.3449        66.9228
67.5017        66.9228
67.3725        66.9228
67.4431        66.9228
67.6602        66.9228
67.268        66.9228
67.0602        66.9228
67.1733        66.9228
67.4022        66.9228
67.4218        66.9228
67.3823        66.9228
67.6102        66.9228
67.6364        66.9228
67.3521        66.9228
67.3182        66.9228
67.4003        66.9228
67.3958        66.9228
67.463        66.9228
67.2412        66.9228
67.5355        66.9228
67.881        66.9228
68.1152        66.9228
68.1947        66.9228
67.5486        66.9228
67.486        66.9228
67.4206        66.9228
67.8094        66.9228
67.8473        66.9228
67.6726        66.9228
67.6039        66.9228
67.2878        66.9228
67.0849        66.9228
67.2798        66.9228
67.3746        66.9228
67.8939        66.9228
67.658        66.9228
67.4945        66.9228
67.7533        66.9228
67.6759        66.9228
67.424        66.9228
67.8737        66.9228
67.9219        66.9228
67.6034        66.9228
67.5014        66.9228
68.3481        66.9228
68.3377        66.9228
67.8769        66.9228
67.5144        66.9228
67.6429        66.9228
67.3774        66.9228
67.3598        66.9228
67.3857        66.9228
67.518        66.9228
67.5383        66.9228
67.5824        66.9228
67.6727        66.9228
67.4866        66.9228
67.9292        66.9228
67.9777        66.9228
67.7649        66.9228
67.5436        66.9228
67.6863        66.9228
67.8046        66.9228
68.1822        66.9228
68.2834        66.9228
68.3864        66.9228
67.5466        66.9228
67.3514        66.2213
67.731        66.2213
67.4744        66.2213
67.4813        66.2213
67.3626        66.2213
67.3614        66.2213
66.8172        66.2213
66.9923        66.2213
66.8862        66.2213
66.7476        66.2213
66.8275        66.2213
66.8712        66.2213
66.6852        66.2213
67.0611        66.2213
67.3675        66.2213
67.0163        66.2213
66.7851        66.2213
67.0418        66.2213
66.95        66.2213
66.6911        66.2213
66.8688        66.2213
67.2246        66.2213
67.268        66.2213
67.3304        66.2213
66.9089        66.2213
67.0313        66.2213
67.2291        66.2213
67.4135        66.2213
67.5321        66.2213
67.2155        66.2213
66.7985        66.2213
66.6738        66.2213
66.4708        66.2213
66.5027        66.2213
66.9041        66.2213
66.9452        66.2213
67.5524        66.2213
66.7621        66.2213
66.6829        66.2213
66.9812        66.2213
66.912        66.2213
66.7933        66.2213
66.8245        66.2213
66.7409        66.2213
66.6676        66.2213
66.9581        66.2213
67.2694        66.2213
67.0095        66.2213
67.161        66.2213
67.0825        66.2213
67.1577        66.2213
67.6802        66.2213
67.3539        66.2213
67.0794        66.2213
67.2626        66.2213
67.2645        66.2213
67.4449        66.2213
67.5842        66.2213
67.2746        66.2213
67.2444        66.2213
66.9019        66.2213
66.704        66.2213
66.4769        66.2213
66.3873        66.2213
66.7453        66.2213
67.3799        66.2213
67.0636        66.2213
67.2543        66.2213
67.2729        66.2213
67.0024        66.2213
67.3387        66.2213
66.9734        66.2213
66.7043        66.2213
66.9899        66.2213
66.9604        66.2213
66.8594        66.2213
66.9256        66.2213
66.8158        66.2213
66.9464        66.2213
66.6422        66.2213
66.7403        66.2213
67.3053        66.2213
67.4174        66.2213
67.3803        66.2213
66.7276        66.2213
66.9701        66.2213
67.3194        66.2213
68.0678        66.2213
66.8053        66.2213
67.0642        66.2213
66.6932        66.2213
67.0084        66.2213
66.661        66.2213
66.7028        66.2213
66.5406        66.2213
66.7599        66.2213
66.6184        66.2213
67.4735        66.2213
67.5705        66.2213
66.971        66.2213
67.0298        66.2213
67.1542        66.2213
66.6713        66.2213
66.6416        66.2213
66.672        66.2213
66.7645        66.2213
66.6592        66.2213
66.6679        66.2213
67.0208        66.2213
66.9395        66.2213
67.0286        66.2213
66.5401        66.2213
66.6984        66.2213
66.6119        66.2213
66.7897        66.2213
67.3268        66.2213
67.2635        66.2213
67.0285        66.2213
66.9284        66.2213
66.9463        66.2213
66.8497        66.2213
66.9211        66.2213
66.8973        66.2213
67.071        66.2213
67.3499        66.2213
66.9686        66.2213
66.5799        66.2213
66.7497        66.2213
67.1882        66.2213
67.1051        66.2213
67.0078        66.2213
67.1553        66.2213
66.855        66.2213
67.0484        66.2213
67.168        66.2213
66.9457        66.2213
66.8894        66.2213
66.8242        66.2213
67.2043        66.2213
66.9432        66.2213
67.4837        66.2213
67.0086        66.2213
66.6463        66.2213
66.9009        66.2213
67.1032        66.2213
67.0352        66.2213
66.8208        66.2213
67.26        66.2213
66.7042        66.2213
66.6754        66.2213
67.0522        66.2213
66.9045        66.2213
66.8233        66.2213
66.8768        66.2213
66.9595        66.2213
67.031        66.2213
67.315        66.2213
67.3691        66.2213
66.9716        66.2213
67.4015        66.2213
66.7388        66.2213
67.298        66.2213
67.1096        66.2213
67.0487        66.2213
66.9055        66.2213
66.7612        66.2213
67.158        66.2213
66.798        66.2213
66.6852        66.2213
66.6643        66.2213
66.721        66.2213
66.8647        66.2213
67.2462        66.2213
66.7935        66.2213
66.6429        66.2213
66.7869        66.2213
66.6231        66.2213
66.8571        66.2213
67.0572        66.2213
66.7428        66.2213
66.7117        66.2213
67.1157        66.2213
67.0635        66.2213
67.1092        66.2213
66.8499        66.2213
66.8966        66.2213
66.4644        66.2213
66.5256        66.2213
66.4378        66.2213
66.5101        66.2213
66.8438        66.2213
66.7926        66.2213
66.7408        66.2213
66.878        66.2213
66.3938        66.2213
66.5603        66.2213
66.9277        66.2213
66.7809        66.2213
66.9818        66.2213
67.2071        66.2213
67.1171        66.2213
66.8045        66.2213
67.0331        66.2213
67.1476        66.2213
67.4853        66.2213
66.9979        66.2213
66.7971        66.2213
66.6714        66.2213
66.793        66.2213
66.7881        66.2213
67.0355        66.1727
67.1992        66.1727
67.3736        66.1727
66.9839        66.1727
67.0651        66.1727
67.0617        66.1727
67.0449        66.1727
66.9889        66.1727
66.7665        66.1727
67.6079        66.1727
67.4322        66.1727
66.7423        66.1727
66.3498        66.1727
66.5248        66.1727
66.6153        66.1727
67.299        66.1727
67.06        66.1727
66.9493        66.1727
66.7471        66.1727
66.7881        66.1727
66.7655        66.1727
67.201        66.1727
67.041        66.1727
67.0521        66.1727
66.8359        66.1727
66.5042        66.1727
66.5947        66.1727
66.6417        66.1727
66.5681        66.1727
66.8935        66.1727
66.689        66.1727
66.663        66.1727
66.9951        66.1727
66.8641        66.1727
67.0024        66.1727
67.1122        66.1727
66.8365        66.1727
66.5108        66.1727
66.6206        66.1727
66.905        66.1727
66.7837        66.1727
66.8567        66.1727
67.1567        66.1727
66.9389        66.1727
66.9522        66.1727
66.8828        66.1727
66.6214        66.1727
66.6403        66.1727
66.9542        66.1727
66.8988        66.1727
66.4683        66.1727
66.6264        66.1727
66.5069        66.1727
66.61        66.1727
66.785        66.1727
66.6101        66.1727
66.7136        66.1727
66.9572        66.1727
66.6032        66.1727
67.0628        66.1727
66.9127        66.1727
66.9791        66.1727
66.7334        66.1727
66.8392        66.1727
66.7307        66.1727
66.5801        66.1727
66.5565        66.1727
66.7524        66.1727
66.6478        66.1727
66.7982        66.1727
66.7066        66.1727
66.8465        66.1727
66.4813        66.1727
66.3801        66.1727
66.5284        66.1727
66.5266        66.1727
66.591        66.1727
66.628        66.1727
66.9607        66.1727
66.7302        66.1727
66.8611        66.1727
66.9277        66.1727
67.4475        66.1727
67.2125        66.1727
67.1025        66.1727
66.7464        66.1727
66.7379        66.1727
66.5781        66.1727
66.6464        66.1727
66.6051        66.1727
66.6731        66.1727
66.5267        66.1727
66.4701        66.1727
67.1261        66.1727
67.0805        66.1727
66.9033        66.1727
66.6323        66.1727
66.454        66.1727
66.6341        66.1727
67.0593        66.1727
67.2317        66.1727
66.7813        66.1727
66.7219        66.1727
66.5844        66.1727
66.6993        66.1727
66.8596        66.1727
66.7643        66.1727
66.7987        66.1727
66.8891        66.1727
67.2559        66.1727
67.2109        66.1727
66.9794        66.1727
66.7637        66.1727
66.7733        66.1727
66.6367        66.1727
66.5769        66.1727
66.4182        66.1727
66.5752        66.1727
66.6922        66.1727
66.9734        66.1727
66.8061        66.1727
66.8442        66.1727
66.8581        66.1727
67.0387        66.1727
67.0153        66.1727
66.6188        66.1727
66.6542        66.1727
66.6288        66.1727
67.1276        66.1727
66.8575        66.1727
66.7029        66.1727
66.4443        66.1727
66.475        66.1727
66.9362        66.1727
66.726        66.1727
66.3912        66.1727
66.7611        66.1727
66.5831        66.1727
66.6979        66.1727
67.1106        66.1727
66.619        66.1727
66.7936        66.1727
66.7704        66.1727
66.8947        66.1727
66.5538        66.1727
66.5347        66.1727
66.9061        66.1727
66.6799        66.1727
66.5316        66.1727
66.8916        66.1727
66.7785        66.1727
67.1503        66.1727
66.7646        66.1727
66.6699        66.1727
66.7516        66.1727
66.8117        66.1727
66.9737        66.1727
66.658        66.1727
66.4406        66.1727
66.715        66.1727
66.7255        66.1727
67.034        66.1727
67.1293        66.1727
67.4571        66.1727
67.6435        66.1727
67.3001        66.1727
67.3182        66.1727
67.2393        66.1727
66.8863        66.1727
67.026        66.1727
66.723        66.1727
66.9121        66.1727
67.26        66.1727
67.1642        66.1727
66.711        66.1727
66.6812        66.1727
66.9052        66.1727
66.7933        66.1727
66.3619        66.1727
66.6775        66.1727
66.7329        66.1727
66.9192        66.1727
66.7363        66.1727
66.7866        66.1727
66.8016        66.1727
66.7271        66.1727
66.6459        66.1727
66.7977        66.1727
66.6097        66.1727
66.5774        66.1727
66.4986        66.1727
66.6732        66.1727
67.0593        66.1727
66.5        66.1727
66.5088        66.1727
66.8556        66.1727
66.7964        66.1727
67.0853        66.1727
67.5416        66.1727
66.9578        66.1727
66.7589        66.1727
67.2405        66.1727
67.3719        66.1727
66.9686        66.1727
67.1518        66.1727
67.0292        66.1727
66.8499        66.1727
66.7957        66.1727
66.3358        66.1727
66.4837        66.1727
66.8563        66.1727
66.397        66.1727
66.3204        66.1727
66.671        66.1727
66.7528        66.1727
66.6679        66.1727
66.444        66.1727
66.5617        66.1727
66.7375        66.1727
66.3159        66.1727
66.9143        66.1727
66.6501        66.1727
67.2647        66.1727
66.9141        66.1727
66.7441        66.1727
66.993        66.1727
66.7663        66.1727
67.1175        66.1727
67.5925        66.1727
67.4502        66.1727
67.0972        66.1727
66.8912        66.1727
66.9829        66.1727
66.9606        66.1727
67.1        66.1727
67.1698        66.1727
66.7609        66.1727
66.6529        66.1727
66.8524        66.1727
66.9311        66.1727
66.6781        66.1727
66.5801        66.1727
66.8803        66.1727
67.4234        66.1727
66.9482        66.1727
66.6287        66.1727
66.538        66.1727
66.5212        66.1727
67.5042        66.1727
68.0219        66.1727
67.5897        66.1727
67.3865        66.1727
67.2955        66.1727
67.5335        66.1727
67.4686        66.1727
67.3346        66.1727
67.2012        66.1727
67.1874        66.1727
67.0669        66.1727
66.9048        66.1727
66.8431        66.1727
66.8606        66.1727
66.7932        66.1727
66.914        66.1727
66.7981        66.1727
66.8088        66.1727
66.4862        66.1727
66.8084        66.1727
66.5722        66.1727
66.7668        66.1727
66.4393        66.1727
66.7413        66.1727
66.7427        66.1727
67.0758        66.1727
66.9005        66.1727
67.0996        66.1727
67.5927        66.1727
67.2297        66.1727
66.8273        66.1727
66.9651        66.1727
66.8401        65.9932
67.109        65.9932
67.0903        65.9282
67.0512        65.9282
67.4787        65.9282
67.3836        65.8388
66.8782        65.8388
66.6229        65.8388
66.8546        65.8388
66.838        65.8388
66.7332        65.8388
66.6221        65.8388
66.9217        65.8388
66.7644        65.8388
66.7289        65.8388
66.452        65.8388
66.1945        65.8388
66.4809        65.8388
67.0088        65.8388
66.5493        65.8388
66.2975        65.8388
66.6111        65.8388
66.5377        65.8388
66.9334        65.8388
67.1073        65.8388
66.6976        65.8388
66.4484        65.8388
66.5228        65.8388
66.8647        65.8388
66.6312        65.8388
66.7078        65.8388
66.6211        65.8388
66.5814        65.8388
67.3097        65.8388
67.2853        65.8388
66.7249        65.8388
66.4337        65.8388
66.5126        65.8388
66.5808        65.8388
66.6144        65.8388
66.1136        65.8388
66.4971        65.8388
66.4327        65.8388
66.8595        65.8388
66.9905        65.8388
66.5156        65.8388
66.5562        65.8388
66.2006        65.8388
66.3475        65.8388
66.5708        65.8388
66.3506        65.8388
66.5353        65.8388
66.414        65.8388
66.3567        65.8388
66.4805        65.8388
66.5407        65.8388
66.4418        65.8388
66.685        65.8388
66.9021        65.8388
66.9329        65.8388
66.7371        65.8388
66.5732        65.8388
66.2038        65.8388
66.388        65.8388
66.5739        65.8388
66.4467        65.8388
66.4268        65.8388
66.876        65.8388
66.4391        65.8388
66.632        65.8388
66.5261        65.8388
66.7164        65.8388
66.5834        65.8388
66.8031        65.8388
66.0611        65.8388
66.361        65.8388
66.3091        65.8388
66.153        65.8388
66.3501        65.8388
66.7647        65.8388
66.2235        65.8388
66.2986        65.8388
66.1826        65.8388
66.4046        65.8388
66.8238        65.8388
66.5138        65.8388
66.571        65.8388
66.4758        65.8388
66.6747        65.8388
66.2809        65.8388
66.1816        65.8388
66.3342        65.8388
66.5055        65.8388
66.764        65.8388
66.7217        65.8388
66.5133        65.8388
66.6316        65.8388
66.6725        65.8388
66.4115        65.8388
66.596        65.8388
66.71        65.8388
66.5944        65.8388
66.2018        65.8388
66.4654        65.8388
66.3269        65.8388
66.4948        65.8388
66.4401        65.8388
66.6973        65.8388
66.4451        65.8388
66.3646        65.8388
66.5789        65.8388
66.7782        65.8388
67.2188        65.8388
66.8117        65.8388
66.5296        65.8388
66.2695        65.8388
66.3624        65.8388
66.5318        65.8388
66.9242        65.8388
66.9006        65.8388
66.566        65.8388
66.2734        65.8388
66.356        65.8388
66.5505        65.8388
66.751        65.8388
66.7324        65.8388
66.6653        65.8388
66.5648        65.8388
66.3774        65.8388
66.7052        65.8388
66.6181        65.8388
66.7742        65.8388
66.92        65.8388
66.5292        65.8388
66.4975        65.8388
66.6465        65.8388
66.814        65.8388
66.3908        65.8388
66.3259        65.8388
66.2453        65.8388
66.1288        65.8388
65.9638        65.8388
65.9397        65.8388
66.0948        65.8388
66.3534        65.8388
66.9161        65.8388
67.0582        65.8388
67.137        65.8388
66.482        65.8388
66.6728        65.8388
66.4746        65.8388
66.2994        65.8388
66.2053        65.8388
66.48        65.8388
66.1442        65.8388
66.1116        65.8388
66.3972        65.8388
66.5978        65.8388
66.7636        65.8388
67.0635        65.8388
66.887        65.8388
66.7262        65.8388
67.141        65.8388
66.8524        65.8388
66.9079        65.8388
66.8274        65.8388
66.707        65.8388
66.6863        65.8388
66.9051        65.8388
67.091        65.8388
66.6973        65.8388
66.4282        65.8388
66.7373        65.8388
66.4609        65.8388
66.8542        65.8388
67.0048        65.8388
67.0472        65.8388
66.8916        65.8388
66.4811        65.8388
66.5613        65.8388
66.9555        65.8388
66.8247        65.8388
66.2509        65.8388
66.2258        65.8388
67.1875        65.8388
66.8979        65.8388
67.0243        65.8388
66.878        65.8388
66.556        65.8388
66.2159        65.8388
66.3181        65.8388
66.3811        65.8388
66.7186        65.8388
67.1147        65.8388
67.2692        65.8388
66.7352        65.8388
66.8455        65.8388
66.1554        65.8388
66.4111        65.8388
66.5301        65.8388
66.3433        65.8388
66.4463        65.8388
66.2427        65.8388
66.2341        65.8388
66.6272        65.8388
66.4307        65.8388
66.2225        65.8388
66.5493        65.8388
66.6351        65.8388
66.7067        65.8388
66.5725        65.8388
66.3299        65.8388
66.3018        65.8388
66.388        65.8388
66.4021        65.8388
66.2272        65.8388
66.2041        65.8388
66.6921        65.8388
66.3857        65.8388
66.4258        65.8388
66.2972        65.8388
66.9493        65.8388
67.1702        65.8388
66.5251        65.8388
66.7276        65.8388
66.6795        65.8388
66.3436        65.8388
66.3884        65.8388
66.8743        65.8388
66.7756        65.8388
66.9029        65.8388
66.5626        65.8388
66.6547        65.8388
66.4914        65.8388
66.6641        65.8388
66.729        65.8388
66.6197        65.8388
66.6295        65.8388
66.5676        65.8388
66.7135        65.8388
66.4234        65.8388
66.6301        65.8388
66.5582        65.8388
66.5583        65.8388
66.31        65.8388
66.447        65.8388
66.5725        65.8388
66.6276        65.8388
66.483        65.8388
66.7665        65.8388
66.5387        65.8388
66.5808        65.8388
66.6844        65.8388
66.5929        65.8388
66.73        65.8388
66.8053        65.8388
67.1131        65.8388
66.2239        65.8388
66.5431        65.8388
66.9641        65.8388
66.6257        65.8388
66.2201        65.8388
66.3021        65.8388
66.8532        65.8388
66.7595        65.8388
66.7875        65.8388
66.4958        65.8388
66.7112        65.8388
66.7259        65.8388
66.7306        65.8388
66.8539        65.8388
66.3794        65.8388
66.6271        65.8388
66.4049        65.8388
66.4345        65.8388
66.2006        65.8388
66.5031        65.8388
66.7774        65.8388
66.8051        65.8388
66.7105        65.8388
66.9312        65.8388
66.7799        65.8388
67.0608        65.8388
67.1534        65.8388
66.9519        65.8388
67.0884        65.8388
67.3124        65.8388
66.7934        65.8388
67.4703        65.8388
66.8124        65.8388
66.6275        65.8388
66.229        65.8388
66.3263        65.8388
66.5145        65.8388
66.4677        65.8388
66.2006        65.8388
66.2166        65.8388
66.3408        65.8388
66.3711        65.8388
66.5458        65.8388
66.5671        65.8388
66.4755        65.8388
66.4758        65.8388
66.334        65.8388
66.5915        65.8388
66.7864        65.8388
66.6824        65.8388
66.5208        65.8388
66.308        65.8388
66.1696        65.8388
66.2201        65.8388
66.3283        65.8388
66.5451        65.8388
67.0327        65.8388
66.3954        65.8388
66.2536        65.8388
66.4936        65.8388
66.2095        65.8388
66.4368        65.8388
66.0952        65.8388
66.3411        65.8388
66.012        65.8388
66.0039        65.8388
66.1871        65.8388
66.0589        65.8388
66.2676        65.8388
66.5909        65.8388
66.4475        65.8388
66.6957        65.8388
66.0747        65.8388
65.9105        65.8388
65.9105        65.8388
66.2067        65.8388
66.4819        65.8388
65.9579        65.8388
66.3031        65.8388
66.0708        65.8388
66.019        65.8388
66.2276        65.8388
66.6589        65.8388
66.7058        65.8388
66.2263        65.8388
66.3921        65.8388
66.3038        65.8388
66.2096        65.8388
66.2033        65.8388
66.6409        65.8388
66.7658        65.8388
66.9798        65.8388
66.6665        65.8388
66.7937        65.2157
66.5982        65.2157
66.6213        65.2157
66.2938        65.2157
65.8917        65.2157
66.4996        65.2157
66.3961        65.2157
65.914        65.2157
65.7148        65.2157
65.5379        65.2157
65.8056        65.2157
65.7844        65.2157
65.6827        65.2157
66.243        65.2157
65.8764        65.2157
65.6461        65.2157
66.1615        65.2157
66.3773        65.2157
66.2585        65.2157
66.5384        65.2157
66.0843        65.2157
66.0897        65.2157
65.8108        65.2157
65.4524        65.2157
65.771        65.2157
65.4741        65.2157
65.794        65.2157
65.9048        65.2157
65.4255        65.2157
65.6289        65.2157
66.2297        65.2157
66.1888        65.2157
66.3277        65.2157
65.6896        65.2157
65.885        65.2157
65.518        65.2157
65.8886        65.2157
65.5353        65.2157
65.9462        65.2157
65.9056        65.2157
65.9759        65.2157
65.7756        65.2157
66.0195        65.2157
65.8462        65.2157
66.4043        65.2157
66.2077        65.2157
65.7964        65.2157
65.7908        65.2157
65.6055        65.2157
65.7476        65.2157
65.4667        65.2157
65.7717        65.2157
65.6707        65.2157
65.6738        65.2157
65.5619        65.2157
65.8581        65.2157
65.8792        65.2157
65.8208        65.2157
65.6729        65.2157
65.6858        65.2157
65.4378        65.2157
65.8787        65.2157
65.9487        65.2157
66.1047        65.2157
65.8553        65.2157
65.8753        65.2157
65.7783        65.2157
65.7084        65.2157
65.7718        65.2157
65.8468        65.2157
65.8201        65.2157
65.8661        65.2157
65.6605        65.2157
65.9966        65.2157
65.7665        65.2157
65.5863        65.2157
65.9786        65.2157
65.7394        65.2157
65.8767        65.2157
66.0285        65.2157
65.9523        65.2157
65.6268        65.2157
65.5219        65.2157
65.6277        65.2157
65.5931        65.2157
65.7812        65.2157
65.9781        65.2157
66.0681        65.2157
65.7115        65.2157
66.131        65.2157
66.1967        65.2157
65.8831        65.2157
65.6791        65.2157
65.5196        65.2157
66.2882        65.2157
65.9395        65.2157
66.2226        65.2157
65.9506        65.2157
66.4323        65.2157
66.2096        65.2157
66.4598        65.2157
66.1721        65.2157
65.7538        65.2157
66.0528        65.2157
66.2794        65.2157
65.9014        65.2157
66.1624        65.2157
66.123        65.2157
66.0245        65.2157
65.8641        65.2157
65.7943        65.2157
65.8151        65.2157
66.2574        65.2157
65.9795        65.2157
65.7524        65.2157
65.9542        65.2157
65.6618        65.2157
65.5147        65.2157
65.4001        65.2157
65.7866        65.2157
65.7704        65.2157
65.5349        65.2157
65.4456        65.2157
65.6486        65.2157
65.6436        65.2157
65.9859        65.2157
65.8332        65.2157
65.6314        65.2157
65.3422        65.2157
65.5969        65.2157
66.4423        65.2157
66.0948        65.2157
66.2718        65.2157
66.2399        65.2157
66.037        65.2157
66.0337        65.2157
65.8977        65.2157
66.401        65.2157
66.0853        65.2157
66.3743        65.2157
66.036        65.2157
65.721        65.2157
65.4362        65.2157
65.6148        65.2157
65.7766        65.2157
65.6288        65.2157
65.647        65.2157
65.4202        65.2157
65.6745        65.2157
65.4835        65.2157
65.6617        65.2157
65.6827        65.2157
65.8071        65.2157
65.9785        65.2157
66.1048        65.2157
66.4234        65.2157
66.8143        65.2157
66.2372        65.2157
65.8847        65.2157
65.822        65.2157
65.7248        65.2157
65.6682        65.2157
65.7354        65.2157
66.1094        65.2157
66.097        65.2157
66.0066        65.2157
66.0321        65.2157
65.7315        65.2157
65.9416        65.2157
66.1705        65.2157
65.9844        65.2157
65.8369        65.2157
65.4589        65.2157
65.7561        65.2157
65.721        65.2157
65.6911        65.2157
66.045        65.2157
65.9789        65.2157
65.6788        65.2157
66.0705        65.2157
65.9129        65.2157
65.653        65.2157
65.7107        65.2157
66.4279        65.2157
66.3673        65.2157
66.275        65.2157
66.3051        65.2157
65.6869        65.2157
65.5245        65.2157
65.6651        65.2157
65.8447        65.2157
65.7324        65.2157
65.8048        65.2157
66.1174        65.2157
65.8913        65.2157
65.4719        65.2157
65.7289        65.2157
65.5889        65.2157
65.4604        65.2157
66.2825        65.2157
66.3015        65.2157
65.9411        65.2157
65.7005        65.2157
66.0802        65.2157
65.9835        65.2157
65.8119        65.2157
65.6742        65.2157
66.1034        65.2157
65.9352        65.2157
65.6913        65.2157
65.6992        65.2157
66.0249        65.2157
65.309        65.2157
65.3744        65.2157
65.74        65.2157
66.1058        65.2157
65.7297        65.2157
66.1771        65.2157
66.2399        65.2157
66.0565        65.2157
65.9216        65.2157
65.8939        65.2157
65.903        65.2157
65.9785        65.2157
65.7313        65.2157
65.6078        65.2157
65.6364        65.2157
66.1182        65.2157
66.3404        65.2157
66.1184        65.2157
66.0391        65.2157
65.7552        65.2157
65.4944        65.2157
65.5802        65.2157
65.6523        65.2157
65.6917        65.2157
65.9493        65.2157
65.7072        65.2157
65.5757        65.2157
65.9364        65.2157
65.9987        65.2157
66.273        65.2157
66.3921        65.2157
66.3879        65.2157
66.0697        65.2157
65.9698        65.2157
66.0868        65.2157
66.0069        65.2157
65.9482        65.2157
65.9        65.2157
65.8094        65.2157
65.9891        65.2157
66.0123        65.2157
65.943        65.2157
66.1704        65.2157
65.7019        65.2157
65.9633        65.2157
65.9661        65.2157
65.8995        65.2157
65.7119        65.2157
65.9876        65.2157
66.0421        65.2157
66.1494        65.2157
66.1583        65.2157
65.7958        65.2157
65.7272        65.2157
65.845        65.2157
66.0065        65.2157
66.1376        65.2157
65.9149        65.2157
65.9541        65.2157
66.3752        65.2157
66.4009        65.2157
66.3187        65.2157
66.0896        65.2157
65.6039        65.2157
65.5771        65.2157
65.9048        65.2157
66.0712        65.2157
66.2968        65.2157
65.8363        65.2157
65.5682        65.2157
66.0899        65.2157
65.8035        65.2157
66.2311        65.2157
66.225        65.2157
65.5546        65.2157
65.6523        65.2157
66.4206        65.2157
65.9535        65.2157
65.7949        65.2157
66.0633        65.2157
66.1075        65.2157
65.922        65.2157
65.8241        65.2157
65.8797        65.2157
66.0801        65.2157
66.0132        65.2157
65.8617        65.2157
65.6837        65.2157
66.0763        65.2157
66.1303        65.2157
65.6887        65.2157
65.8879        65.2157
65.9819        65.2157
65.7814        65.2157
66.0001        65.2157
66.2621        65.2157
66.3123        65.2157
66.0353        65.2157
65.8647        65.2157
65.5437        65.2157
65.7352        65.2157
65.8618        65.2157
65.7297        65.2157
65.9971        65.2157
65.8339        65.2157
65.6259        65.2157
65.7707        65.2157
65.8808        65.2157
65.5092        65.2157
65.3571        65.2157
65.7455        65.2157
65.479        65.2157
65.7385        65.2157
66.1751        65.2157
66.47        65.2157
66.2633        65.2157
65.6132        65.2157
65.612        65.2157
65.5647        65.2157
65.5659        65.2157
65.5894        65.2157
65.7292        65.2157
65.7027        65.2157
65.6038        65.2157
65.9572        65.2157
65.7103        65.2157
65.5547        65.2157
65.7838        65.2157
65.8175        65.2157
65.8634        65.2157
66.1662        65.2157
65.9031        65.2157
65.837        65.2157
65.7269        65.2157
65.7989        65.2157
65.4721        65.2157
65.8493        65.2157
66.0983        65.2157
65.9795        65.2157
66.4839        65.2157
66.3694        65.2157
65.8994        65.2157
66.2561        65.2157
65.919        65.2157
65.6509        65.2157
65.8499        65.2157
65.8143        65.2157
65.5884        65.2157
65.442        65.2157
65.4451        65.2157
65.592        65.2157
65.5752        65.2157
65.4294        65.2157
65.3935        65.2157
65.9046        65.2157
65.5816        65.2157
66.0053        65.2157
65.8425        65.2157
66.013        65.2157
65.8838        65.2157
65.6595        65.2157
65.6626        65.2157
65.7029        65.2157
65.5795        65.2157
65.9578        65.2157
66.0983        65.2157
66.3475        65.2157
66.0678        65.2157
66.2562        65.2157
65.8705        65.2157
66.7421        65.2157
66.5543        65.2157
66.1829        65.2157
65.6893        65.2157
65.8771        65.2157
65.961        65.2157
66.1607        65.2157
66.4212        65.2157
65.9932        65.2157
65.8326        65.2157
65.8745        65.2157
65.6861        65.2157
65.8325        65.2157
65.8262        65.2157
65.9112        65.2157
65.8093        65.2157
66.1329        65.2157
66.1078        65.2157
65.6392        65.2157
65.7256        65.2157
65.7386        65.2157
65.8496        65.2157
65.9263        65.2157
65.5894        65.2157
66.0237        65.2157
66.1883        65.2157
65.9996        65.2157
65.7512        65.2157
65.7985        65.2157
65.9157        65.2157
65.4247        65.2157
65.412        65.2157
65.4503        65.2157
65.8525        65.2157
65.8166        65.2157
66.0381        65.2157
66.2457        65.2157
65.9177        65.2157
65.6858        65.2157
65.7269        65.2157
66.1091        65.2157
65.9768        65.2157
66.1415        65.2157
66.8017        65.2157
66.232        65.2157
66.1601        65.2157
66.0315        65.2157
66.3612        65.2157
66.589        65.2157
66.3289        65.2157
65.8822        65.2157
66.2718        65.2157
66.2935        65.2157
66.0487        65.2157
65.9609        65.2157
65.695        65.2157
65.7584        65.2157
65.4814        65.2157
65.8074        65.2157
66.037        65.2157
65.8714        65.2157
65.6815        65.2157
65.9092        65.2157
65.7617        65.2157
65.9158        65.2157
65.8562        65.2157
66.2436        65.2157
66.0043        65.2157
65.8568        65.2157
65.9853        65.2157
65.9077        65.2157
65.9556        65.2157
66.1397        65.2157
66.0973        65.2157
65.8808        65.2157
65.7418        65.2157
65.8375        65.2157
65.6152        65.2157
65.6955        65.2157
66.0313        65.2157
65.8522        65.2157
65.8445        65.2157
66.091        65.2157
66.0587        65.2157
66.137        65.2157
66.1463        65.2157
65.8807        65.2157
65.8053        65.2157
66.051        65.2157
65.7577        65.2157
65.4666        65.2157
65.6306        65.2157
65.6903        65.2157
65.7739        65.2157
65.6185        65.2157
65.6471        65.2157
65.6903        65.2157
65.691        65.2157
66.1264        65.2157
66.643        65.2157
65.875        65.2157
65.5612        65.2157
66.0222        65.2157
65.9111        65.2157
66.4025        65.2157
66.2978        65.2157
66.0557        65.2157
65.924        65.2157
65.6678        65.2157
65.8945        65.2157
65.6833        65.2157
65.6486        65.2157
65.8752        65.2157
66.2853        65.2157
66.0452        65.2157
65.9841        65.2157
65.7134        65.2157
66.0643        65.2157
66.166        65.2157
66.1827        65.2157
66.2886        65.2157
65.9533        65.2157
66.0653        65.2157
65.7407        65.2157
65.9173        65.2157
66.2234        65.2157
65.8724        65.2157
65.781        65.2157
65.5497        65.2157
65.793        65.2157
65.8585        65.2157
65.793        65.2157
65.7987        65.2157
65.8654        65.2157
66.0818        65.2157
66.0817        65.2157
65.8659        65.2157
66.3685        65.2157
66.0366        65.2157
66.0381        65.2157
66.1263        65.2157
65.9698        65.2157
66.2448        65.2157
66.5275        65.2157
66.4888        65.2157
66.1469        65.2157
66.3977        65.2157
66.1422        65.2157
65.8515        65.2157
65.9483        65.2157
65.6809        65.2157
66.1266        65.2157
66.1452        65.2157
66.3717        65.2157
66.1171        65.2157
65.8225        65.2157
66.2799        65.2157
66.039        65.2157
66.1623        65.2157
65.8713        65.2157
65.9926        65.2157
65.9707        65.2157
66.1648        65.2157
66.0583        65.2157
66.0658        65.2157
65.991        65.2157
65.9765        65.2157
66.0593        65.2157
65.9748        65.2157
65.6681        65.2157
65.646        65.2157
66.0999        65.2157
66.4598        65.2157
66.0642        65.2157
66.3893        65.2157
66.4268        65.2157
65.9864        65.2157
65.9403        65.2157
66.1827        65.2157
66.2734        65.2157
66.3546        65.2157
66.0542        65.2157
65.6538        65.2157
65.8417        65.2157
65.707        65.2157
65.7821        65.2157
65.8806        65.2157
65.6922        65.2157
66.0975        65.2157
65.9143        65.2157
65.7395        65.2157
65.4644        65.2157
65.5701        65.2157
65.7574        65.2157
65.609        65.2157
65.9586        65.2157
66.1762        65.2157
66.5012        65.2157
66.0873        65.2157
66.2314        65.2157
65.8273        65.2157
65.9076        65.2157
65.7831        65.2157
66.0908        65.2157
65.886        65.2157
65.9267        65.2157
65.9036        65.2157
65.9503        65.2157
65.7331        65.2157
65.7927        65.2157
65.4011        65.2157
65.9606        65.2157
66.1587        65.2157
66.157        65.2157
66.1757        65.2157
65.9889        65.2157
66.3541        65.2157
65.8977        65.2157
65.5761        65.2157
65.747        65.2157
65.615        65.2157
65.719        65.2157
65.758        65.2157
65.802        65.2157
66.0277        65.2157
66.3821        65.2157
66.1064        65.2157
65.7135        65.2157
65.4899        65.2157
65.702        65.2157
65.9264        65.2157
65.7968        65.2157
66.2158        65.2157
65.7744        65.2157
65.9805        65.2157
65.8353        65.2157
66.028        65.2157
65.8862        65.2157
65.7113        65.2157
65.851        65.2157
65.5913        65.2157
65.3296        65.2157
65.7164        65.2157
65.7108        65.2157
66.3708        65.2157
66.306        65.2157
66.0467        65.2157
66.1354        65.2157
65.7715        65.2157
66.0083        65.2157
66.6347        65.2157
66.7985        65.2157
67.0444        65.2157
66.7008        65.2157
66.2933        65.2157
66.0752        65.2157
65.5889        65.2157
65.7505        65.2157
65.9983        65.2157
66.7499        65.2157
66.7029        65.2157
66.128        65.2157
65.9961        65.2157
65.6609        65.2157
65.6095        65.2157
65.733        65.2157
65.8637        65.2157
66.0271        65.2157
66.3317        65.2157
66.0614        65.2157
66.4664        65.2157
65.9601        65.2157
65.8361        65.2157
65.8371        65.2157
65.9464        65.2157
65.7428        65.2157
65.8001        65.2157
65.7819        65.2157
65.507        65.2157
65.4756        65.2157
65.8878        65.2157
65.9855        65.2157
66.1937        65.2157
66.0921        65.2157
66.0206        65.2157
66.1604        65.2157
65.8426        65.2157
65.8725        65.2157
66.1357        65.2157
65.9074        65.2157
65.7827        65.2157
66.0188        65.2157
65.864        65.2157
65.7868        65.2157
65.9115        65.2157
65.9792        65.2157
65.9206        65.2157
66.1857        65.2157
66.6366        65.2157
66.3739        65.2157
66.3019        65.2157
66.0165        65.2157
66.0544        65.2157
65.8125        65.2157
65.7807        65.2157
65.7536        65.2157
65.6267        65.2157
65.4868        65.2157
65.6455        65.2157
65.6435        65.2157
65.8193        65.2157
66.0066        65.2157
66.2489        65.2157
65.8474        65.2157
65.9725        65.2157
65.9689        65.2157
65.539        65.2157
65.6778        65.2157
65.6485        65.2157
65.8        65.2157
65.8976        65.2157
66.0309        65.2157
65.7469        65.2157
66.1109        65.2157
65.9002        65.2157
65.9145        65.2157
65.8923        65.2157
65.6255        65.2157
65.7904        65.2157
66.0204        65.2157
65.7388        65.2157
66.0158        65.2157
66.0362        65.2157
65.9833        65.2157
65.6144        65.2157
66.023        65.2157
65.6859        65.2157
66.07        65.2157
66.1653        65.2157
65.9053        65.2157
65.9366        65.2157
65.9128        65.2157
65.8148        65.2157
65.9967        65.2157
66.3611        65.2157
66.1511        65.2157
65.7733        65.2157
65.9756        65.2157
66.2138        65.2157
66.2267        65.2157
66.0823        65.2157
65.705        65.2157
65.7898        65.2157
66.2111        65.2157
65.767        65.2157
65.4384        65.2157
65.8308        65.2157
65.8599        65.2157
65.9375        65.2157
65.8278        65.2157
65.9681        65.2157
65.7838        65.2157
66.4632        65.2157
65.6334        65.2157
65.8928        65.2157
65.9467        65.2157
66.0119        65.2157
66.2673        65.2157
65.8306        65.2157
66.032        65.2157
65.8228        65.2157
66.1502        65.2157
66.4435        65.2157
66.0428        65.2157
65.8812        65.2157
65.9749        65.2157
66.0802        65.2157
66.3352        65.2157
66.1626        65.2157
66.1595        65.2157
65.9792        65.2157
65.8242        65.2157
65.7934        65.2157
65.761        65.2157
66.1152        65.2157
65.9146        65.2157
65.8151        65.2157
65.8051        65.2157
65.7825        65.2157
66.1089        65.2157
66.1931        65.2157
65.8894        65.2157
65.8265        65.2157
65.9474        65.2157
65.6205        65.2157
65.6057        65.2157
65.6098        65.2157
65.5768        65.2157
65.7188        65.2157
65.8678        65.2157
65.8968        65.2157
66.189        65.2157
65.7463        65.2157
65.6713        65.2157
65.5686        65.2157
66.1459        65.2157
66.0066        65.2157
65.63        65.2157
65.8267        65.2157
65.5929        65.2157
65.5702        65.2157
65.7125        65.2157
65.7222        65.2157
66.0241        65.2157
65.9549        65.2157
66.2181        65.2157
66.0183        65.2157
66.1082        65.2157
66.3836        65.2157
66.101        65.2157
66.2234        65.2157
66.2078        65.2157
65.8463        65.2157
65.4562        65.2157
65.7209        65.2157
65.8416        65.2157
65.8893        65.2157
66.0741        65.2157
65.8718        65.2157
65.8876        65.2157
65.8328        65.2157
65.8103        65.2157
66.1907        65.2157
65.9038        65.2157
65.8454        65.2157
65.8175        65.2157
66.2134        65.2157
66.3774        65.2157
66.3664        65.2157
66.2931        65.2157
65.7223        65.2157
65.7826        65.2157
65.6512        65.2157
65.7998        65.2157
66.2152        65.2157
65.6958        65.2157
65.5333        65.2157
65.3657        65.2157
65.7343        65.2157
65.909        65.2157
66.5301        65.2157
66.2585        65.2157
65.8831        65.2157
66.0565        65.2157
66.1947        65.2157
66.0716        65.2157
66.1456        65.2157
66.4118        65.2157
65.7888        65.2157
65.6347        65.2157
65.8339        65.2157
65.7631        65.2157
66.0776        65.2157
66.11        65.2157
66.2573        65.2157
65.818        65.2157
66.16        65.2157
65.6556        65.2157
65.4352        65.2157
65.5231        65.2157
65.9648        65.2157
65.7512        65.2157
65.7549        65.2157
66.1052        65.2157
65.9661        65.2157
66.1539        65.2157
65.8323        65.2157
65.6589        65.2157
65.8963        65.2157
65.8216        65.2157
65.8779        65.2157
65.4917        65.2157
65.5053        65.2157
66.0425        65.2157
66.2188        65.2157
66.2813        65.2157
66.337        65.2157
65.6928        65.2157
65.9202        65.2157
65.6575        65.2157
65.7046        65.2157
66.115        65.2157
65.8578        65.2157
66.0968        65.2157
65.907        65.2157
65.8425        65.2157
65.7007        65.2157
65.8419        65.2157
65.9389        65.2157
66.0804        65.2157
66.2294        65.2157
65.8345        65.2157
66.2878        65.2157
66.2744        65.2157
65.7438        65.2157
65.5307        65.2157
65.9572        65.2157
65.314        65.2157
65.6181        65.2157
65.7814        65.2157
65.6254        65.2157
65.6331        65.2157
65.7629        65.2157
65.6229        65.2157
65.9731        65.2157
65.9503        65.2157
66.0908        65.2157
66.3568        65.2157
66.1541        65.2157
66.3349        65.2157
66.009        65.2157
65.7683        65.2157
65.8973        65.2157
66.1361        65.2157
66.3862        65.2157
66.2026        65.2157
65.9644        65.2157
66.0697        65.2157
66.3266        65.2157
66.0511        65.2157
65.711        65.2157
65.7038        65.2157
65.8686        65.2157
65.9409        65.2157
65.95        65.2157
65.9194        65.2157
65.8068        65.2157
66.0039        65.2157
66.0995        65.2157
65.615        65.2157
66.1544        65.2157
65.7358        65.2157
65.659        65.2157
65.5722        65.2157
65.7641        65.2157
65.615        65.2157
66.1894        65.2157
66.1071        65.2157
66.0175        65.2157
66.1765        65.2157
65.6718        65.2157
65.8751        65.2157
66.2098        65.2157
65.8755        65.2157
65.6456        65.2157
66.022        65.2157
65.4427        65.2157
65.6659        65.2157
65.7354        65.2157
65.8529        65.2157
66.1502        65.2157
66.52        65.2157
66.0102        65.2157
66.6849        65.2157
65.6594        65.2157
65.5994        65.2157
65.9969        65.2157
65.906        65.2157
66.0827        65.2157
66.2476        65.2157
65.7654        65.2157
65.8151        65.2157
66.0709        65.2157
66.1551        65.2157
65.8584        65.2157
66.3569        65.2157
65.9027        65.2157
65.7092        65.2157
65.7874        65.2157
66.1971        65.2157
66.2877        65.2157
65.7778        65.2157
65.631        65.2157
65.7819        65.2157
66.1987        65.2157
66.0218        65.2157
66.2659        65.2157
65.6373        65.2157
65.612        65.2157
65.5459        65.2157
65.4967        65.2157
65.7927        65.2157
65.617        65.2157
65.71        65.2157
65.5429        65.2157
65.6131        65.2157
65.9245        65.2157
65.6068        65.2157
65.8938        65.2157
65.7487        65.2157
65.9327        65.2157
65.926        65.2157
65.8223        65.2157
65.478        65.2157
65.992        65.2157
65.9883        65.2157
65.9643        65.2157
66.005        65.2157
65.9875        65.2157
65.7665        65.2157
65.7874        65.2157
65.7361        65.2157
66.0676        65.2157
66.1765        65.2157
65.9309        65.2157
66.0423        65.2157
66.0508        65.2157
65.737        65.2157
65.5684        65.2157
65.4637        65.2157
65.52        65.2157
65.7104        65.2157
65.8123        65.2157
65.7342        65.2157
65.6077        65.2157
65.7994        65.2157
65.7088        65.2157
65.9237        65.2157
65.5837        65.2157
65.6123        65.2157
65.8112        65.2157
66.0015        65.2157
66.4483        65.2157
65.8237        65.2157
65.5157        65.2157
65.5809        65.2157
65.8274        65.2157
66.1853        65.2157
66.1067        65.2157
65.973        65.2157
65.764        65.2157
65.4466        65.2157
65.5142        65.2157
65.9415        65.2157
66.3232        65.2157
66.6437        65.2157
66.2331        65.2157
66.1292        65.2157
66.4182        65.2157
66.1095        65.2157
65.6205        65.2157
65.9898        65.2157
66.091        65.2157
65.7689        65.2157
65.666        65.2157
65.9337        65.2157
65.6701        65.2157
65.969        65.2157
66.0318        65.2157
65.7836        65.2157
65.534        65.2157
65.3896        65.2157
65.4781        65.2157
65.5826        65.2157
65.7636        65.2157
65.5974        65.2157
65.5058        65.2157
65.9177        65.2157
66.0086        65.2157
65.9297        65.2157
65.824        65.2157
65.8024        65.2157
65.8523        65.2157
65.9287        65.2157
66.0254        65.2157
66.0882        65.2157
65.9794        65.2157
65.9361        65.2157
65.6659        65.2157
65.7888        65.2157
66.2242        65.2157
66.222        65.2157
66.0505        65.2157
65.8924        65.2157
66.0008        65.2157
66.0934        65.2157
65.8011        65.2157
65.7862        65.2157
66.3508        65.2157
66.2408        65.2157
65.862        65.2157
65.8772        65.2157
65.9317        65.2157
66.1387        65.2157
66.2317        65.2157
66.0129        65.2157
66.288        65.2157
66.022        65.2157
66.1677        65.2157
66.1131        65.2157
65.5228        65.2157
65.5262        65.2157
65.4328        65.2157
65.8958        65.2157
65.9461        65.2157
66.2175        65.2157
66.2089        65.2157
66.1121        65.2157
65.622        65.2157
65.7204        65.2157
65.7745        65.2157
66.0633        65.2157
65.8976        65.2157
65.9011        65.2157
65.3889        65.2157
65.8582        65.2157
65.8571        65.2157
66.1597        65.2157
66.153        65.2157
65.888        65.2157
66.2039        65.2157
66.5358        65.2157
66.3845        65.2157
65.9111        65.2157
65.457        65.2157
65.6799        65.2157
66.1094        65.2157
65.924        65.2157
65.778        65.2157
65.678        65.2157
65.8671        65.2157
65.6641        65.2157
65.7899        65.2157
65.7211        65.2157
66.1676        65.2157
65.7963        65.2157
65.7058        65.2157
65.5312        65.2157
65.4873        65.2157
65.4616        65.2157
65.5895        65.2157
65.5965        65.2157
66.0829        65.2157
66.1991        65.2157
66.1906        65.2157
66.6796        65.2157
66.4939        65.2157
66.342        65.2157
66.1155        65.2157
65.9236        65.2157
65.6606        65.2157
66.0416        65.2157
66.0966        65.2157
66.0621        65.2157
66.0243        65.2157
66.0599        65.2157
66.2389        65.2157
66.037        65.2157
66.1265        65.2157
66.5625        65.2157
66.0468        65.2157
65.9906        65.2157
66.1014        65.2157
66.1545        65.2157
66.1205        65.2157
65.9935        65.2157
65.6922        65.2157
65.7252        65.2157
66.0043        65.2157
66.0657        65.2157
66.0573        65.2157
65.8791        65.2157
65.874        65.2157
66.1209        65.2157
65.6382        65.2157
65.908        65.2157
65.6652        65.2157
66.0679        65.2157
65.712        65.2157
65.9809        65.2157
66.3807        65.2157
66.4215        65.2157
66.33        65.2157
66.1759        65.2157
65.7845        65.2157
65.8488        65.2157
65.7251        65.2157
65.7323        65.2157
66.1149        65.2157
65.8959        65.2157
66.0912        65.2157
65.6006        65.2157
65.6875        65.2157
65.9368        65.2157
66.9614        65.2157
66.2782        65.2157
66.2269        65.2157
65.846        65.2157
65.7228        65.2157
65.7096        65.2157
65.7141        65.2157
65.6673        65.2157
65.7592        65.2157
65.9447        65.2157
66.1339        65.2157
65.9864        65.2157
66.829        65.2157
66.6594        65.2157
65.7135        65.2157
66.0847        65.2157
65.8363        65.2157
65.3799        65.2157
65.6909        65.2157
65.5808        65.2157
65.6757        65.2157
65.7504        65.2157
66.2333        65.2157
65.5585        65.2157
65.8398        65.2157
65.7081        65.2157
65.6714        65.2157
66.0465        65.2157
65.84        65.2157
65.9199        65.2157
65.7529        65.2157
65.9278        65.2157
65.9221        65.2157
65.727        65.2157
65.4962        65.2157
65.5915        65.2157
65.4465        65.2157
65.6943        65.2157
65.8475        65.2157
65.6062        65.2157
65.7299        65.2157
65.8324        65.2157
65.609        65.2157
66.2666        65.2157
65.9428        65.2157
66.0484        65.2157
65.9908        65.2157
65.8033        65.2157
65.8129        65.1957
65.7598        65.1957
65.9925        65.1957
65.8455        65.1957
65.7898        65.1957
65.6689        65.1957
65.4964        65.1957
65.7717        65.1957
65.868        65.1957
66.294        65.1957
66.0728        65.1957
66.0369        65.1957
66.3879        65.1957
66.2907        65.1957
66.3281        65.1957
65.9806        65.1957
66.3585        65.1957
65.5826        65.1957
66.0574        65.1957
65.8989        65.1957
66.1275        65.1957
66.0243        65.1957
66.664        65.1957
66.2223        65.1957
66.1344        65.1957
66.1155        65.1957
66.3255        65.1957
66.4189        65.1957
66.1202        65.1957
66.1469        65.1957
65.6215        65.1957
65.8922        65.1957
65.7598        65.1957
65.5764        65.1957
65.7889        65.1957
65.6618        65.1957
65.7731        65.1957
65.7166        65.1957
65.4076        65.1957
65.6719        65.1957
65.5326        65.1957
65.9161        65.1957
66.5757        65.1957
65.8404        65.1957
66.3033        65.1957
66.3973        65.1957
66.2876        65.1957
66.0803        65.1957
66.2092        65.1957
65.7247        65.1957
65.753        65.1957
65.7851        65.1957
65.6499        65.1957
65.7489        65.1957
65.7916        65.1957
65.6911        65.1957
65.9896        65.1957
65.9848        65.1957
65.8566        65.1957
65.7289        65.1957
65.75        65.1957
65.8925        65.1957
66.1517        65.1957
65.7746        65.1957
65.9673        65.1957
65.9628        65.1957
65.7174        65.1957
65.4019        65.1957
66.1859        65.1957
66.0335        65.1957
65.9671        65.1957
66.0115        65.1957
65.4939        65.1957
65.426        65.1957
66.1356        65.1957
65.8415        65.1957
65.9408        65.1957
66.4634        65.1957
66.3439        65.1957
66.1167        65.1957
66.5571        65.1957
66.2265        65.1957
65.8061        65.1957
65.7374        65.1957
66.0595        65.1957
65.9505        65.1957
65.9098        65.1957
66.0476        65.1957
65.8574        65.1957
65.8763        65.1957
66.1597        65.1957
66.0551        65.1957
66.1572        65.1957
66.1422        65.1957
66.0315        65.1957
66.0365        65.1957
66.1582        65.1957
65.6294        65.1957
65.6084        65.1957
66.3598        65.1957
65.9723        65.1957
65.7933        65.1957
65.6601        65.1957
65.8501        65.1957
65.9173        65.1957
65.8455        65.1957
66.5254        65.1957
66.4699        65.1957
65.7916        65.1957
65.6808        65.1957
66.1495        65.1957
65.9963        65.1957
66.0257        65.1957
65.9124        65.1957
65.8381        65.1957
65.7482        65.1957
65.8553        65.1957
65.8634        65.1957
66.2398        65.1957
65.9327        65.1957
66.3291        65.1957
65.8407        65.1957
66.1107        65.1957
66.0102        65.1957
65.8595        65.1957
65.7177        65.1957
65.695        65.1957
65.6876        65.1957
65.8644        65.1957
66.2215        65.1957
66.0262        65.1957
66.242        65.1957
66.149        65.1957
66.0193        65.1957
65.7415        65.1957
65.7097        65.1957
66.0348        65.1957
66.4903        65.1957
66.2483        65.1957
65.7467        65.1957
66.2842        65.1957
66.1803        65.1957
66.1828        65.1957
66.1245        65.1957
65.812        65.1957
65.8906        65.1957
66.0768        65.1957
66.0729        65.1957
65.7611        65.1957
65.6547        65.1957
65.5391        65.1957
65.7524        65.1957
65.9142        65.1957
65.8852        65.1957
66.0151        65.1957
65.5795        65.1957
65.7878        65.1957
66.2678        65.1957
65.5883        65.1957
65.4462        65.1957
66.0754        65.1957
65.7222        65.1957
66.0978        65.1957
66.5504        65.1957
66.2225        65.1957
66.1749        65.1957
66.4653        65.1957
65.6476        65.1957
65.6809        65.1957
65.5153        65.1957
65.9069        65.1957
65.6788        65.1957
66.0394        65.1957
65.8874        65.1957
66.053        65.1957
65.69        65.1957
65.7805        65.1957
65.3495        65.1957
65.6171        65.1957
65.8793        65.1957
65.5755        65.1957
65.4424        65.1957
65.5837        65.1957
65.5307        65.1957
65.5115        65.1957
65.631        65.1957
66.4229        65.1957
65.6897        65.1957
65.7558        65.1957
65.8873        65.1957
65.62        65.1957
65.4892        65.1957
65.6176        65.1957
65.4669        65.1957
66.0316        65.1957
65.8307        65.1957
65.7832        65.1957
65.7399        65.1957
65.4781        65.1957
65.652        65.1957
65.624        65.1957
65.622        65.1957
65.4185        65.1957
65.7725        65.1957
65.7281        65.1957
65.9378        65.1957
65.849        65.1957
65.6359        65.1957
65.5191        65.1957
65.8706        65.1957
65.7104        65.1957
66.0122        65.1957
65.9821        65.1957
65.862        65.1957
65.7352        65.1957
65.7963        65.1957
66.0908        65.1957
66.0544        65.1957
66.6825        65.1957
66.6769        65.1957
66.9207        65.1957
66.1859        65.1957
66.1874        65.1957
65.6633        65.1957
65.7762        65.1957
65.8573        65.1957
65.5865        65.1957
65.8409        65.1957
66.2644        65.1957
66.4542        65.1957
66.5202        65.1957
66.7407        65.1957
66.2965        65.1957
66.2298        65.1957
66.3345        65.1957
66.3555        65.1957
65.9875        65.1957
66.1147        65.1957
66.17        65.1957
66.4531        65.1957
65.8047        65.1957
66.1622        65.1957
65.8268        65.1957
66.0782        65.1957
66.0873        65.1957
66.3023        65.1957
66.749        65.1957
66.5641        65.1957
65.8886        65.1957
65.9083        65.1957
66.0261        65.1957
66.1043        65.1957
65.9481        65.1957
65.5359        65.1957
65.6073        65.1957
65.7341        65.1957
65.9865        65.1957
65.8588        65.1957
65.7162        65.1957
66.1032        65.1957
66.1062        65.1957
66.0392        65.1957
66.131        65.1957
65.4796        65.1957
65.5658        65.1957
65.6789        65.1957
65.5885        65.1957
65.8357        65.1957
66.2987        65.1957
66.1209        65.1957
66.3296        65.1957
65.8942        65.1957
65.5906        65.1957
66.074        65.1957
65.8835        65.1957
66.0902        65.1957
65.9624        65.1957
66.4889        65.1957
66.794        65.1957
66.4202        65.1957
66.16        65.1957
66.2797        65.1957
66.408        65.1957
66.0883        65.1957
66.2169        65.1957
66.2504        65.1957
66.1749        65.1957
65.8332        65.1957
66.3163        65.1957
65.9899        65.1957
66.1097        65.1957
66.0641        65.1957
66.043        65.1957
66.1363        65.1957
65.619        65.1957
65.6677        65.1957
65.7113        65.1957
65.8905        65.1957
65.955        65.1957
65.8238        65.1957
66.035        65.1957
66.0651        65.1957
65.7761        65.1957
65.5416        65.1957
65.6206        65.1957
65.9121        65.1957
66.073        65.1957
65.9817        65.1957
65.772        65.1957
65.6969        65.1957
65.7968        65.1957
65.8925        65.1957
66.1138        65.1957
66.6216        65.1957
66.1655        65.1957
65.8671        65.1957
66.3481        65.1957
66.214        65.1957
65.874        65.1957
65.749        65.1957
65.6991        65.1957
65.9211        65.1957
66.1907        65.1957
65.5442        65.1957
65.9338        65.1957
65.6846        65.1957
65.7638        65.1957
65.9926        65.1957
66.0281        65.1957
66.0026        65.1957
65.9461        65.1957
65.579        65.1957
65.3354        65.1957
65.5386        65.1957
65.7889        65.1957
66.2492        65.1957
66.0452        65.1957
66.0028        65.1957
65.5519        65.1957
65.6022        65.1957
65.9508        65.1957
65.9388        65.1957
66.0521        65.1957
66.1054        65.1957
65.8524        65.1957
65.6524        65.1957
65.9443        65.1957
66.0268        65.1957
66.4113        65.1957
66.5784        65.1957
66.4514        65.1957
66.325        65.1957
66.1413        65.1957
65.9223        65.1957
66.4739        65.1957
65.9489        65.1957
65.723        65.1957
65.7173        65.1957
65.5703        65.1957
65.5626        65.1957
65.4398        65.1957
65.8461        65.1957
66.0144        65.1957
66.1657        65.1957
65.7296        65.1957
66.0521        65.1957
66.3447        65.1957
65.9782        65.1957
66.0688        65.1957
65.905        65.1957
65.6957        65.1957
65.578        65.1957
65.8551        65.1957
65.7485        65.1957
65.5329        65.1957
65.9796        65.1957
65.8624        65.1957
65.852        65.1957
65.904        65.1957
66.1087        65.1957
65.8723        65.1957
65.8928        65.1957
65.6512        65.1957
65.7821        65.1957
65.7308        65.1957
65.9171        65.1957
65.8123        65.1957
65.9138        65.1957
65.6218        65.1957
65.9852        65.1957
65.6867        65.1957
66.2042        65.1957
66.2413        65.1957
66.2487        65.1957
66.3968        65.1957
66.6572        65.1957
65.7303        65.1957
66.0441        65.1957
65.9869        65.1957
66.1077        65.1957
66.6149        65.1957
66.5471        65.1957
66.4631        65.1957
66.4966        65.1957
66.0096        65.1957
66.0788        65.1957
66.2036        65.1957
65.8177        65.1957
66.211        65.1957
66.0228        65.1957
65.7545        65.1957
65.7462        65.1957
65.6983        65.1957
65.9714        65.1957
65.625        65.1957
65.9112        65.1957
66.132        65.1957
65.8697        65.1957
66.3277        65.1957
66.1206        65.1957
66.0674        65.1957
66.3806        65.1957
66.0252        65.1957
65.8678        65.1957
65.6125        65.1957
66.0622        65.1957
65.7694        65.1957
65.8296        65.1957
66.0363        65.1957
65.8347        65.1957
65.6931        65.1957
66.3606        65.1957
65.6385        65.1957
66.0707        65.1957
66.3941        65.1957
66.1786        65.1957
65.9898        65.1957
65.9408        65.1957
65.6977        65.1957
65.7391        65.1957
65.7289        65.1957
65.8205        65.1957
66.3646        65.1957
66.296        65.1957
65.8299        65.1957
66.1704        65.1957
65.8563        65.1957
66.2233        65.1957
66.1423        65.1957
65.7961        65.1957
65.781        65.1957
65.9928        65.1957
65.7746        65.1957
65.6851        65.1957
65.7145        65.1957
65.9934        65.1957
66.0231        65.1957
65.8081        65.1957
66.183        65.1957
65.8795        65.1957
65.5567        65.1957
65.9817        65.1957
65.884        65.1957
65.7444        65.1957
65.7251        65.1957
65.8674        65.1957
65.7522        65.1957
65.4642        65.1957
66.364        65.1957
66.1838        65.1957
66.239        65.1957
65.8411        65.1957
65.921        65.1957
65.7606        65.1957
66.1582        65.1957
65.9746        65.1957
66.2706        65.1957
66.3078        65.1957
66.3687        65.1957
65.8738        65.1957
65.869        65.1957
66.0098        65.1957
66.1114        65.1957
66.0643        65.1957
66.2382        65.1957
66.1336        65.1957
65.7863        65.1957
65.5092        65.1957
65.7162        65.1957
66.2366        65.1957
65.8707        65.1957
65.9728        65.1957
66.2869        65.1957
65.8767        65.1957
65.9193        65.1957
66.0249        65.1957
66.3756        65.1957
65.9439        65.1957
65.8632        65.1957
65.7558        65.1957
65.9177        65.1957
65.6904        65.1957
66.1946        65.1957
66.1624        65.1957
65.8172        65.1957
65.6148        65.1957
66.258        65.1957
65.801        65.1957
66.3017        65.1957
66.0663        65.1957
65.6644        65.1957
65.5754        65.1957
65.7354        65.1957
65.6932        65.1957
65.7099        65.1957
66.152        65.1957
66.2282        65.1957
66.1261        65.1957
65.8104        65.1957
66.2973        65.1957
65.7221        65.1957
65.8569        65.1957
65.5646        65.1957
65.6077        65.1957
66.0021        65.1957
66.3385        65.1957
66.0459        65.1957
65.9933        65.1957
65.9833        65.1957
66.2381        65.1957
66.3708        65.1957
66.2303        65.1957
65.6317        65.1957
66.0057        65.1957
66.1458        65.1957
66.3526        65.1957
66.2542        65.1957
65.9122        65.1957
66.0032        65.1957
65.4905        65.1957
65.755        65.1957
66.1319        65.1957
66.2065        65.1957
66.4196        65.1957
66.0931        65.1957
66.6477        65.1957
65.7165        65.1957
65.751        65.1957
65.6222        65.1957
65.6609        65.1957
65.8413        65.1957
65.5616        65.1957
65.5666        65.1957
66.0525        65.1957
66.2325        65.1957
66.815        65.1957
66.5709        65.1957
66.029        65.1957
66.4219        65.1957
66.6454        65.1957
66.3997        65.1957
65.6657        65.1957
65.5744        65.1957
65.6943        65.1957
65.7216        65.1957
65.8067        65.1957
66.1818        65.1957
66.1054        65.1957
65.9358        65.1957
66.1328        65.1957
66.2373        65.1957
65.904        65.1957
66.1685        65.1957
66.0859        65.1957
65.9971        65.1957
65.9333        65.1957
65.7338        65.1957
65.9618        65.1957
65.5611        65.1957
65.4959        65.1957
65.4274        65.1957
65.7754        65.1957
65.9704        65.1957
66.3717        65.1957
65.985        65.1957
66.0083        65.1957
65.583        65.1957
65.9283        65.1957
65.7489        65.1957
65.5476        65.1957
65.7605        65.1957
65.7238        65.1957
65.5201        65.1957
65.5052        65.1957
65.4538        65.1957
65.6892        65.1957
65.7858        65.1957
65.9933        65.1957
65.8325        65.1957
65.8643        65.1957
66.1463        65.1957
65.871        65.1957
65.5666        65.1957
65.7327        65.1957
65.9137        65.1957
65.6963        65.1957
66.3833        65.1957
66.0556        65.1957
66.1342        65.1957
66.0482        65.1957
66.2109        65.1957
65.9248        65.1957
65.548        65.1957
65.875        65.1957
66.428        65.1957
66.2621        65.1957
66.2552        65.1957
66.1316        65.1957
65.8199        65.1957
65.5778        65.1957
65.501        65.1957
65.57        65.1957
65.8343        65.1957
65.9114        65.1957
65.6702        65.1957
65.6015        65.1957
65.9694        65.1957
65.9493        65.1957
66.0538        65.1957
66.4997        65.1957
66.1472        65.1957
66.272        65.1957
65.5231        65.1957
65.5377        65.1957
65.5092        65.1957
65.4497        65.1957
65.8926        65.1957
66.5475        65.1957
66.4769        65.1957
65.9967        65.1957
65.7078        65.1957
65.5562        65.1957
65.9541        65.1957
66.1268        65.1957
66.258        65.1957
66.2796        65.1957
66.4613        65.1957
65.8383        65.1957
65.6176        65.1957
65.5641        65.1957
65.7088        65.1957
65.7705        65.1957
65.8648        65.1957
65.8963        65.1957
66.0682        65.1957
66.4496        65.1957
65.9911        65.1957
65.9719        65.1957
65.6578        65.1957
65.734        65.1957
65.8497        65.1957
66.0277        65.1957
66.1727        65.1957
66.4394        65.1957
66.066        65.1957
66.0156        65.1957
65.7058        65.1957
66.1081        65.1957
66.2111        65.1957
66.0616        65.1957
66.1083        65.1957
65.9073        65.1957
66.4235        65.1957
66.1988        65.1957
66.1462        65.1957
65.8073        65.1957
65.7927        65.1957
66.0802        65.1957
66.3605        65.1957
65.698        65.1957
65.7087        65.1957
65.8348        65.1957
65.7208        65.1957
66.021        65.1957
66.301        65.1957
65.9899        65.1957
65.9766        65.1957
65.606        65.1957
65.4961        65.1957
65.6103        65.1957
65.6547        65.1957
65.579        65.1957
65.606        65.1957
65.5462        65.1957
65.5574        65.1957
66.0572        65.1957
66.3865        65.1957
65.9721        65.1957
65.9717        65.1957
66.2098        65.1957
66.1774        65.1957
66.0226        65.1957
66.0102        65.1957
65.5526        65.1957
65.6535        65.1957
65.799        65.1957
65.7793        65.1957
65.9086        65.1957
65.9366        65.1957
65.8399        65.1957
66.0125        65.1957
65.7752        65.1957
65.9573        65.1957
65.916        65.1957
66.046        65.1957
65.9395        65.1957
66.2425        65.1957
65.8196        65.1957
65.5806        65.1957
65.8567        65.1957
65.8697        65.1957
65.9847        65.1957
65.8635        65.1957
65.691        65.1957
66.0798        65.1957
66.7782        65.1957
66.6748        65.1957
66.5573        65.1957
66.8859        65.1957
66.5416        65.1957
65.9567        65.1957
66.1002        65.1957
66.4866        65.1957
65.9253        65.1957
66.0755        65.1957
65.8639        65.1957
65.5855        65.1957
65.8438        65.1957
66.1878        65.1957
66.2891        65.1957
66.2912        65.1957
66.3894        65.1957
65.7408        65.1957
65.9048        65.1957
65.946        65.1957
65.7527        65.1957
65.9076        65.1957
65.6543        65.1957
65.6153        65.1957
66.0693        65.1957
65.9387        65.1957
66.3103        65.1957
66.325        65.1957
65.9755        65.1957
66.0111        65.1957
66.1083        65.1957
66.2179        65.1957
65.9074        65.1957
65.9663        65.1957
65.8367        65.1957
65.6974        65.1957
65.6334        65.1957
65.73        65.1957
65.6081        65.1957
65.4799        65.1957
65.9755        65.1957
65.7343        65.1957
65.596        65.1957
65.5439        65.1957
65.5386        65.1957
65.6233        65.1957
65.9111        65.1957
66.0296        65.1957
65.9453        65.1957
65.8299        65.1957
66.2466        65.1957
66.1983        65.1957
66.1541        65.1957
66.0479        65.1957
65.8424        65.1957
65.9279        65.1957
66.5153        65.1957
66.196        65.1957
66.2706        65.1957
66.1566        65.1957
66.2054        65.1957
66.5856        65.1957
66.1021        65.1957
65.9403        65.1957
66.0001        65.1957
66.2983        65.1957
65.826        65.1957
65.6096        65.1957
66.0151        65.1957
65.857        65.1957
65.8094        65.1957
66.0635        65.1957
65.9976        65.1957
65.8367        65.1957
66.1093        65.1957
65.9807        65.1957
65.8682        65.1957
66.0716        65.1957
66.4333        65.1957
66.2531        65.1957
66.3975        65.1957
66.1185        65.1957
66.0672        65.1957
65.8086        65.1957
65.7165        65.1957
65.8525        65.1957
66.0127        65.1957
65.8568        65.1957
65.6238        65.1957
65.6375        65.1957
65.7447        65.1957
65.9708        65.1957
66.1783        65.1957
65.9254        65.1957
66.2426        65.1957
65.6731        65.1957
65.8602        65.1957
66.1382        65.1957
65.9741        65.1957
66.1167        65.1957
66.2691        65.1957
65.8971        65.1957
66.1372        65.1957
65.7081        65.1957
65.9491        65.1957
65.8925        65.1957
65.6754        65.1957
65.4089        65.1957
65.6982        65.1957
65.9814        65.1957
65.9492        65.1957
65.6357        65.1957
65.7269        65.1957
65.7663        65.1957
65.9149        65.1957
66.0361        65.1957
65.6296        65.1957
65.9482        65.1957
65.9708        65.1957
66.1872        65.1957
66.084        65.1957
65.9266        65.1957
66.0866        65.1957
65.601        65.1957
65.8859        65.1957
65.7228        65.1957
65.8844        65.1957
66.0762        65.1957
65.8759        65.1957
66.2003        65.1957
65.8618        65.1957
65.8032        65.1957
65.745        65.1957
65.6814        65.1957
65.5045        65.1957
65.5476        65.1957
65.727        65.1957
65.6182        65.1957
66.0453        65.1957
65.9667        65.1957
65.8217        65.1957
66.3258        65.1957
66.486        65.1957
66.4105        65.1957
65.9822        65.1957
65.9456        65.1957
65.8958        65.1957
66.22        65.1957
66.163        65.1957
65.9118        65.1957
66.077        65.1957
66.3788        65.1957
65.9701        65.1957
65.8296        65.1957
65.5277        65.1957
65.6755        65.1957
66.5856        65.1957
66.2129        65.1957
66.0172        65.1957
65.8806        65.1957
65.933        65.1957
65.9474        65.1957
65.9227        65.1957
65.811        65.1957
65.4924        65.1957
65.6587        65.1957
66.3885        65.1957
66.2291        65.1957
66.0297        65.1957
66.2054        65.1957
66.122        65.1957
65.7027        65.1957
65.7553        65.1957
65.9485        65.1957
65.8517        65.1957
66.0594        65.1957
65.7012        65.1957
65.8508        65.1957
65.6087        65.1957
65.5458        65.1957
65.4598        65.1957
66.029        65.1957
65.6814        65.1957
65.9384        65.1957
66.14        65.1957
66.1903        65.1957
66.2956        65.1957
66.0657        65.1957
65.912        65.1957
65.6043        65.1957
65.7784        65.1957
65.6788        65.1957
65.8122        65.1957
65.963        65.1957
66.319        65.1957
66.1142        65.1957
66.2905        65.1957
65.6871        65.1957
65.9468        65.1957
65.5329        65.1957
65.6128        65.1957
65.7298        65.1957
65.6205        65.1957
65.8848        65.1957
65.9542        65.1957
65.5468        65.1957
65.7325        65.1957
65.5885        65.1957
65.5814        65.1957
65.5104        65.1957
66.062        65.1957
65.9722        65.1957
65.8035        65.1957
65.9685        65.1957
66.2513        65.1957
66.2941        65.1957
66.4816        65.1957
66.1321        65.1957
66.2996        65.1957
66.3213        65.1957
66.2712        65.1957
66.2699        65.1957
66.2215        65.1957
65.6823        65.1957
65.891        65.1957
65.8425        65.1957
65.9947        65.1957
65.8609        65.1957
66.0482        65.1957
65.9462        65.1957
65.7305        65.1957
65.8813        65.1957
66.0758        65.1957
66.2041        65.1957
65.9243        65.1957
65.8935        65.1957
65.85        65.1957
65.9883        65.1957
66.061        65.1957
65.8036        65.1957
66.3058        65.1957
66.3049        65.1957
65.964        65.1957
65.8659        65.1957
65.9908        65.1957
66.3147        65.1957
65.8259        65.1957
66.3457        65.1957
65.9426        65.1957
65.7012        65.1957
65.788        65.1957
65.8625        65.1957
65.6704        65.1957
65.6236        65.1957
65.7634        65.1957
66.2365        65.1957
66.1911        65.1957
66.2642        65.1957
65.9319        65.1957
65.7611        65.1957
66.2158        65.1957
66.2884        65.1957
66.2627        65.1957
65.7424        65.1957
66.18        65.1957
66.2921        65.1957
66.0329        65.1957
66.3393        65.1957
66.2464        65.1957
66.221        65.1957
65.894        65.1957
65.6081        65.1957
65.7642        65.1957
66.0834        65.1957
66.011        65.1957
65.8044        65.1957
65.8454        65.1957
65.7938        65.1957
66.1757        65.1957
65.3853        65.1957
65.9003        65.1957
65.5581        65.1957
65.8408        65.1957
65.9702        65.1957
66.0814        65.1957
66.379        65.1957
65.8161        65.1957
65.5907        65.1957
65.6668        65.1957
66.0651        65.1957
66.6361        65.1957
66.0318        65.1957
65.9085        65.1957
65.8233        65.1957
66.0836        65.1957
66.0544        65.1957
65.7818        65.1957
65.8583        65.1957
66.6823        65.1957
66.914        65.1957
66.5905        65.1957
66.5551        65.1957
66.0892        65.1957
65.6432        65.1957
65.998        65.1957
65.7783        65.1957
65.9408        65.1957
65.6978        65.1957
65.7996        65.1957
66.0799        65.1957
66.0743        65.1957
65.8525        65.1957
65.9107        65.1957
66.2189        65.1957
66.1064        65.1957
65.8898        65.1957
65.7961        65.1957
65.8699        65.1957
65.4694        65.1957
65.8157        65.1957
66.0588        65.1957
66.2455        65.1957
65.9245        65.1957
65.7865        65.1957
65.909        65.1957
66.1513        65.1957
66.3104        65.1957
66.0473        65.1957
65.9148        65.1957
65.8447        65.1957
65.6581        65.1957
65.7138        65.1957
65.7659        65.1957
65.9424        65.1957
65.9343        65.1957
65.9727        65.1957
65.9781        65.1957
65.6933        65.1957
65.6922        65.1957
66.2307        65.1957
65.862        65.1957
66.1577        65.1957
65.8948        65.1957
65.9597        65.1957
65.9541        65.1957
65.9771        65.1957
65.9235        65.1957
65.775        65.1957
66.2183        65.1957
66.1118        65.1957
66.1299        65.1957
65.9975        65.1957
65.9698        65.1957
65.742        65.1957
65.6788        65.1957
65.8656        65.1957
65.8372        65.1957
65.8268        65.1957
65.5449        65.1957
65.4421        65.1957
65.9891        65.1957
65.9292        65.1957
65.9501        65.1957
65.8724        65.1957
65.7571        65.1957
65.7468        65.1957
65.4343        65.1957
66.0981        65.1957
66.0016        65.1957
65.8898        65.1957
65.8826        65.1957
66.1181        65.1957
65.9288        65.1957
65.9914        65.1957
66.1298        65.1957
65.7653        65.1957
65.7009        65.1957
66.0864        65.1957
65.8151        65.1957
65.9234        65.1957
65.6341        65.1957
65.9433        65.1957
66.1421        65.1957
65.8842        65.1957
65.8123        65.1957
65.7025        65.1957
65.7676        65.1957
65.5422        65.1957
65.5019        65.1957
65.5546        65.1957
65.6058        65.1957
65.8047        65.1957
66.354        65.1957
66.074        65.1957
66.2759        65.1957
65.6931        65.1957
66.0429        65.1957
65.9246        65.1957
65.9619        65.1957
66.041        65.1957
65.7851        65.1957
65.8496        65.1957
66.2977        65.1957
65.6005        65.1957
65.8646        65.1957
65.791        65.1957
66.088        65.1957
66.2592        65.1957
65.9853        65.1957
65.9231        65.1957
66.0552        65.1957
65.6248        65.1957
65.7491        65.1957
65.6129        65.1957
65.6225        65.1957
65.8146        65.1957
66.0112        65.1957
65.5997        65.1957
65.5563        65.1957
65.5543        65.1957
65.6798        65.1957
65.8431        65.1957
65.9623        65.1957
65.9444        65.1957
65.8905        65.1957
65.9015        65.1957
66.2697        65.1957
66.0604        65.1957
66.0816        65.1957
65.8638        65.1957
65.8957        65.1957
66.2939        64.8528
66.1316        64.8528
65.9945        64.8528
65.8877        64.8528
65.5934        64.8528
65.4996        64.8528
65.5912        64.8528
65.7106        64.8528
65.8385        64.8528
