492.892        440.053
472.037        431.514
451.358        417.781
435.553        400.346
423.19        390.698
410.902        380.728
399.995        373.714
390.821        368.503
382.754        363.353
374.025        349.242
365.835        345.724
358.067        337.486
350.217        331.326
342.566        322.048
335.689        319.892
329.372        313.775
324.573         311.24
321.22        302.882
316.331         298.32
310.925        295.668
305.702        281.735
299.396        277.031
292.64        272.997
285.822        269.513
279.618        267.774
274.986         255.32
271.247        251.359
265.328        249.652
259.257        247.914
255.001        246.548
252.192        241.699
249.677        240.473
246.553        236.955
244.497        233.944
240.951        229.049
238.04        225.757
234.598        223.441
230.463        219.086
227.57        214.773
223.541        212.672
219.722        211.535
216.848         209.28
213.83        208.413
212.496        207.018
210.838         205.09
209.314        199.874
207.007        199.849
204.933        194.131
202.062        192.755
199.457        191.255
196.401        191.255
194.241        187.509
193.107        187.264
192.22        183.334
190.836        182.433
188.959        181.618
186.95        179.409
185.296        178.557
183.804        177.151
181.785        175.843
180.642        172.941
178.217        172.941
176.293        171.876
175.215        171.383
173.984         169.04
173.058        168.543
172.843        167.246
172.209        166.199
170.718        165.166
169.747        163.319
168.713        162.408
167.701        160.807
165.998        160.313
164.202        158.329
162.915        157.033
161.377        156.749
160.336        156.373
159.262        154.225
158.439        153.913
157.275        152.645
156.442        151.497
155.522        150.112
154.882        148.551
152.758        147.416
151.301        145.983
150.187        144.565
149.194        143.374
147.5        142.658
146.517        139.208
144.853        138.321
143.648         137.65
141.538        137.488
140.258        135.781
139.498        135.781
138.004        135.781
137.173         135.22
136.637        133.864
136.561        133.451
135.855          132.9
135.389        132.532
135.024        132.487
134.508        127.443
133.679        126.862
132.407        126.456
131.075         125.47
128.972        123.857
127.369        123.149
126.496        123.149
125.365        123.149
125.165        123.149
124.509        121.783
123.94        121.783
123.671         121.17
122.959         121.17
122.462        120.849
122.165        120.004
121.488        119.683
121.289        119.682
121.195        119.682
121.91        117.883
121.911        116.698
121.705        116.698
119.882        116.001
119.268        116.001
118.63        116.001
117.9        115.682
117.596        115.612
117.42        115.516
116.935        115.153
117.122        114.189
117.356        114.189
116.758        113.699
115.733         113.23
115.705         113.23
115.499        113.008
114.938        112.428
114.68        112.428
115.712         112.24
115.941        111.758
116.574        111.586
116.986          111.5
116.88        110.729
115.696        110.643
114.307        109.775
113.233        109.775
112.536          109.6
112.631          109.6
112.538        109.226
112.91        108.108
114.189        108.108
114.475        107.911
114.143        107.717
113.165        107.326
111.188        107.108
109.84        106.471
108.672        105.668
107.525        104.955
107.113        104.075
107.407        104.075
107.043        103.471
106.777        102.771
106.529        102.666
105.772        101.546
105.426        101.172
104.614          100.5
104.206        100.127
103.696        100.104
102.171        99.7304
101.62        99.7304
100.906        99.5334
100.719        99.2967
100.923        99.0996
100.937        98.9621
100.306        98.6978
100.123         98.264
99.8438        97.6548
99.4512        97.4153
99.5058        97.4153
100.129        96.9018
99.7347        96.5571
99.0822        96.4774
98.3264        95.6126
97.6827        95.1542
97.1151        94.4314
96.7479        94.4314
95.9905        94.1052
96.0646        93.9858
95.4976        93.9858
95.3665        93.1485
95.5537        93.1485
94.5096        92.9493
94.4663        92.9493
94.4621        92.6917
93.8375        92.0906
93.5724        92.0906
93.3581        91.6632
92.9137        91.5848
92.7074        91.3664
92.7354        90.8767
92.6333        90.8767
92.2139        90.1524
91.8383        90.1524
92.0728        90.0008
91.6865        90.0008
91.1643        89.1774
91.0169        89.0258
90.3434        89.0258
89.8076         88.607
89.5253         88.607
89.313         88.607
89.1209         88.607
89.031         88.607
89.3513        87.8242
89.341        87.8242
88.8567        87.1371
89.0661        86.5382
88.1232        86.5382
87.656        86.5382
87.1579        86.0972
87.158        86.0972
87.0792        86.0972
87.2246        86.0972
87.3354        86.0972
87.3404        85.9207
86.6218        85.9207
86.3096        85.9207
86.5862        85.9207
86.1665        85.8733
86.1979        85.6982
86.1591        85.2622
86.4506        85.2622
86.2766        85.2622
86.2422        85.2622
86.0822        85.0907
85.931        84.9643
86.1481        84.9643
85.7857        84.9643
85.6124        84.9643
85.515        84.9643
85.5086        84.9643
85.488        84.9643
85.4634        84.9643
85.3222        84.9419
85.4097        84.1358
85.4178        84.1133
85.1585        84.1042
84.984        82.6674
84.767        82.1767
84.2958        82.1767
83.6888        82.1767
83.0209        82.0156
82.8165        82.0156
82.706        81.7449
82.8542        81.2661
82.9294        80.9954
82.6672        80.3824
82.4568        80.3824
81.9803        80.3824
81.2266        79.7441
81.6522        79.1298
81.528        79.1298
81.278        79.1298
80.7523        78.6465
80.0028        78.6465
80.1563        78.6465
79.5989        78.6465
79.9228        78.6156
79.793        78.5311
79.3561        78.2906
79.4347        78.2906
79.34        78.2906
79.6931        78.2765
79.3345        78.2601
79.2213        78.2243
79.037        77.6489
78.8913        77.6489
78.6771        77.6489
78.6672        77.6489
78.3676        77.6489
78.4065        76.8664
78.2778        76.8664
78.0373        76.6283
78.0398        75.7343
77.2654        75.7343
77.3051        75.7343
77.0302        75.7343
76.5599        75.7343
76.2756        75.7343
76.792        75.7343
76.847        75.2122
76.6935        75.2122
76.1529        75.2122
75.955        75.2122
75.7135        75.2122
75.9228        74.9012
76.0038        74.9012
75.8964        74.9012
75.5869        74.9012
76.062        74.9012
75.6882        74.9012
75.1311        74.9012
75.2518        74.9012
75.1662        74.7301
75.3814        74.7301
76.108        74.7301
75.8787        74.7301
76.0338        74.7301
75.9956        74.7301
75.9096        74.7301
75.5139        74.7301
75.864        74.7301
75.6945        74.0013
75.5294        73.2517
75.0775        73.2517
74.6582        73.2517
74.6415        73.2517
74.162        73.2158
73.8585        73.2158
73.8313        73.2158
73.686        73.2158
73.4899        73.2158
73.4912        73.2158
73.905        73.2158
73.5908        73.1811
73.7217        73.1811
73.9456        73.0522
74.1729        73.0522
74.573        73.0522
74.2304        73.0522
73.7959        73.0467
73.6026        73.0467
73.3828        73.0467
73.3862        72.3471
73.3193        72.3471
73.1668        72.2608
73.1435        72.2608
72.8644        72.2608
72.9773        72.2608
73.2343        72.0571
72.9944        72.0571
73.0548        72.0571
73.0267        72.0571
73.3066        72.0571
73.1724        72.0571
72.7231        72.0571
72.7792        72.0571
72.8476        72.0571
73.23        72.0571
73.3377        72.0571
72.8152        72.0571
73.0163        72.0571
73.5115        68.2339
74.3995        68.2339
74.517        68.2339
73.2358        68.2339
71.8236        68.2339
71.3923        68.2339
70.6954        68.2339
69.845        68.2339
69.8259        67.7639
70.0271        67.7639
69.3923        67.7639
68.8373        67.7639
68.4387        67.7639
68.5269        67.7639
68.4152        67.7469
68.4111        67.7469
68.6483        67.7469
68.697        67.7469
69.0539        67.5212
69.5594        67.5212
69.0731        67.5212
69.364        67.5212
69.129        67.5212
68.8298        67.5212
68.1487        67.5212
68.4559        67.5212
68.2178        67.5212
68.507        67.5212
68.3516        67.5212
68.1701        67.5212
68.4454        67.5212
68.5863        67.5212
68.405        67.5212
68.0125        67.5212
67.988        67.5212
67.9729        67.5212
68.1663        67.5212
67.7913        67.5212
67.8988        67.5212
68.0098        67.5212
68.2081        67.5212
68.5        67.5212
69.1123        67.5212
68.7722        67.5212
68.19        67.4545
68.4792        67.4545
68.7682        67.4545
68.1847        67.4545
68.3891        67.4545
68.8234        67.4545
68.4333        67.4545
68.0371        67.4545
67.9077        67.4545
67.7681        67.4545
67.8483        67.4545
67.9129        67.4545
68.1523        67.4545
68.5624        67.4545
67.8612        67.4545
67.815        67.4545
67.9512        67.4545
68.0419        67.4545
68.4155        67.4545
68.2793        67.4545
68.0548        67.4545
67.9839        67.4545
67.8948        67.4545
67.9112        67.4545
68.1822        67.4545
68.3762        67.4545
68.2428        67.4545
68.0592        67.4545
68.0458        67.4545
67.7935        67.4545
68.0297        67.4545
68.0449        67.4545
67.6053        67.4545
67.7999        67.4545
68.0272        67.4545
67.72        67.4545
67.9206        67.4545
67.8775        67.4545
68.0427        67.4545
68.4696        67.4545
68.2228        67.4545
68.9362        67.4545
68.4165        67.4545
68.013        67.4545
68.1953        67.4545
68.1941        67.4545
68.2674        67.4545
68.0709        67.4545
67.7874        67.4545
68.0164        67.4545
67.9704        67.4545
68.2892        67.4545
68.2065        67.4545
68.4437        67.4545
67.9507        67.4545
68.1607        67.4545
67.8799        67.4545
68.4155        67.4545
68.681        67.4545
68.9863        67.4545
68.4032        67.4545
68.6636        67.4545
68.5256        67.4545
68.5957        67.4545
68.8713        67.4545
68.6872        67.4545
67.9132        67.4545
68.0641        67.4545
68.2652        67.4545
68.2343        67.4545
68.4211        67.4545
68.4075        67.4545
68.0612        67.4545
68.5456        67.4545
68.2991        67.4545
68.0719        67.4545
67.999        67.4545
68.6284        67.4545
68.3017        67.4545
67.8666        67.4545
68.3504        67.4545
68.2653        67.4545
68.0975        67.4545
68.196        67.4545
68.2655        67.4545
68.113        67.4545
67.9309        67.4545
67.9449        67.4545
68.3033        67.4545
67.9823        67.4545
68.0754        67.4545
68.4143        67.4545
68.3415        67.4545
68.2032        67.4545
68.3603        67.4545
69.3616        67.4545
68.622        67.4545
68.1934        67.4545
68.3999        67.4545
68.4031        67.4545
68.0719        67.4545
68.5809        67.4545
68.5294        67.4545
68.1753        67.4545
67.945        67.4545
67.949        67.4545
67.9018        67.4545
68.1475        67.4545
68.2788        67.4545
68.1103        67.4545
68.1903        67.4545
68.1301        67.4545
68.0547        67.4545
68.0806        67.4545
68.252        67.4545
68.2279        67.4545
67.9018        67.4545
67.8423        67.4545
68.2534        67.4545
68.1384        67.3745
68.1597        67.3745
67.9875        67.3745
68.01        67.3745
67.9276        67.3745
68.1277        67.3745
67.7234        67.3745
67.7156        67.3745
67.8162        67.3745
68.015        67.3745
68.1548        67.3745
68.0329        67.3745
68.3421        67.2557
68.0044        67.2557
67.8954        67.2557
67.8333        67.2557
67.7496        67.2557
67.6571        67.2557
68.0812        67.2557
68.1213        67.2557
67.7225        67.2557
67.5691        67.2557
67.4144        67.2557
67.5535        67.2557
67.8282        67.2557
67.7004        67.2557
67.6613        67.2557
67.582        67.2557
67.9157        67.2557
68.4157        67.2557
68.0413        67.2557
67.9473        67.2557
67.6629        67.2557
67.8065        67.2557
67.5049        67.2557
67.6831        67.2557
67.7743        67.2557
67.6528        67.2557
67.7436        67.2557
67.9365        67.2557
67.8882        67.2557
68.4567        67.2557
68.1075        67.2557
68.2821        67.2557
68.7097        67.2557
68.9516        67.2557
68.8078        67.2557
68.2396        67.2557
68.2475        67.2557
68.1166        67.2557
67.803        67.2557
67.9532        67.2557
67.9461        67.2557
68.0023        67.2557
67.7189        67.2557
67.9525        67.2557
68.0329        67.2557
67.9968        67.2557
68.579        67.2557
67.8141        67.2557
68.0615        67.2557
68.4657        67.2557
68.6109        67.2557
68.6566        67.2557
67.9872        67.2557
67.9538        67.2557
67.7155        67.2557
68.3151        67.2557
68.3526        67.2557
67.9535        67.2557
68.0505        67.2557
68.5094        67.2557
67.8456        67.2557
67.6802        67.2557
67.7013        67.2557
67.8488        67.2557
67.5712        67.2557
67.6561        67.2557
67.6037        67.2557
67.5382        67.2557
67.7072        67.2557
67.6495        67.2557
67.9147        67.2557
67.8883        67.2557
67.4971        67.2557
67.4623        67.2557
67.4391        67.2557
67.7355        67.2557
67.9162        67.2557
67.9        67.2557
67.833        67.2557
68.2007        67.2557
67.9755        67.2557
67.7492        67.2557
67.9269        67.2557
67.6678        67.2557
67.8797        67.2557
67.9168        67.2557
67.7057        67.2557
67.6668        67.2557
67.5002        67.2557
67.8643        67.2557
68.348        67.2557
68.2621        67.2557
68.3132        67.2557
67.8573        67.2557
67.7241        67.2557
68.4712        67.2557
69.9842        67.2557
71.2909        67.2557
72.6336        67.2557
71.9032        67.2557
70.4833        67.2557
69.0796        67.2557
68.9611        67.2557
68.1618        67.2557
68.1741        67.2557
68.6939        67.2557
68.7123        67.2557
68.4851        67.2557
68.0881        67.2557
67.8009        67.2557
67.9778        67.2557
67.7957        67.2557
67.7625        67.2557
67.6634        67.2557
67.8166        67.2557
67.6525        67.2557
67.4838        67.2557
67.8305        67.2557
67.9615        67.2557
67.7506        67.2557
67.9089        67.2557
68.2942        67.2557
68.3005        67.2557
68.2585        67.2557
68.0133        67.2557
67.9766        67.2557
68.0785        67.2557
68.0018        67.2557
68.022        67.2557
68.0073        67.2557
68.0854        67.2557
67.8287        67.2557
67.9523        67.2557
67.8435        67.2557
68.4673        67.2557
67.9337        67.2557
68.0747        67.2557
67.8752        67.2557
67.774        67.2557
67.9814        67.2557
67.8615        67.2557
67.926        67.2557
67.9294        67.2557
67.7973        67.2557
67.762        67.2557
67.7        67.2557
67.9258        67.2557
67.9171        67.2557
68.1905        67.2557
67.6841        67.2557
67.8171        67.2557
67.8149        67.2557
67.5641        67.2557
67.9794        67.2557
68.4279        67.2557
67.996        67.2557
67.7189        67.2557
68.0319        67.2557
67.7934        67.2557
67.6922        67.2557
68.43        67.2557
68.4759        67.2557
68.2851        67.2557
68.4864        67.2557
68.3371        67.2557
68.1019        67.2557
68.0984        67.2557
67.8005        67.2557
68.1651        67.2557
67.7429        67.2557
67.5536        67.2557
67.512        67.2557
67.6965        67.2557
68.2484        67.2557
67.9372        67.2557
68.4123        67.2557
67.8787        67.2557
68.0757        67.2557
68.4557        67.2557
68.2247        67.2557
67.8472        67.2557
68.1252        67.2557
67.7086        67.2557
67.5948        67.2557
67.7921        67.2557
67.7543        67.2557
67.773        67.2557
67.9401        67.2557
67.8866        67.2557
67.8041        67.2557
67.847        67.2557
67.7659        67.2557
67.5461        67.2557
67.6934        67.2557
67.5658        67.2557
68.1846        67.2557
67.8742        67.2557
68.3715        67.2557
68.5207        67.2557
67.8411        67.2557
67.8003        67.2557
68.0331        67.2557
68.1056        67.2557
67.9364        67.2557
68        67.2557
68.3768        67.2557
68.5977        67.2557
68.147        67.2557
67.6974        67.2557
67.5906        67.2557
67.6311        67.2557
67.7722        67.2557
67.8766        67.2557
67.9685        67.2557
68.0453        67.2557
67.8254        67.2557
67.5693        67.2557
67.4143        67.2557
67.6712        67.2557
68.0342        67.2557
68.2585        67.2557
68.0739        67.2557
68.2967        67.2557
68.2616        67.2557
68.1201        67.2557
67.7644        67.2557
67.5572        67.2557
67.6775        67.2557
67.619        67.2557
67.8707        67.2557
67.5519        67.2557
67.6422        67.2557
68.1394        67.2557
68.0634        67.2557
68.3894        67.2557
68.2163        67.2557
67.9347        67.2557
67.8663        67.2557
67.5583        67.2557
67.7447        66.9312
67.7134        66.9312
67.6595        66.9312
68.1008        66.9312
68.0129        66.9312
67.6483        66.9312
67.2944        66.9312
67.2643        66.9312
67.4103        66.9312
67.5617        66.9312
67.1828        66.9312
67.3736        66.9312
67.9424        66.9312
67.8336        66.9312
67.8658        66.9312
67.7059        66.9312
67.5953        66.9312
67.5753        66.9312
67.412        66.9312
67.2996        66.9312
67.5011        66.9312
67.6287        66.9312
67.848        66.9312
67.7014        66.9312
67.4703        66.9312
68.0094        66.9312
67.7714        66.9312
67.7788        66.9312
67.611        66.9312
67.9161        66.9312
67.9414        66.9312
67.7472        66.9312
68.0613        66.9312
67.996        66.9312
67.8009        66.9312
67.6369        66.9312
67.4407        66.9312
67.5144        66.9312
67.1602        66.9312
67.1275        66.9312
67.2084        66.9312
67.4466        66.9312
67.6166        66.9312
67.3933        66.9312
67.6953        66.9312
67.4263        66.9312
67.433        66.9312
67.73        66.9312
67.5543        66.9312
67.7191        66.9312
67.6568        66.9312
67.7731        66.9312
67.9502        66.9312
67.6392        66.9312
67.5341        66.9312
67.4115        66.9312
67.4799        66.9312
67.6358        66.9312
67.4176        66.9312
67.2696        66.9312
67.3969        66.9312
67.6194        66.9312
67.7767        66.9312
67.7678        66.9312
67.6496        66.9312
67.6318        66.9312
67.4827        66.9312
67.8921        66.9312
68.1213        66.9312
68.0361        66.9312
67.7844        66.9312
67.6229        66.9312
67.4211        66.9312
67.3349        66.9312
67.2654        66.9312
67.3754        66.9312
67.312        66.9312
67.7289        66.9312
67.5253        66.9312
67.3481        66.9312
67.1904        66.9312
67.656        66.9312
67.9899        66.9312
68.1274        66.9312
68.3328        66.9312
67.7284        66.9312
67.6936        66.9312
67.9192        66.9312
68.2191        66.9312
67.4034        66.9312
67.8623        66.9312
67.829        66.9312
67.7828        66.9312
67.7568        66.9312
67.8195        66.9312
67.821        66.9312
67.5216        66.9312
67.5745        66.9312
67.5585        66.9312
67.8651        66.9312
67.9921        66.9312
67.9684        66.9312
67.9976        66.9312
67.8432        66.9312
67.3737        66.9312
67.3267        66.9312
67.3089        66.9312
67.2161        66.9312
67.5083        66.9312
68.0781        66.9312
67.8309        66.9312
67.7421        66.9312
67.4893        66.9312
67.6294        66.9312
67.7186        66.9312
67.3646        66.9312
67.3207        66.9312
67.246        66.9312
67.5778        66.9312
67.5769        66.9312
68.248        66.9312
67.8677        66.9312
67.4776        66.9312
67.5434        66.9312
67.6519        66.9312
67.8184        66.9312
67.8241        66.9312
67.3929        66.9312
67.1568        66.9312
67.5765        66.9312
67.4564        66.9312
67.5254        66.9312
67.5059        66.9312
67.4795        66.9312
67.2707        66.9312
67.3028        66.9312
67.4773        66.9312
67.3884        66.9312
67.326        66.9312
67.3086        66.9312
67.3578        66.9312
67.4912        66.9312
67.8453        66.9312
67.5117        66.9312
67.0557        66.9312
67.1889        66.9312
67.2335        66.9312
67.4648        66.9312
67.7297        66.9312
67.6653        66.9312
67.7471        66.9312
67.3573        66.9312
67.6406        66.9312
68.0447        66.9312
68.06        66.9312
67.9512        66.9312
67.6251        66.9312
67.5687        66.9312
68.0926        66.9312
67.6388        66.9312
67.6587        66.9312
67.4975        66.9312
67.4647        66.9312
67.5898        66.9312
67.2943        66.9312
67.3926        66.9312
67.4525        66.9312
67.3963        66.9312
67.4857        66.9312
67.594        66.9312
67.9182        66.9312
68.0435        66.9312
67.5938        66.9312
67.8002        66.9312
67.7974        66.9312
68.0814        66.9312
68.2        66.9312
68.0124        66.9312
67.9628        66.9312
67.8593        66.9312
67.9844        66.9312
67.7958        66.9312
67.5399        66.9312
67.5375        66.9312
67.3396        66.9312
67.3402        66.9312
67.4553        66.9312
67.949        66.9312
67.4852        66.9312
67.893        66.9312
67.4708        66.9312
67.4865        66.9312
67.8429        66.9312
67.7219        66.9312
67.599        66.9312
67.5564        66.9312
67.5722        66.9312
67.7684        66.9312
67.7411        66.9312
67.6406        66.9312
67.6323        66.9312
67.5502        66.9312
67.6833        66.9312
67.7393        66.9312
67.4601        66.9312
67.5129        66.9312
67.3993        66.9312
67.514        66.9312
67.3765        66.9312
67.2023        66.9312
67.716        66.9312
67.8953        66.9312
67.4429        66.9312
67.5254        66.9312
67.7999        66.9312
67.6614        66.9312
67.5388        66.9312
67.4748        66.9312
67.408        66.9312
67.3461        66.9312
67.7188        66.9312
67.6007        66.9312
67.6341        66.9312
67.8943        66.9312
67.7691        66.9312
68.0433        66.9312
67.5749        66.9312
67.2531        66.9312
67.0588        66.9312
67.4456        66.9312
67.4077        66.9312
67.8034        66.9312
68.0788        66.9312
68.3676        66.9312
67.9036        66.9312
67.8955        66.9312
67.6482        66.9312
68.2666        66.9312
68.1472        66.9312
68.1412        66.9312
67.8373        66.9312
67.6369        66.9312
68.0213        66.9312
68.0399        66.9312
67.7409        66.9312
67.7818        66.9312
67.8047        66.9312
67.6201        66.9312
67.8792        66.9312
67.4881        66.9312
67.4123        66.9312
67.8115        66.9312
68.3194        66.9312
67.8941        66.9312
67.9685        66.9312
67.8298        66.9312
67.6931        66.9312
67.8931        66.9312
67.66        66.9312
67.6268        66.9312
67.6041        66.9312
67.3197        66.9312
67.6935        66.9312
67.4514        66.9312
67.5865        66.9312
67.3833        66.9312
67.342        66.9312
67.7568        66.9312
67.5089        66.9312
67.537        66.9312
68.1329        66.9312
67.7063        66.9312
67.5367        66.9312
67.7316        66.9312
67.4965        66.9312
67.4887        66.9312
67.6481        66.9312
67.2735        66.9312
67.6375        66.9312
67.7612        66.9312
67.5638        66.9312
67.2588        66.9312
67.5384        66.9312
68.2866        66.9312
67.673        66.9312
67.5538        66.9312
67.3916        66.9312
67.4042        66.9312
67.6037        66.9312
67.3483        66.9312
67.6511        66.9312
67.6847        66.9312
67.7714        66.9312
67.5912        66.9312
67.5902        66.9312
67.8562        66.9312
68.3116        66.9312
67.8645        66.9312
67.3391        66.9312
67.1457        66.9312
67.1269        66.9312
67.2428        66.9312
67.4168        66.9312
67.2815        66.9312
67.612        66.9312
67.5144        66.9312
68.115        66.9312
68.0044        66.9312
67.8141        66.9312
67.4934        66.7409
67.5618        66.7409
67.3132        66.7409
67.4693        66.7409
66.9044        66.7409
66.9433        66.7409
67.0552        66.7409
67.1532        66.7409
67.6379        66.7409
67.4422        66.7409
67.3706        66.7409
67.9243        66.7409
67.7071        66.7409
67.877        66.7409
67.7723        66.7409
67.5518        66.7409
67.4128        66.7409
67.5194        66.7409
67.4959        66.7409
67.2846        66.7409
66.9665        66.7409
67.3069        66.7409
67.3738        66.7409
67.559        66.7409
67.1839        66.7409
67.1209        66.7409
66.9726        66.7409
67.0725        66.7409
67.7385        66.7409
67.5722        66.7409
67.1566        66.7409
67.2576        66.7409
67.166        66.7409
67.5772        66.7409
67.4635        66.7409
67.3964        66.7409
67.2667        66.7409
67.371        66.7409
67.3334        66.7409
67.3966        66.7409
67.4813        66.7409
67.4239        66.7409
67.8051        66.7409
67.6699        66.7409
67.5853        66.7409
67.7736        66.7409
67.2116        66.7409
67.3912        66.7409
67.1538        66.7409
67.3029        66.7409
67.7523        66.7409
67.8391        66.7409
67.4868        66.7409
67.0802        66.7409
67.2402        66.7409
67.2556        66.7409
67.7332        66.7409
67.6537        66.7409
67.4844        66.7409
67.8709        66.7409
67.6043        66.7409
67.7243        66.7409
67.5248        66.7409
67.3599        66.7409
67.3505        66.7409
67.4118        66.7409
67.5361        66.7409
67.3576        66.7409
67.2514        66.7409
67.5035        66.7409
67.3635        66.7409
67.262        66.7409
67.3478        66.7409
67.5832        66.7409
67.2219        66.7409
67.1053        66.7409
67.3052        66.7409
67.5855        66.7409
67.6148        66.7409
67.3299        66.7409
67.0267        66.7409
67.1129        66.7409
67.4069        66.7409
67.3451        66.7409
67.2995        66.7409
67.2606        66.7409
67.3914        66.7409
67.4018        66.7409
67.5695        66.7409
67.4265        66.7409
67.3208        66.7409
67.1237        66.7409
67.2908        66.7409
67.4892        66.7409
67.4094        66.7409
67.515        66.7409
67.7016        66.7409
67.3503        66.7409
67.1368        66.7409
67.052        66.7409
67.2566        66.7409
67.4005        66.7409
67.1866        66.7409
67.7679        66.7409
67.5247        66.7409
67.3391        66.7409
67.2701        66.7409
67.3482        66.7409
67.3277        66.7409
67.7344        66.7409
67.5361        66.7409
67.6049        66.7409
67.7362        66.7409
67.5156        66.7409
67.8193        66.7409
67.2568        66.7409
66.9957        66.7409
67.825        66.7409
67.9098        66.7409
67.7277        66.7409
67.7373        66.7409
67.7193        66.7409
67.2429        66.7409
67.1484        66.7409
67.38        66.7409
67.3794        66.7409
67.4355        66.7409
67.3146        66.7409
67.3838        66.7409
67.5865        66.7409
67.3684        66.7409
67.3169        66.7409
67.3917        66.7409
67.5567        66.7409
67.7106        66.7409
67.9537        66.7409
67.4616        66.7409
67.0512        66.7409
67.2005        66.7409
67.2696        66.7409
67.4784        66.7409
67.8395        66.7409
67.5127        66.7409
67.5341        66.7409
67.3005        66.7409
67.0257        66.7409
67.0871        66.7409
67.4851        66.7409
67.2419        66.7409
67.5442        66.7409
67.6886        66.7409
67.1302        66.7409
67.2911        66.7409
67.2795        66.7409
67.559        66.7409
67.5361        66.7409
67.3647        66.7409
67.4525        66.7409
67.3808        66.7409
67.2915        66.7409
67.0462        66.7409
67.1027        66.7409
67.0988        66.7409
67.5507        66.7409
67.4693        66.7409
67.646        66.7409
67.4358        66.7409
67.7843        66.7409
67.3648        66.7409
67.3826        66.7409
67.8975        66.7409
67.697        66.7409
67.7927        66.7409
67.6134        66.7409
67.5854        66.7409
67.6533        66.7409
67.5489        66.7409
67.5469        66.7409
67.5996        66.7409
67.3739        66.7409
67.3482        66.7409
67.3341        66.7409
67.5689        66.7409
67.8539        66.7409
67.63        66.7409
67.3552        66.7409
67.3433        66.7409
67.4504        66.7409
67.2832        66.7409
67.159        66.7409
66.9356        66.7409
67.3101        66.7409
67.2038        66.7409
67.7844        66.7409
67.4168        66.7409
67.7364        66.7409
67.874        66.7409
67.379        66.7409
67.5448        66.7409
67.2546        66.7409
67.0943        66.7409
67.0816        66.7409
67.325        66.7409
67.1181        66.7409
67.6375        66.7409
67.8663        66.7409
68.1673        66.7409
67.6725        66.7409
67.3667        66.7409
67.8976        66.7409
68.6541        66.7409
68.1544        66.7409
67.3889        66.7409
67.4602        66.7409
67.4429        66.7409
67.4824        66.7409
67.4834        66.7409
67.505        66.7409
67.0151        66.7409
67.3362        66.7409
67.2927        66.7409
67.6137        66.7409
67.6407        66.7409
67.4833        66.7409
67.1943        66.7409
67.8955        66.7409
67.5128        66.7409
67.4271        66.7409
67.4492        66.7409
67.3155        66.7409
67.1876        66.7409
67.2709        66.7409
67.7252        66.7409
67.4157        66.7409
67.238        66.7409
67.5583        66.7409
67.1175        66.7409
67.3768        66.7409
67.5333        66.7409
67.4573        66.7409
67.2648        66.7409
67.4586        66.7409
67.4956        66.7409
67.8649        66.7409
67.4314        66.7409
67.3577        66.7409
67.2747        66.7409
67.365        66.7409
67.2172        66.7409
67.168        66.7409
67        66.7409
66.8271        66.7409
66.9266        66.7409
67.3078        66.7409
67.298        66.7409
67.5545        66.7409
67.8074        66.7409
67.3412        66.7409
67.5043        66.7409
67.6548        66.7409
67.8149        66.7409
67.9009        66.7409
67.8034        66.7409
67.7134        66.7409
67.7461        66.7409
67.4677        66.7409
67.5015        66.7409
67.4318        66.7409
67.5688        66.7409
67.671        66.7409
67.5838        66.7409
67.9751        66.7409
67.8903        66.7409
67.2561        66.7409
67.1708        66.7409
67.418        66.7409
67.2932        66.7409
67.4127        66.7409
67.0795        66.7409
67.1222        66.7409
67.263        66.7409
67.7899        66.7409
67.8578        66.7409
67.7961        66.7409
67.9382        66.7409
68.117        66.7409
67.8936        66.7409
67.5551        66.7409
67.212        66.7409
67.2411        66.7409
67.443        66.7409
67.3026        66.7409
67.1151        66.7409
67.137        66.7409
66.9446        66.7409
66.8369        66.7409
67.0491        66.7409
67.4148        66.7409
67.4985        66.7409
67.5326        66.7409
67.5561        66.7409
67.2712        66.7409
67.5066        66.7409
67.0416        66.7409
67.1333        66.7409
67.9743        66.7409
67.5057        66.7409
67.7122        66.7409
67.1877        66.7409
67.1487        66.7409
67.749        66.7409
67.557        66.7409
67.5035        66.7409
67.2185        66.7409
67.3241        66.7409
67.3493        66.7409
67.3672        66.7409
67.5027        66.7409
67.3723        66.7409
67.4345        66.7409
67.9587        66.7409
67.7703        66.7409
67.5749        66.7409
67.6741        66.7409
67.4565        66.7409
67.3484        66.7409
67.4669        66.7409
67.6083        66.7409
67.2898        66.7409
67.3564        66.7409
67.1519        66.7409
67.5602        66.7409
67.3336        66.7409
67.9008        66.7409
67.2977        66.7409
67.3618        66.7409
67.3452        66.7409
67.4934        66.7409
67.4923        66.7409
67.138        66.7409
67.4116        66.7409
67.4295        66.7409
67.141        66.7409
67.3095        66.7409
67.4745        66.7409
67.4986        66.7409
67.4367        66.7409
67.2541        66.7409
67.4293        66.7409
67.3563        66.7409
67.2973        66.7409
67.3186        66.7409
67.7028        66.7409
67.6603        66.7409
67.784        66.7409
67.5698        66.7409
67.7108        66.7409
67.4232        66.7409
67.3628        66.7409
67.3466        66.7409
67.5152        66.7409
68.0687        66.7409
68.2025        66.7409
68.0699        66.7409
67.9786        66.7409
67.5102        66.7409
67.3906        66.7409
67.6366        66.7409
67.2216        66.7409
67.7103        66.7409
67.4868        66.7409
67.3572        66.7409
67.315        66.7409
67.1954        66.7409
67.7289        66.7409
67.5176        66.7409
67.4135        66.7409
67.362        66.7409
67.5744        66.7409
67.0318        66.7409
67.4772        66.7409
67.8666        66.7409
67.8559        66.7409
67.797        66.7409
67.711        66.7409
67.5421        66.7409
67.4997        66.7409
67.3407        66.7409
67.2337        66.7409
67.3329        66.7409
67.5941        66.7409
67.9748        66.7409
67.7431        66.7409
67.6361        66.7409
67.5539        66.7409
67.4823        66.7409
67.3793        66.7409
67.6952        66.7409
67.7165        66.7409
67.6079        66.7409
67.6589        66.7409
68.0955        66.7409
67.4506        66.7409
67.2821        66.7409
67.4036        66.7409
67.5333        66.7409
67.2039        66.7409
67.3931        66.7409
67.6253        66.7409
67.9656        66.7409
67.6017        66.7409
67.8421        66.7409
67.4878        66.7409
67.7225        66.7409
67.2893        66.7409
67.517        66.7409
67.2004        66.7409
67.314        66.7409
67.3937        66.7409
67.3211        66.7409
67.3607        66.7409
67.1299        66.7409
67.3379        66.7409
67.2103        66.7409
66.9882        66.7409
66.8313        66.7409
67.1072        66.7409
67.4731        66.7409
67.7625        66.7409
67.7068        66.7409
67.3727        66.7409
67.6003        66.7409
67.551        66.7409
67.583        66.7409
67.4615        66.7409
67.6223        66.7409
67.2975        66.7409
67.4395        66.7409
67.2238        66.7409
67.7041        66.7409
67.4187        66.7409
67.1972        66.7409
67.33        66.7409
67.3245        66.7409
67.5592        66.7409
67.5587        66.7409
67.0501        66.7409
67.3575        66.7409
67.108        66.7409
67.0741        66.7409
67.1254        66.7409
67.0842        66.7409
67.47        66.7409
67.7938        66.7409
67.3132        66.7409
67.4483        66.7409
67.7406        66.7409
67.3609        66.7409
67.9767        66.7409
67.7126        66.7409
67.9541        66.7409
67.5874        66.7409
67.3732        66.7409
67.5584        66.7409
67.0767        66.7409
67.2226        66.7409
67.0762        66.7409
67.6891        66.7409
67.5395        66.7409
67.5542        66.7409
67.4391        66.7409
67.6884        66.7409
67.4868        66.7409
67.9836        66.7409
67.1591        66.7409
67.1701        66.7409
67.2501        66.7409
67.2132        66.7409
67.2151        66.7409
67.4814        66.7409
67.2014        66.7409
67.6749        66.7409
67.1748        66.7409
67.1977        66.7409
67.6805        66.7409
67.2569        66.7409
67.6667        66.7409
67.5845        66.7409
67.48        66.7409
67.6077        66.7409
67.4965        66.7409
67.6599        66.7409
67.6457        66.7409
67.8713        66.7409
67.2913        66.7409
67.3808        66.7409
67.4216        66.7409
67.6897        66.7409
67.3465        66.7409
68.0416        66.7409
67.7665        66.7409
67.408        66.7409
67.4577        66.7409
67.5571        66.7409
67.3758        66.7409
67.3859        66.7409
67.8126        66.7409
67.8947        66.7409
67.3148        66.7409
67.52        66.7409
67.4458        66.7409
67.4869        66.7409
67.146        66.7409
67.0438        66.7409
67.0984        66.7409
67.0459        66.7409
66.989        66.7409
67.1255        66.7409
67.4177        66.7409
67.3202        66.7409
67.3651        66.7409
67.0325        66.7409
66.993        66.7409
67.3295        66.7409
67.5124        66.7409
67.2816        66.7409
67.1602        66.7409
67.4738        66.7409
67.4699        66.7409
67.5004        66.7409
67.2295        66.7409
68.0369        66.7409
67.8307        66.7409
67.6837        66.7409
67.9151        66.7409
67.4198        66.7409
67.2531        66.7409
67.4256        66.7409
67.4768        66.7409
67.6459        66.7409
67.7361        66.7409
67.4066        66.7409
67.6242        66.7409
68.0137        66.7409
67.3895        66.7409
67.7895        66.7409
67.7279        66.7409
67.6571        66.7409
67.3244        66.7409
67.3635        66.7409
67.3785        66.7409
67.5502        66.7409
67.3645        66.7409
67.4537        66.7409
67.0645        66.7409
66.9375        66.7409
67.1064        66.7409
67.3744        66.7409
67.4034        66.7409
67.5538        66.7409
67.482        66.7409
67.7263        66.7409
67.3996        66.7409
67.7123        66.7409
67.4414        66.7409
67.3501        66.7409
67.8056        66.7409
67.4599        66.7409
68.0408        66.7409
67.8333        66.7409
68.2803        66.7409
67.8136        66.7409
67.6699        66.7409
67.5524        66.7409
67.5272        66.7409
67.2635        66.7409
67.3551        66.7409
67.6634        66.7409
67.8415        66.7409
67.5886        66.7409
67.4163        66.7409
67.0644        66.7409
67.0076        66.7409
67.3862        66.7409
67.4528        66.7409
67.2761        66.7409
67.3152        66.7409
67.5071        66.7409
67.2806        66.7409
67.3043        66.7409
67.2593        66.7409
67.3076        66.7409
67.4545        66.7409
67.1465        66.7409
67.499        66.7409
67.5161        66.7409
68.271        66.7409
68.0959        66.7409
68.2637        66.7409
67.7802        66.7409
67.7533        66.7409
67.6744        66.7409
67.941        66.7409
67.3911        66.7409
67.1517        66.7409
67.2169        66.7409
67.1417        66.7409
67.2778        66.7409
67.6963        66.7409
67.1985        66.7409
67.266        66.7409
67.3077        66.7409
67.479        66.7409
67.6993        66.7409
67.5336        66.7409
67.3856        66.7409
67.5468        66.7409
67.4402        66.7409
67.8194        66.7409
67.3187        66.7409
67.6456        66.7409
67.8155        66.7409
67.2121        66.7409
67.1059        66.7409
66.9746        66.7409
67.1318        66.7409
66.9296        66.7409
67.0977        66.7409
67.1198        66.7409
67.2923        66.7409
67.157        66.7409
67.2005        66.7409
67.4972        66.7409
67.2533        66.7409
67.1215        66.7409
67.2825        66.7409
67.4625        66.7409
67.3493        66.7409
67.1614        66.7409
67.0975        66.7409
67.1221        66.7409
67.2001        66.7409
67.272        66.7409
67.5848        66.7409
67.4459        66.7409
67.376        66.7409
67.2489        66.7409
67.5427        66.7409
67.9045        66.7409
67.5487        66.7409
67.4598        66.7409
67.3332        66.7409
67.4419        66.7409
67.4158        66.7409
67.6199        66.7409
67.2312        66.7409
67.0265        66.7409
67.4897        66.7409
67.3602        66.7409
67.3117        66.7409
67.5791        66.7409
67.5029        66.7409
67.3959        66.7409
67.252        66.7409
67.4565        66.7409
67.4422        66.7409
67.288        66.7409
67.3549        66.7409
67.743        66.7409
67.7217        66.7409
67.5066        66.7409
67.4857        66.7409
67.5511        66.7409
67.9067        66.7409
67.7673        66.7409
67.4164        66.7409
67.6976        66.7409
67.9308        66.7409
67.5522        66.7409
67.4218        66.7409
67.4269        66.7409
67.3147        66.7409
67.4414        66.7409
67.2309        66.7409
67.4094        66.7409
67.4013        66.7409
67.7607        66.7409
67.3041        66.7409
67.4394        66.7409
67.2979        66.7409
67.3804        66.7409
67.1525        66.7409
67.2308        66.7409
67.7383        66.7409
67.7003        66.7409
67.7423        66.7409
67.2885        66.7409
67.2134        66.7409
67.1704        66.7409
67.1703        66.7409
67.0683        66.7409
66.821        66.7409
67.0445        66.7409
67.3677        66.7409
67.4887        66.7409
67.0952        66.7409
67.3191        66.7409
67.3836        66.7409
67.5261        66.7409
67.6712        66.7409
67.3604        66.7409
67.5822        66.7409
68.2459        66.7409
67.6623        66.7409
67.9271        66.7409
67.842        66.7409
67.9361        66.7409
67.8376        66.7409
67.8853        66.7409
67.8161        66.7409
67.68        66.7409
67.4082        66.7409
67.8028        66.7409
67.5274        66.7409
67.4027        66.7409
67.1543        66.7409
67.1011        66.7409
67.1457        66.7409
67.6788        66.7409
67.7106        66.7409
67.3562        66.7409
67.6114        66.7409
67.8463        66.7409
67.271        66.7409
67.3863        66.7409
67.9334        66.7409
67.9461        66.7409
67.9963        66.7409
67.8524        66.7409
67.3656        66.7409
67.5686        66.7409
67.575        66.7409
67.3178        66.7409
67.0978        66.7409
67.37        66.7409
67.3947        66.7409
67.4444        66.7409
67.3679        66.7409
67.8696        66.7409
68.1994        66.7409
67.8518        66.7409
67.4895        66.7409
67.7519        66.7409
67.4592        66.7409
67.1822        66.7409
67.416        66.7409
67.0797        66.7409
67.5016        66.7409
67.5477        66.7409
67.396        66.7409
67.486        66.7409
67.3519        66.7409
67.1278        66.7409
67.2598        66.7409
67.4349        66.7409
67.5817        66.7409
67.4762        66.7409
67.491        66.7409
67.5369        66.7409
67.7021        66.7409
67.4966        66.7409
67.8291        66.7409
67.5918        66.7409
67.8141        66.7409
67.4892        66.7409
67.4071        66.7409
67.1093        66.7409
67.2359        66.7409
67.1719        66.7409
67.043        66.7409
67.3169        66.7409
67.4562        66.7409
67.6211        66.7409
67.4108        66.7409
67.4432        66.7409
67.5802        66.7409
67.323        66.7409
67.2754        66.7409
67.228        66.7409
67.4549        66.7409
67.7057        66.7409
67.713        66.7409
67.8666        66.7409
67.3764        66.7409
67.5023        66.7409
67.6706        66.7409
67.751        66.7409
67.5343        66.7409
67.699        66.7409
67.3611        66.7409
67.4326        66.7409
67.4493        66.7409
67.5137        66.7409
67.3664        66.7409
67.1734        66.7409
67.0014        66.7409
67.4715        66.7409
67.7595        66.7409
67.1908        66.7409
67.6226        66.7409
67.5434        66.7409
67.5515        66.7409
67.3133        66.7409
67.5427        66.7409
67.3849        66.7409
67.5265        66.7409
67.7731        66.7409
67.4626        66.7409
67.3329        66.7409
67.1932        66.7409
67.049        66.7409
67.0491        66.7409
67.3428        66.7409
67.2715        66.7409
67.1165        66.7409
66.9467        66.7409
67.1629        66.7409
67.0065        66.7409
67.1777        66.7409
67.3884        66.7409
67.3632        66.7409
67.3553        66.7409
67.4482        66.7409
67.0471        66.7409
67.1485        66.7409
67.222        66.7409
67.7272        66.7409
67.915        66.7409
67.3115        66.7409
67.5078        66.7409
67.3335        66.7409
67.6109        66.7409
67.6919        66.7409
68.2662        66.7409
67.7219        66.7409
67.4662        66.7409
67.1606        66.7409
67.577        66.7409
67.6162        66.7409
67.5597        66.7409
67.8312        66.7409
68.1817        66.7409
67.5041        66.7409
67.1921        66.7409
67.4466        66.7409
67.23        66.7409
67.224        66.7409
67.5723        66.7409
68.0626        66.7409
67.2107        66.7409
67.8426        66.7409
67.5795        66.7409
67.6831        66.7409
67.4623        66.7409
67.2509        66.7409
67.7493        66.7409
67.9155        66.7409
67.6515        66.7409
67.3235        66.7409
67.3349        66.7409
67.5341        66.7409
67.6157        66.7409
67.5082        66.7409
67.2614        66.7409
66.9372        66.7409
67.3888        66.7409
67.5701        66.7409
67.5369        66.7409
67.1391        66.7409
67.3277        66.7409
67.6012        66.7409
67.5761        66.7409
67.4996        66.7409
67.7587        66.7409
67.868        66.7409
68.1687        66.7409
67.6277        66.7409
67.6174        66.7409
67.7769        66.7409
67.9923        66.7409
67.8845        66.7409
67.9989        66.7409
67.6893        66.7409
67.301        66.7409
67.106        66.7409
67.1512        66.7409
67.2083        66.7409
67.1311        66.7409
67.3538        66.7409
67.3472        66.7409
67.3841        66.7409
67.7028        66.7409
67.7065        66.7409
67.531        66.7409
67.2283        66.7409
67.1876        66.7409
67.0312        66.7409
67.3638        66.7409
67.2012        66.7409
67.2402        66.7409
67.4565        66.7409
67.9091        66.7409
67.6248        66.7409
67.7627        66.7409
67.3112        66.7409
67.2562        66.7409
67.1467        66.7409
67.0675        66.7409
67.1885        66.7409
67.1185        66.7409
67.0033        66.7409
67.1777        66.7409
66.988        66.7409
66.9624        66.7409
67.2096        66.7409
67.198        66.7409
67.0686        66.7409
66.9969        66.7409
67.3829        66.7409
67.3547        66.7409
67.1887        66.7409
67.4765        66.7409
67.3131        66.7409
67.1781        66.7409
67.0199        66.7409
66.9379        66.7409
67.2653        66.7409
67.3268        66.7409
67.4224        66.7409
67.2399        66.7409
67.2997        66.7409
67.2016        66.7409
67.799        66.7409
67.5973        66.7409
67.7171        66.7409
67.5244        66.7409
67.6584        66.7409
67.5306        66.7409
67.5351        66.7409
67.6767        66.7409
67.7552        66.7409
67.642        66.7409
67.6799        66.7409
67.5553        66.7409
68.0948        66.7409
68.0882        66.7409
67.4138        66.7409
67.0897        66.7409
67.4954        66.7409
67.3804        66.7409
67.759        66.7409
67.5281        66.7409
67.1419        66.7409
67.4021        66.7409
67.331        66.7409
67.5387        66.7409
67.5974        66.7409
67.2095        66.7409
67.1261        66.7409
67.2007        66.7409
67.0571        66.7409
67.1023        66.7409
67.4182        66.7409
67.3252        66.7409
67.4621        66.7409
67.2576        66.7409
67.3491        66.7409
67.2596        66.7409
67.2075        66.7409
67.3763        66.7409
67.1745        66.7409
67.6438        66.7409
67.9117        66.7409
67.7823        66.7409
67.6841        66.7409
67.6009        66.7409
67.3615        66.7409
67.5693        66.7409
67.6292        66.7409
67.3162        66.7409
67.2248        66.7409
67.535        66.7409
67.71        66.7409
68.149        66.7409
67.9183        66.7409
67.7992        66.7409
67.8353        66.7409
67.4243        66.7409
67.1687        66.7409
67.0586        66.7409
67.4035        66.7409
67.4688        66.7409
67.4828        66.7409
67.501        66.7409
67.5079        66.7409
67.5281        66.7409
67.2999        66.7409
67.5752        66.7409
67.7348        66.7409
68.3182        66.7409
67.9287        66.7409
67.6368        66.7409
67.3467        66.7409
67.1068        66.7409
67.2388        66.7409
67.0384        66.7409
67.0395        66.7409
67.3004        66.7409
67.0834        66.7409
67.6888        66.7409
67.2802        66.7409
66.9204        66.7409
67.2183        66.7409
67.5331        66.7409
67.5446        66.7409
67.3784        66.7409
67.587        66.7409
67.2321        65.1879
67.0107        65.1879
66.6491        65.1393
66.4271        65.1393
66.5015        65.1393
66.3914        65.1393
65.9295        65.1393
66.1556        65.1393
65.8492        65.1393
65.7787        65.1393
65.7746        65.1393
65.7308        65.1393
65.6849        65.1393
65.9167        65.1393
65.98        65.1393
65.8915        65.1393
65.7827        65.1393
65.8663        65.1393
66.3456        65.1393
65.9264        65.1393
65.5114        65.1393
65.6136        65.1393
65.5776        65.1393
65.8506        65.1393
65.8106        65.1393
65.6033        65.1393
65.7588        65.1393
65.6203        65.1393
66.0097        65.1393
65.957        65.1393
65.6755        65.1393
66.1031        65.1393
65.5252        65.1393
65.3292        65.1393
66.0377        65.1393
65.7257        65.1393
65.8736        65.1393
66.2554        65.1393
65.7909        65.1393
65.4852        65.1393
65.5364        65.1393
65.4562        65.1393
65.6657        65.1393
65.7352        65.1393
65.8015        65.1393
65.447        65.1393
65.6226        65.1393
65.7048        65.1393
65.4231        65.1393
65.678        65.1393
65.3063        65.1393
65.5152        65.1393
65.6483        65.1393
65.7398        65.1393
65.5492        65.1393
65.4167        65.1393
65.7108        65.1393
65.7582        65.1393
65.8018        65.1393
65.9126        65.1393
66.0308        65.1393
65.8408        65.1393
65.9049        65.1393
65.7477        65.1393
65.9802        65.1393
65.7868        65.1393
65.9184        65.1393
66.1316        65.1393
65.7414        65.1393
66.0042        65.1393
66.0462        65.1393
65.88        65.1393
65.5992        65.1393
65.7156        65.1393
65.9396        65.1393
65.943        65.1393
65.5693        65.1393
66.0197        65.1393
65.9497        65.1393
65.8217        65.1393
66.1449        65.1393
65.8523        65.1393
65.9732        65.1393
65.9955        65.1393
65.8903        65.1393
65.8252        65.1393
66.3456        65.1393
66.2257        65.1393
66.1882        65.1393
66.0225        65.1393
65.8575        65.1393
65.8621        65.1393
66.1648        65.1393
66.1333        65.1393
65.9464        65.1393
66.0174        65.1393
66.0471        65.1393
66.1197        65.1393
65.6398        65.1393
65.4191        65.1393
65.7199        65.1393
65.7858        65.1393
65.7443        65.1393
65.6122        65.1393
65.519        65.1393
65.6008        65.1393
65.2728        65.1393
65.5506        65.1393
65.5794        65.1393
65.7704        65.1393
65.9144        65.1393
65.7688        65.1393
65.6818        65.1393
65.652        65.1393
65.4089        65.1393
65.6395        65.1393
65.6008        65.1393
65.5906        65.1393
65.8862        65.1393
65.6863        65.1393
66.1073        65.1393
65.778        65.1393
66.0198        65.1393
65.8981        65.1393
65.9903        65.1393
65.8704        65.1393
65.9796        65.1393
66.0021        65.1393
65.4362        65.1393
65.5244        65.1393
65.5529        65.1393
65.7137        65.1393
65.7981        65.1393
65.9498        65.1393
65.7063        65.1393
65.6754        65.1393
65.5555        65.1393
65.8246        65.1393
65.6661        65.1393
65.8851        65.1393
65.9422        64.8528
65.9673        64.8528
65.6502        64.8528
65.5402        64.8528
65.6151        64.8528
65.3655        64.8528
65.8235        64.8528
65.6972        64.8528
65.6267        64.8528
65.3813        64.8528
65.4056        64.8528
65.8265        64.8528
65.2211        64.8528
65.2153        64.8528
65.5724        64.8528
65.4189        64.8528
65.2975        64.8528
65.4787        64.8528
65.5476        64.8528
65.1847        64.8528
65.0479        64.8528
65.5344        64.8528
65.4351        64.8528
65.9807        64.8528
65.8708        64.8528
65.735        64.8528
65.3414        64.8528
65.0184        64.8528
65.2471        64.8528
65.2873        64.8528
65.34        64.8528
65.5298        64.8528
65.2513        64.8528
65.3592        64.8528
65.4831        64.8528
65.686        64.8528
65.7933        64.8528
65.8512        64.8528
66.0322        64.8528
65.4625        64.8528
65.4764        64.8528
65.4955        64.8528
65.7208        64.8528
66.2791        64.8528
66.1819        64.8528
65.6954        64.8528
65.2344        64.8528
65.5885        64.8528
65.4116        64.8528
65.375        64.8528
65.8237        64.8528
66.0488        64.8528
65.7071        64.8528
66.0435        64.8528
65.9632        64.8528
65.6282        64.8528
65.613        64.8528
65.1843        64.8528
65.0972        64.8528
65.3799        64.8528
65.84        64.8528
65.8761        64.8528
65.5788        64.8528
65.616        64.8528
65.8844        64.8528
65.7936        64.8528
65.808        64.8528
65.6039        64.8528
65.4837        64.8528
65.5491        64.8528
65.4761        64.8528
65.6585        64.8528
65.7955        64.8528
65.6515        64.8528
65.7926        64.8528
65.617        64.8528
65.3028        64.8528
65.5387        64.8528
65.333        64.8528
65.532        64.8528
65.7207        64.8528
65.6264        64.8528
65.9835        64.8528
65.6978        64.8528
65.4949        64.8528
65.7701        64.8528
65.6045        64.8528
65.6035        64.8528
65.4143        64.8528
65.1395        64.8528
65.1803        64.8528
65.4132        64.8528
65.6397        64.8528
65.5897        64.8528
65.7191        64.8528
65.5735        64.8528
65.7123        64.8528
65.3245        64.8528
65.5994        64.8528
65.399        64.8528
65.8323        64.8528
65.7305        64.8528
65.9501        64.8528
65.3486        64.8528
65.1425        64.8528
65.373        64.8528
65.6914        64.8528
65.7896        64.8528
65.5558        64.8528
65.4245        64.8528
65.4592        64.8528
65.4593        64.8528
65.417        64.8528
65.916        64.8528
65.8895        64.8528
65.7487        64.8528
65.7242        64.8528
66.107        64.8528
65.7903        64.8528
65.3251        64.8528
65.4766        64.8528
65.556        64.8528
65.6413        64.8528
65.3698        64.8528
65.5997        64.8528
65.9606        64.8528
65.6588        64.8528
65.6343        64.8528
65.863        64.8528
65.9622        64.8528
65.7398        64.8528
65.6033        64.8528
65.441        64.8528
65.5526        64.8528
65.9354        64.8528
65.8069        64.8528
65.522        64.8528
65.6323        64.8528
65.5212        64.8528
65.5918        64.8528
65.5117        64.8528
65.4258        64.8528
65.3086        64.8528
65.3651        64.8528
65.3396        64.8528
65.4779        64.8528
65.9465        64.8528
65.5299        64.8528
65.6692        64.8528
65.6169        64.8528
65.5389        64.8528
65.2267        64.8528
65.2726        64.8528
65.368        64.8528
65.897        64.8528
66.1629        64.8528
66.5981        64.8528
66.219        64.8528
65.954        64.8528
65.5353        64.8528
65.4836        64.8528
65.4089        64.8528
65.3555        64.8528
65.2786        64.8528
65.5417        64.8528
65.2978        64.8528
65.4803        64.8528
65.4288        64.8528
65.5156        64.8528
65.9694        64.8528
65.9204        64.8528
65.6443        64.8528
65.7889        64.8528
65.444        64.8528
65.6062        64.8528
65.4579        64.8528
65.3251        64.8528
65.3586        64.8528
65.3569        64.8528
65.8993        64.8528
65.7921        64.8528
65.4838        64.8528
65.4743        64.8528
65.5789        64.8528
65.2811        64.8528
65.2402        64.8528
65.5281        64.8528
65.562        64.8528
65.6742        64.8528
65.8307        64.8528
65.4458        64.8528
65.9947        64.8528
65.6432        64.8528
65.6636        64.8528
65.7112        64.8528
65.6618        64.8528
65.9095        64.8528
65.823        64.8528
66.1222        64.8528
66.0135        64.8528
65.7719        64.8528
65.4008        64.8528
65.6892        64.8528
65.5676        64.8528
65.8176        64.8528
65.8346        64.8528
65.7517        64.8528
65.6171        64.8528
65.1564        64.8528
65.4427        64.8528
65.2801        64.8528
65.6803        64.8528
65.3666        64.8528
65.7291        64.8528
66.0737        64.8528
65.7189        64.8528
65.2911        64.8528
65.6432        64.8528
65.4404        64.8528
65.1454        64.8528
65.1743        64.8528
65.4334        64.8528
65.6851        64.8528
65.6112        64.8528
65.6591        64.8528
65.3783        64.8528
65.5695        64.8528
65.8288        64.8528
65.5871        64.8528
66.1546        64.8528
65.8485        64.8528
65.8316        64.8528
65.3009        64.8528
65.4031        64.8528
65.5536        64.8528
65.4492        64.8528
65.0328        64.8528
65.3972        64.8528
65.8414        64.8528
65.7037        64.8528
65.5409        64.8528
65.6539        64.8528
65.4556        64.8528
65.5272        64.8528
65.4187        64.8528
65.9643        64.8528
65.5684        64.8528
65.5147        64.8528
65.4639        64.8528
65.8158        64.8528
65.5297        64.8528
65.7105        64.8528
65.3694        64.8528
65.8557        64.8528
65.9147        64.8528
65.7094        64.8528
65.5053        64.8528
65.7229        64.8528
65.5183        64.8528
65.5177        64.8528
65.3643        64.8528
65.5215        64.8528
65.0844        64.8528
65.4178        64.8528
65.5821        64.8528
65.4375        64.8528
65.7417        64.8528
65.6222        64.8528
65.4642        64.8528
65.836        64.8528
65.4167        64.8528
65.0106        64.8528
65.1078        64.8528
65.2428        64.8528
65.6985        64.8528
65.7686        64.8528
66.0114        64.8528
65.5291        64.8528
65.9564        64.8528
65.7164        64.8528
65.524        64.8528
65.281        64.8528
65.4451        64.8528
65.4676        64.8528
65.579        64.8528
65.5523        64.8528
65.5553        64.8528
65.8881        64.8528
66.0497        64.8528
65.9336        64.8528
65.5909        64.8528
65.4363        64.8528
65.2579        64.8528
65.4669        64.8528
65.6439        64.8528
66.0405        64.8528
65.6251        64.8528
65.8098        64.8528
66.093        64.8528
65.7741        64.8528
65.4435        64.8528
65.3352        64.8528
65.8088        64.8528
65.0476        64.8528
65.5731        64.8528
65.4645        64.8528
65.551        64.8528
65.6513        64.8528
66.1327        64.8528
65.4824        64.8528
65.5867        64.8528
65.9749        64.8528
65.9208        64.8528
65.8723        64.8528
65.6712        64.8528
65.8215        64.8528
65.6763        64.8528
65.5226        64.8528
65.3353        64.8528
65.4841        64.8528
65.4535        64.8528
65.3163        64.8528
65.245        64.8528
65.1573        64.8528
65.251        64.8528
65.5344        64.8528
65.3576        64.8528
65.3583        64.8528
65.247        64.8528
65.2167        64.8528
65.2444        64.8528
65.2406        64.8528
65.4706        64.8528
65.4704        64.8528
65.3926        64.8528
65.5042        64.8528
65.6198        64.8528
65.6291        64.8528
65.4837        64.8528
65.6279        64.8528
65.8874        64.8528
65.4426        64.8528
66.272        64.8528
65.7648        64.8528
65.6361        64.8528
65.523        64.8528
65.6028        64.8528
65.4071        64.8528
65.2884        64.8528
65.3504        64.8528
65.3727        64.8528
65.487        64.8528
65.4547        64.8528
66.1023        64.8528
65.7341        64.8528
65.5585        64.8528
66.064        64.8528
65.6381        64.8528
65.5018        64.8528
65.4395        64.8528
65.2704        64.8528
65.6301        64.8528
65.8855        64.8528
65.8363        64.8528
65.4311        64.8528
65.5283        64.8528
65.2122        64.8528
65.1056        64.8528
65.3746        64.8528
65.4277        64.8528
65.3119        64.8528
65.2008        64.8528
65.2241        64.8528
65.3444        64.8528
65.4149        64.8528
65.482        64.8528
65.3491        64.8528
65.3164        64.8528
65.9517        64.8528
65.6979        64.8528
65.7503        64.8528
65.8286        64.8528
65.8995        64.8528
65.8904        64.8528
65.7372        64.8528
65.591        64.8528
66.1348        64.8528
66.1329        64.8528
66.5855        64.8528
65.7506        64.8528
66.0001        64.8528
65.4324        64.8528
65.3842        64.8528
64.9946        64.8528
65.3622        64.8528
65.2615        64.8528
65.268        64.8528
65.4584        64.8528
65.7823        64.8528
65.7092        64.8528
65.565        64.8528
65.412        64.8528
65.404        64.8528
65.7208        64.8528
65.676        64.8528
65.6405        64.8528
65.7947        64.8528
65.5097        64.8528
65.6311        64.8528
65.48        64.8528
65.7823        64.8528
65.3778        64.8528
65.3594        64.8528
65.2702        64.8528
65.3455        64.8528
65.2746        64.8528
65.3058        64.8528
65.7561        64.8528
65.7175        64.8528
65.4534        64.8528
65.1015        64.8528
65.0387        64.8528
64.9672        64.8528
65.1752        64.8528
65.3643        64.8528
65.6662        64.8528
65.5646        64.8528
65.5596        64.8528
65.5041        64.8528
65.4719        64.8528
65.1753        64.8528
65.2294        64.8528
65.3228        64.8528
65.0825        64.8528
65.2853        64.8528
66.3183        64.8528
65.4894        64.8528
65.6734        64.8528
65.533        64.8528
65.4004        64.8528
65.1713        64.8528
65.2717        64.8528
65.5384        64.8528
65.3367        64.8528
65.2794        64.8528
65.3989        64.8528
65.7468        64.8528
65.7092        64.8528
66.1472        64.8528
65.9721        64.8528
65.6585        64.8528
65.71        64.8528
65.4751        64.8528
65.3438        64.8528
65.5686        64.8528
65.9053        64.8528
65.4802        64.8528
65.5147        64.8528
65.6462        64.8528
65.2318        64.8528
65.2622        64.8528
65.4662        64.8528
65.9417        64.8528
65.7077        64.8528
65.6155        64.8528
65.6256        64.8528
65.3961        64.8528
65.6939        64.8528
65.8826        64.8528
65.3409        64.8528
65.7756        64.8528
65.7026        64.8528
65.7547        64.8528
66.0426        64.8528
66.0264        64.8528
65.358        64.8528
65.3859        64.8528
65.5304        64.8528
66.1813        64.8528
65.7777        64.8528
66.2921        64.8528
65.5006        64.8528
65.6123        64.8528
65.5466        64.8528
65.5095        64.8528
65.8212        64.8528
65.7126        64.8528
65.7638        64.8528
65.4459        64.8528
65.8111        64.8528
65.877        64.8528
65.5531        64.8528
65.3227        64.8528
65.7046        64.8528
66.0055        64.8528
65.7376        64.8528
65.1624        64.8528
65.4279        64.8528
65.284        64.8528
65.8642        64.8528
65.7241        64.8528
66.0193        64.8528
65.9573        64.8528
65.5724        64.8528
65.834        64.8528
66.0509        64.8528
65.7065        64.8528
65.8227        64.8528
65.8276        64.8528
66.0859        64.8528
66.1425        64.8528
65.9024        64.8528
65.5595        64.8528
65.2619        64.8528
65.8167        64.8528
66.2664        64.8528
65.7266        64.8528
65.0251        64.8528
65.1959        64.8528
65.5584        64.8528
65.4265        64.8528
65.4514        64.8528
65.7754        64.8528
65.9785        64.8528
65.9275        64.8528
65.6478        64.8528
65.8849        64.8528
65.8427        64.8528
65.9371        64.8528
65.9349        64.8528
65.6124        64.8528
65.5583        64.8528
65.5154        64.8528
65.3593        64.8528
65.713        64.8528
65.4419        64.8528
65.5291        64.8528
65.5142        64.8528
65.5946        64.8528
65.4299        64.8528
65.3052        64.8528
65.428        64.8528
65.4509        64.8528
65.4043        64.8528
65.4734        64.8528
65.6678        64.8528
65.4771        64.8528
65.2922        64.8528
65.3049        64.8528
65.3491        64.8528
65.4857        64.8528
65.7896        64.8528
65.3833        64.8528
65.2692        64.8528
65.3274        64.8528
65.6407        64.8528
65.6243        64.8528
65.9349        64.8528
65.4716        64.8528
65.5074        64.8528
65.4088        64.8528
65.7949        64.8528
65.7104        64.8528
65.6454        64.8528
65.7312        64.8528
65.8054        64.8528
65.396        64.8528
65.69        64.8528
65.644        64.8528
65.4972        64.8528
65.2766        64.8528
65.4807        64.8528
65.6094        64.8528
65.697        64.8528
65.393        64.8528
65.3436        64.8528
65.554        64.8528
66.2236        64.8528
66.061        64.8528
65.7986        64.8528
65.6115        64.8528
65.3303        64.8528
65.2797        64.8528
65.3857        64.8528
65.3647        64.8528
65.4144        64.8528
65.6522        64.8528
64.9153        64.8528
65.1462        64.8528
65.1902        64.8528
65.4291        64.8528
65.3063        64.8528
65.6401        64.8528
65.7394        64.8528
66.1335        64.8528
65.6157        64.8528
65.7139        64.8528
65.5123        64.8528
65.7072        64.8528
66.0757        64.8528
65.4525        64.8528
65.8053        64.8528
65.7082        64.8528
65.2804        64.8528
65.4048        64.8528
65.2252        64.8528
65.2686        64.8528
65.5503        64.8528
65.3341        64.8528
65.1931        64.8528
65.4644        64.8528
65.3        64.8528
65.2174        64.8528
65.3486        64.8528
65.4783        64.8528
65.3233        64.8528
65.5651        64.8528
65.2926        64.8528
65.568        64.8528
65.7318        64.8528
65.391        64.8528
65.6449        64.8528
65.9899        64.8528
65.7852        64.8528
65.7946        64.8528
65.8888        64.8528
65.6335        64.8528
65.5109        64.8528
65.9379        64.8528
65.8642        64.8528
65.6633        64.8528
65.9203        64.8528
65.3743        64.8528
65.6431        64.8528
65.6191        64.8528
65.5276        64.8528
65.7043        64.8528
65.4057        64.8528
65.5906        64.8528
65.697        64.8528
65.3673        64.8528
65.5445        64.8528
65.9601        64.8528
65.5287        64.8528
65.449        64.8528
65.8847        64.8528
65.906        64.8528
65.8773        64.8528
65.5482        64.8528
65.6328        64.8528
65.7108        64.8528
65.3148        64.8528
65.7015        64.8528
65.4291        64.8528
65.6265        64.8528
65.7823        64.8528
65.3229        64.8528
65.2881        64.8528
65.2853        64.8528
65.3845        64.8528
65.316        64.8528
65.3571        64.8528
65.0762        64.8528
65.1425        64.8528
65.327        64.8528
65.4198        64.8528
65.9275        64.8528
65.4846        64.8528
65.5345        64.8528
65.1834        64.8528
65.3933        64.8528
65.3606        64.8528
65.3869        64.8528
65.5769        64.8528
65.5231        64.8528
65.9649        64.8528
65.434        64.8528
65.8797        64.8528
65.5061        64.8528
65.6682        64.8528
65.6915        64.8528
65.8413        64.8528
66.7433        64.8528
66.1371        64.8528
66.7616        64.8528
65.8017        64.8528
65.658        64.8528
65.6921        64.8528
65.44        64.8528
65.2308        64.8528
65.5617        64.8528
65.7941        64.8528
65.6755        64.8528
65.422        64.8528
65.3967        64.8528
65.4557        64.8528
65.1756        64.8528
65.1784        64.8528
65.2768        64.8528
65.4        64.8528
65.2719        64.8528
65.7415        64.8528
65.9502        64.8528
65.7745        64.8528
65.9665        64.8528
65.8476        64.8528
65.378        64.8528
65.2765        64.8528
65.325        64.8528
65.7516        64.8528
66.0273        64.8528
65.5544        64.8528
65.6705        64.8528
65.3374        64.8528
65.3319        64.8528
65.303        64.8528
65.213        64.8528
65.2345        64.8528
65.2152        64.8528
65.4666        64.8528
65.5902        64.8528
65.8639        64.8528
65.8371        64.8528
65.4057        64.8528
65.1767        64.8528
65.1999        64.8528
65.3096        64.8528
65.2036        64.8528
65.5725        64.8528
65.6199        64.8528
65.029        64.8528
65.0156        64.8528
65.5135        64.8528
65.702        64.8528
65.3196        64.8528
65.271        64.8528
65.1635        64.8528
65.2876        64.8528
65.4869        64.8528
65.2741        64.8528
65.7254        64.8528
65.3531        64.8528
65.4794        64.8528
65.2831        64.8528
65.334        64.8528
65.2962        64.8528
65.3572        64.8528
66.0025        64.8528
65.9631        64.8528
65.7158        64.8528
65.6266        64.8528
65.7856        64.8528
65.8861        64.8528
65.6443        64.8528
65.3458        64.8528
65.4365        64.8528
65.5989        64.8528
65.3704        64.8528
65.3377        64.8528
65.3223        64.8528
65.3688        64.8528
65.3521        64.8528
65.59        64.8528
65.8857        64.8528
65.8361        64.8528
65.896        64.8528
66.0628        64.8528
65.7048        64.8528
65.2864        64.8528
65.236        64.8528
65.2331        64.8528
65.5518        64.8528
65.6386        64.8528
65.8211        64.8528
65.8465        64.8528
65.6793        64.8528
65.7293        64.8528
65.9364        64.8528
66.094        64.8528
65.724        64.8528
65.5928        64.8528
65.1097        64.8528
65.542        64.8528
65.6836        64.8528
65.2621        64.8528
65.3451        64.8528
65.2652        64.8528
65.6449        64.8528
65.4714        64.8528
65.5313        64.8528
65.4938        64.8528
65.685        64.8528
65.9456        64.8528
65.8938        64.8528
66.1872        64.8528
65.9216        64.8528
65.7599        64.8528
65.373        64.8528
65.6206        64.8528
65.9266        64.8528
65.6563        64.8528
65.305        64.8528
65.3003        64.8528
65.5015        64.8528
65.3448        64.8528
65.2991        64.8528
65.351        64.8528
65.2668        64.8528
65.5185        64.8528
65.0344        64.8528
65.4124        64.8528
65.3257        64.8528
65.2816        64.8528
65.4021        64.8528
65.8282        64.8528
65.9696        64.8528
65.7857        64.8528
66.0897        64.8528
66.1735        64.8528
65.7255        64.8528
65.4112        64.8528
65.2932        64.8528
65.1901        64.8528
65.5057        64.8528
65.1391        64.8528
65.6902        64.8528
65.5668        64.8528
65.4186        64.8528
65.4583        64.8528
65.3542        64.8528
65.3201        64.8528
65.3693        64.8528
65.4644        64.8528
65.6474        64.8528
65.3965        64.8528
65.5268        64.8528
65.2243        64.8528
65.7626        64.8528
65.5275        64.8528
65.776        64.8528
65.8487        64.8528
65.4094        64.8528
65.6501        64.8528
66.1601        64.8528
66.2504        64.8528
66.0382        64.8528
65.464        64.8528
65.4363        64.8528
65.142        64.8528
65.3131        64.8528
65.5907        64.8528
65.7395        64.8528
65.5819        64.8528
65.4581        64.8528
65.6162        64.8528
65.7554        64.8528
65.8185        64.8528
65.5566        64.8528
65.2969        64.8528
65.1066        64.8528
65.3374        64.8528
65.6179        64.8528
65.6549        64.8528
65.4839        64.8528
65.483        64.8528
65.4989        64.8528
65.2663        64.8528
65.5074        64.8528
65.7724        64.8528
65.7926        64.8528
65.859        64.8528
65.6232        64.8528
65.7225        64.8528
65.6591        64.8528
65.8219        64.8528
65.4166        64.8528
65.6928        64.8528
65.5205        64.8528
65.3754        64.8528
65.3444        64.8528
65.7775        64.8528
65.7592        64.8528
65.9517        64.8528
65.9419        64.8528
65.7209        64.8528
65.6153        64.8528
65.689        64.8528
65.4701        64.8528
65.343        64.8528
65.291        64.8528
65.7196        64.8528
65.6593        64.8528
65.6018        64.8528
65.8054        64.8528
65.4547        64.8528
65.6328        64.8528
65.6865        64.8528
65.5648        64.8528
65.5161        64.8528
65.3336        64.8528
65.6958        64.8528
65.7542        64.8528
65.1851        64.8528
65.54        64.8528
65.459        64.8528
65.78        64.8528
65.6061        64.8528
65.2619        64.8528
65.3523        64.8528
65.6866        64.8528
65.9478        64.8528
66.1933        64.8528
65.795        64.8528
65.9257        64.8528
65.8631        64.8528
65.9134        64.8528
65.5284        64.8528
65.3883        64.8528
65.6196        64.8528
65.8078        64.8528
65.6296        64.8528
65.4158        64.8528
65.6084        64.8528
65.4414        64.8528
65.5878        64.8528
65.7242        64.8528
65.695        64.8528
65.4695        64.8528
65.4418        64.8528
65.6531        64.8528
65.6199        64.8528
65.7123        64.8528
65.9174        64.8528
65.7484        64.8528
66.0794        64.8528
65.8866        64.8528
65.8836        64.8528
65.5883        64.8528
65.7908        64.8528
65.8772        64.8528
65.8331        64.8528
66.1853        64.8528
65.9946        64.8528
65.9344        64.8528
66.0682        64.8528
65.6267        64.8528
65.5641        64.8528
65.8978        64.8528
65.6952        64.8528
65.7654        64.8528
65.5774        64.8528
65.8033        64.8528
65.9703        64.8528
66.1504        64.8528
65.6542        64.8528
65.9459        64.8528
65.5511        64.8528
65.7169        64.8528
65.6171        64.8528
65.8822        64.8528
66.117        64.8528
65.7782        64.8528
66.1138        64.8528
65.7233        64.8528
65.7488        64.8528
65.5785        64.8528
65.4906        64.8528
65.6117        64.8528
65.6259        64.8528
65.7094        64.8528
65.479        64.8528
65.3304        64.8528
65.5379        64.8528
65.417        64.8528
65.4258        64.8528
65.2634        64.8528
65.5377        64.8528
65.8332        64.8528
65.9503        64.8528
65.8547        64.8528
65.6681        64.8528
66.1441        64.8528
65.5326        64.8528
65.219        64.8528
65.4347        64.8528
65.4272        64.8528
65.3951        64.8528
65.5746        64.8528
66.0405        64.8528
66.1781        64.8528
65.899        64.8528
65.8082        64.8528
65.8913        64.8528
65.535        64.8528
65.8258        64.8528
65.7051        64.8528
65.6957        64.8528
65.7577        64.8528
65.6654        64.8528
65.4953        64.8528
65.3852        64.8528
65.7608        64.8528
65.7078        64.8528
65.4351        64.8528
65.5358        64.8528
65.8088        64.8528
65.6552        64.8528
66.0872        64.8528
65.881        64.8528
65.9584        64.8528
66.0221        64.8528
65.7342        64.8528
65.6197        64.8528
65.7557        64.8528
65.7206        64.8528
65.613        64.8528
65.6116        64.8528
65.7247        64.8528
65.8765        64.8528
65.6283        64.8528
66.1909        64.8528
66.1168        64.8528
65.6028        64.8528
65.189        64.8528
65.1409        64.8528
65.4137        64.8528
65.1874        64.8528
65.1731        64.8528
65.716        64.8528
65.6587        64.8528
65.7406        64.8528
65.7124        64.8528
65.9737        64.8528
65.988        64.8528
65.3818        64.8528
65.4272        64.8528
65.1429        64.8528
65.4648        64.8528
65.5781        64.8528
65.6299        64.8528
65.6597        64.8528
65.4604        64.8528
65.5557        64.8528
66.025        64.8528
65.7175        64.8528
65.9709        64.8528
65.7448        64.8528
65.3828        64.8528
65.7442        64.8528
65.6344        64.8528
65.7212        64.8528
65.4769        64.8528
65.171        64.8528
65.3318        64.8528
65.1552        64.8528
65.2529        64.8528
65.6924        64.8528
65.4187        64.8528
65.1147        64.8528
65.1063        64.8528
65.6494        64.8528
65.7498        64.8528
65.7949        64.8528
65.9244        64.8528
65.4001        64.8528
65.4594        64.8528
65.2869        64.8528
65.0775        64.8528
64.9103        64.8528
65.1148        64.8528
65.3696        64.8528
65.5121        64.8528
65.6535        64.8528
65.6862        64.8528
65.6154        64.8528
65.763        64.8528
65.9328        64.8528
65.6959        64.8528
65.5813        64.8528
65.4981        64.8528
65.7477        64.8528
66.0924        64.8528
65.8162        64.8528
65.7798        64.8528
65.3298        64.8528
65.468        64.8528
65.8628        64.8528
65.789        64.8528
65.761        64.8528
65.6736        64.8528
65.3905        64.8528
65.0427        64.8528
65.0571        64.8528
65.3446        64.8528
65.5979        64.8528
65.4678        64.8528
65.1895        64.8528
65.4047        64.8528
65.732        64.8528
65.6498        64.8528
65.276        64.8528
65.1844        64.8528
65.4785        64.8528
65.192        64.8528
65.503        64.8528
65.632        64.8528
65.4856        64.8528
65.8967        64.8528
65.6883        64.8528
65.804        64.8528
65.8244        64.8528
65.7085        64.8528
65.9426        64.8528
65.6505        64.8528
65.6652        64.8528
65.6596        64.8528
65.2788        64.8528
65.2046        64.8528
65.631        64.8528
65.7237        64.8528
65.1076        64.8528
65.4818        64.8528
65.5325        64.8528
65.3659        64.8528
65.4936        64.8528
65.7554        64.8528
65.6154        64.8528
65.692        64.8528
65.354        64.8528
65.1298        64.8528
65.5095        64.8528
65.8555        64.8528
65.6396        64.8528
65.5336        64.8528
65.5651        64.8528
65.6834        64.8528
65.6549        64.8528
65.4785        64.8528
65.5399        64.8528
65.4329        64.8528
65.4215        64.8528
65.4973        64.8528
65.6319        64.8528
65.7159        64.8528
65.2765        64.8528
65.2427        64.8528
65.2755        64.8528
65.3531        64.8528
65.3723        64.8528
65.1178        64.8528
65.5497        64.8528
65.6177        64.8528
65.6114        64.8528
65.4276        64.8528
65.4064        64.8528
65.6769        64.8528
65.6471        64.8528
65.8165        64.8528
65.8193        64.8528
65.6678        64.8528
65.7926        64.8528
65.2634        64.8528
65.1262        64.8528
64.9786        64.8528
65.0739        64.8528
65.379        64.8528
65.3232        64.8528
65.0628        64.8528
65.1603        64.8528
65.4188        64.8528
65.336        64.8528
65.5508        64.8528
65.31        64.8528
65.4717        64.8528
65.4247        64.8528
65.2485        64.8528
65.2356        64.8528
65.0469        64.8528
65.5081        64.8528
65.6396        64.8528
65.2944        64.8528
65.133        64.8528
65.3749        64.8528
65.3979        64.8528
65.5893        64.8528
65.6535        64.8528
65.6686        64.8528
65.6361        64.8528
65.5524        64.8528
66.0788        64.8528
66.35        64.8528
65.9127        64.8528
66.123        64.8528
65.6692        64.8528
65.5073        64.8528
65.3347        64.8528
65.3267        64.8528
65.5423        64.8528
65.9298        64.8528
65.5568        64.8528
65.8359        64.8528
65.766        64.8528
65.5559        64.8528
65.5826        64.8528
65.4634        64.8528
65.2098        64.8528
65.3548        64.8528
65.1904        64.8528
64.9486        64.8528
65.0922        64.8528
65.4943        64.8528
65.4014        64.8528
65.4429        64.8528
65.5767        64.8528
65.9907        64.8528
65.7831        64.8528
65.7386        64.8528
65.4206        64.8528
65.5715        64.8528
65.3254        64.8528
65.8224        64.8528
66.1367        64.8528
65.7045        64.8528
65.564        64.8528
65.7099        64.8528
65.8796        64.8528
65.614        64.8528
65.3667        64.8528
65.7453        64.8528
65.6199        64.8528
65.391        64.8528
65.242        64.8528
65.5297        64.8528
65.5533        64.8528
65.6494        64.8528
65.1768        64.8528
65.2891        64.8528
65.5758        64.8528
65.8475        64.8528
65.454        64.8528
65.6009        64.8528
65.4746        64.8528
66.094        64.8528
65.6825        64.8528
65.5723        64.8528
66.1262        64.8528
65.8937        64.8528
65.9559        64.8528
65.995        64.8528
65.7986        64.8528
66.0523        64.8528
66.2141        64.8528
66.3466        64.8528
65.5244        64.8528
65.3551        64.8528
65.58        64.8528
65.6699        64.8528
65.6093        64.8528
65.2602        64.8528
65.3132        64.8528
65.5265        64.8528
65.8712        64.8528
66.0129        64.8528
65.9376        64.8528
65.6452        64.8528
65.3167        64.8528
65.5921        64.8528
65.6321        64.8528
65.254        64.8528
65.2313        64.8528
65.3098        64.8528
65.3779        64.8528
65.7485        64.8528
65.4621        64.8528
65.1608        64.8528
65.1844        64.8528
65.731        64.8528
65.8047        64.8528
65.4599        64.8528
65.7003        64.8528
65.3849        64.8528
65.4142        64.8528
65.6527        64.8528
65.4511        64.8528
65.7269        64.8528
65.8581        64.8528
65.9229        64.8528
65.579        64.8528
65.3089        64.8528
65.4477        64.8528
65.6312        64.8528
65.5839        64.8528
65.2493        64.8528
65.3863        64.8528
65.1215        64.8528
65.1348        64.8528
65.1154        64.8528
65.3853        64.8528
65.394        64.8528
65.426        64.8528
65.4331        64.8528
65.3685        64.8528
65.1249        64.8528
65.1244        64.8528
65.4842        64.8528
65.8632        64.8528
65.6198        64.8528
65.8269        64.8528
65.8001        64.8528
65.9941        64.8528
65.5446        64.8528
65.2938        64.8528
65.194        64.8528
65.39        64.8528
65.5728        64.8528
65.4406        64.8528
65.6913        64.8528
65.5471        64.8528
65.2983        64.8528
65.4297        64.8528
65.2768        64.8528
65.6025        64.8528
65.4066        64.8528
65.4297        64.8528
65.9855        64.8528
65.9547        64.8528
66.0268        64.8528
65.6922        64.8528
65.6998        64.8528
66.0195        64.8528
65.4936        64.8528
65.929        64.8528
65.7635        64.8528
65.5176        64.8528
65.3854        64.8528
65.1774        64.8528
65.4225        64.8528
65.5729        64.8528
65.1761        64.8528
65.6227        64.8528
65.5216        64.8528
65.5682        64.8528
65.7607        64.8528
65.7672        64.8528
65.2478        64.8528
65.2838        64.8528
65.3499        64.8528
65.7257        64.8528
65.692        64.8528
65.4629        64.8528
65.2433        64.8528
65.4048        64.8528
65.4415        64.8528
65.5506        64.8528
65.5147        64.8528
65.5305        64.8528
65.2801        64.8528
65.1748        64.8528
65.2585        64.8528
65.3483        64.8528
65.7116        64.8528
65.5755        64.8528
65.3955        64.8528
65.4429        64.8528
65.6299        64.8528
65.8208        64.8528
66.125        64.8528
65.8529        64.8528
65.6352        64.8528
65.6116        64.8528
65.6426        64.8528
65.758        64.8528
65.7902        64.8528
65.7078        64.8528
65.6446        64.8528
65.9744        64.8528
65.728        64.8528
65.4765        64.8528
65.5088        64.8528
65.7266        64.8528
65.7148        64.8528
65.5098        64.8528
65.605        64.8528
65.7519        64.8528
65.9287        64.8528
65.895        64.8528
65.9199        64.8528
65.9787        64.8528
65.9832        64.8528
66.3472        64.8528
66.3066        64.8528
66.0503        64.8528
66.525        64.8528
65.6864        64.8528
65.676        64.8528
65.7465        64.8528
65.3349        64.8528
65.4989        64.8528
65.8228        64.8528
65.7267        64.8528
65.5947        64.8528
65.3224        64.8528
65.4346        64.8528
65.5008        64.8528
65.4789        64.8528
65.6306        64.8528
65.5534        64.8528
65.1638        64.8528
65.5796        64.8528
65.4592        64.8528
65.2718        64.8528
65.5464        64.8528
65.3016        64.8528
65.5927        64.8528
65.3484        64.8528
65.5177        64.8528
65.1725        64.8528
65.535        64.8528
65.5563        64.8528
65.8477        64.8528
65.5632        64.8528
65.5578        64.8528
65.1706        64.8528
65.5933        64.8528
65.6713        64.8528
65.3284        64.8528
65.4597        64.8528
65.8199        64.8528
65.8286        64.8528
65.7421        64.8528
65.4794        64.8528
65.1039        64.8528
65.17        64.8528
65.4608        64.8528
65.8257        64.8528
65.5224        64.8528
65.6273        64.8528
65.4951        64.8528
65.8827        64.8528
65.3291        64.8528
65.3559        64.8528
65.272        64.8528
65.2211        64.8528
65.3107        64.8528
65.5395        64.8528
65.4606        64.8528
65.9035        64.8528
65.6842        64.8528
65.4907        64.8528
65.6466        64.8528
65.65        64.8528
65.7641        64.8528
66.3979        64.8528
66.035        64.8528
65.601        64.8528
65.58        64.8528
65.6757        64.8528
65.3069        64.8528
65.7993        64.8528
66.0833        64.8528
65.4168        64.8528
65.6567        64.8528
65.5666        64.8528
65.6085        64.8528
66.0457        64.8528
66.2008        64.8528
65.8112        64.8528
65.6994        64.8528
65.4462        64.8528
65.3814        64.8528
65.33        64.8528
65.3641        64.8528
65.7184        64.8528
65.308        64.8528
65.0845        64.8528
65.2477        64.8528
65.2108        64.8528
65.1433        64.8528
65.6242        64.8528
65.8542        64.8528
65.8794        64.8528
65.7465        64.8528
65.5802        64.8528
65.9508        64.8528
65.6814        64.8528
65.7451        64.8528
65.5683        64.8528
65.231        64.8528
65.0986        64.8528
65.0495        64.8528
65.345        64.8528
65.9338        64.8528
65.8876        64.8528
65.616        64.8528
65.729        64.8528
66.0768        64.8528
65.5484        64.8528
65.5462        64.8528
65.7798        64.8528
65.6511        64.8528
65.1338        64.8528
65.1924        64.8528
65.766        64.8528
65.6745        64.8528
65.8902        64.8528
65.6616        64.8528
65.3637        64.8528
65.3694        64.8528
65.7656        64.8528
65.4619        64.8528
65.5444        64.8528
65.7851        64.8528
65.6914        64.8528
65.6059        64.8528
65.6973        64.8528
65.643        64.8528
65.3743        64.8528
65.6416        64.8528
65.4349        64.8528
65.6007        64.8528
65.8286        64.8528
65.5878        64.8528
65.3826        64.8528
65.5889        64.8528
65.3959        64.8528
65.6045        64.8528
65.5385        64.8528
65.6194        64.8528
65.4409        64.8528
65.2579        64.8528
65.6093        64.8528
65.5569        64.8528
65.3782        64.8528
65.5065        64.8528
66.1162        64.8528
65.4634        64.8528
65.0226        64.8528
65.4018        64.8528
65.4248        64.8528
65.4027        64.8528
65.4805        64.8528
65.6284        64.8528
65.6511        64.8528
65.7756        64.8528
65.3921        64.8528
65.607        64.8528
65.689        64.8528
65.9431        64.8528
65.8224        64.8528
65.4985        64.8528
65.3459        64.8528
65.5514        64.8528
65.9311        64.8528
66.2035        64.8528
65.9258        64.8528
66.1437        64.8528
66.0171        64.8528
65.4593        64.8528
65.3326        64.8528
65.6033        64.8528
65.4648        64.8528
65.5632        64.8528
65.9796        64.8528
66.0331        64.8528
65.8346        64.8528
66.1342        64.8528
65.6989        64.8528
65.6775        64.8528
65.4862        64.8528
65.3979        64.8528
65.126        64.8528
65.1962        64.8528
65.3129        64.8528
65.4853        64.8528
65.4474        64.8528
65.5574        64.8528
65.5104        64.8528
65.3658        64.8528
65.1263        64.8528
65.4472        64.8528
65.7056        64.8528
65.4946        64.8528
65.8017        64.8528
65.4738        64.8528
65.4973        64.8528
65.381        64.8528
65.3981        64.8528
65.6953        64.8528
65.5565        64.8528
65.1563        64.8528
65.3671        64.8528
65.7352        64.8528
65.6511        64.8528
65.5052        64.8528
65.4795        64.8528
65.555        64.8528
65.6571        64.8528
65.6741        64.8528
65.5641        64.8528
66.0112        64.8528
65.5014        64.8528
65.6547        64.8528
65.6514        64.8528
65.5261        64.8528
65.9497        64.8528
65.8179        64.8528
65.6911        64.8528
65.3952        64.8528
65.3615        64.8528
65.584        64.8528
65.973        64.8528
66.1559        64.8528
65.803        64.8528
65.6034        64.8528
65.3065        64.8528
65.5243        64.8528
65.69        64.8528
65.4966        64.8528
65.6297        64.8528
65.9718        64.8528
65.5552        64.8528
65.3653        64.8528
65.7215        64.8528
65.586        64.8528
65.7383        64.8528
65.3431        64.8528
65.5854        64.8528
65.3596        64.8528
65.2007        64.8528
65.5546        64.8528
65.9094        64.8528
65.4102        64.8528
65.4288        64.8528
65.6094        64.8528
65.3806        64.8528
65.476        64.8528
65.2703        64.8528
65.3721        64.8528
65.5766        64.8528
65.5053        64.8528
65.8929        64.8528
65.6337        64.8528
65.2973        64.8528
65.3623        64.8528
65.4634        64.8528
65.8102        64.8528
65.4488        64.8528
65.6472        64.8528
65.9932        64.8528
65.7042        64.8528
65.7331        64.8528
65.8449        64.8528
65.6725        64.8528
66.0235        64.8528
66.2458        64.8528
65.8285        64.8528
65.2796        64.8528
65.3416        64.8528
65.5127        64.8528
65.189        64.8528
65.1894        64.8528
65.2922        64.8528
65.2586        64.8528
65.042        64.8528
65.1609        64.8528
65.7445        64.8528
65.0418        64.8528
65.3766        64.8528
65.5699        64.8528
65.335        64.8528
65.4287        64.8528
65.262        64.8528
65.5493        64.8528
65.4471        64.8528
65.7745        64.8528
65.5082        64.8528
65.5327        64.8528
65.3041        64.8528
65.6191        64.8528
65.8287        64.8528
65.9237        64.8528
66.0429        64.8528
65.4337        64.8528
65.6203        64.8528
65.4588        64.8528
65.6274        64.8528
65.8279        64.8528
65.8725        64.8528
65.5101        64.8528
65.5749        64.8528
65.6789        64.8528
65.621        64.8528
65.5554        64.8528
65.4857        64.8528
65.5972        64.8528
65.9417        64.8528
66.0549        64.8528
65.7378        64.8528
66.1196        64.8528
65.723        64.8528
65.5337        64.8528
65.6114        64.8528
65.5558        64.8528
65.7409        64.8528
65.4494        64.8528
65.5677        64.8528
65.6619        64.8528
65.737        64.8528
65.477        64.8528
65.3105        64.8528
65.4505        64.8528
65.276        64.8528
65.5497        64.8528
65.6326        64.8528
65.3178        64.8528
65.0777        64.8528
65.8655        64.8528
65.2799        64.8528
65.3879        64.8528
65.5816        64.8528
65.5423        64.8528
65.7474        64.8528
65.7033        64.8528
65.6646        64.8528
65.3393        64.8528
65.6946        64.8528
65.7699        64.8528
65.6167        64.8528
65.6585        64.8528
65.6482        64.8528
65.3382        64.8528
65.4059        64.8528
65.2861        64.8528
65.3627        64.8528
65.3717        64.8528
65.2692        64.8528
65.5133        64.8528
65.6471        64.8528
66.0757        64.8528
65.6851        64.8528
65.7718        64.8528
65.8394        64.8528
65.549        64.8528
65.7535        64.8528
65.7313        64.8528
65.8097        64.8528
65.6326        64.8528
65.6897        64.8528
65.2708        64.8528
65.5736        64.8528
65.6033        64.8528
65.5462        64.8528
65.3983        64.8528
65.0506        64.8528
65.3197        64.8528
65.7292        64.8528
66.5007        64.8528
66.1125        64.8528
65.5241        64.8528
