492.747        438.486
468.447        419.364
445.338        410.463
429.241        393.843
417.745        392.207
408.335        384.528
397.395        379.382
389.589         368.73
381.774        360.307
374.744        354.503
367.127        350.192
360.153        338.851
353.665        326.407
345.811        323.484
336.979        314.125
327.514        311.631
320.429        307.655
314.768        300.108
310.81        295.019
305.671        289.097
300.811        281.445
294.223        276.222
288.024        272.375
282.189        267.896
277.147        262.123
272.079        260.588
268.195        254.587
264.782        248.945
259.921        243.587
255.01        242.086
248.545        236.628
244.769        227.895
239.7        224.494
234.994        223.986
230.327        222.359
227.159        216.057
225.435        214.625
223.932         208.56
220.804        207.414
217.948        204.807
214.784        201.091
210.973        199.908
207.45        195.036
203.995        192.905
200.48        190.962
197.151        188.839
194.808        187.448
193.041        187.448
190.232        185.676
189.081        183.266
187.343        179.809
186.009        179.662
185.008        177.451
183.874        176.298
181.025        174.561
179.256        172.468
178.125         169.23
176.21        166.712
173.96        166.712
172.24        165.299
170.076        162.408
168.527         161.67
166.028        161.527
164.392        157.706
163.861        156.802
162.619        155.489
160.402        155.489
159.57        152.438
157.486        151.125
155.091        148.348
153.016        148.225
151.31        146.567
149.986        145.814
148.364         144.22
147.483        140.507
146.087        138.873
144.389        136.684
142.937        136.652
140.886        134.522
139.284        134.522
137.274        133.064
136.431        131.531
135.09        131.531
133.939        130.323
132.865        130.148
132.453        129.563
131.567        128.608
131.005        127.739
130.194         127.28
130.16        125.338
128.968        125.338
128.052        123.864
127.385        123.363
126.159        121.785
124.78        121.741
123.807        120.453
122.768        120.194
122.165        119.432
121.717        119.111
121.128        119.111
120.609        118.185
119.896        117.709
119.718        115.829
118.489        114.626
117.669        113.696
116.238        112.584
115.581        110.469
114.424        110.469
113.01        109.742
111.977        109.139
111.871        108.138
110.932        107.388
110.49        106.503
109.227        105.752
109.084         105.38
108.182        105.334
107.103        104.905
106.505        104.487
106.082        103.935
105.656        103.935
105.354        103.584
105.527        103.584
105.411        103.216
105.054        103.216
104.044        102.803
103.803        102.557
103.321         102.18
103.35        101.934
103.035        101.495
102.602        101.003
102.788        100.318
101.919        100.318
101.725        100.318
101.591        99.8254
101.333        99.3567
100.967        99.3567
100.552        98.9628
100.254        98.6792
100.204        97.9364
100.683        97.3693
100.597        97.3693
100.428        97.1286
100.009        97.1286
99.53        97.1286
99.382        96.6599
99.0935        96.6599
98.6328        96.1007
98.3005        96.1007
97.829        95.9538
97.5938        95.7793
97.0458        94.6963
96.4432        94.3647
96.483        94.0928
95.7802        93.7422
95.5674        92.9742
95.7253        91.7092
96.0568        91.7092
95.5804        91.7092
94.2681        91.7092
93.5067        91.7092
92.8196        91.6934
92.2577        91.0319
92.4255        91.0319
91.8133        90.9243
91.5524        90.9243
91.7636        90.1343
91.6855        90.1343
91.2488        90.1079
91.5646        89.4333
92.0126        88.7089
91.9588        88.7089
91.4583        88.7089
91.1967        88.6073
90.6408        88.6073
90.0054        88.6073
89.5819        88.5194
89.364        87.2705
89.4133        87.2705
88.6975        86.9364
88.1153        86.8485
88.0213        85.9643
87.9221        85.5042
87.6478        85.5042
87.2693        85.5042
86.5509        85.4469
86.4734        85.4469
86.1572         84.658
86.3122         84.658
86.1067        84.3036
85.5438        84.2685
85.6391        84.2685
85.2782        84.2685
85.1282         83.639
85.3604        83.1823
84.8773        82.5528
84.4206        82.5175
83.6064         81.888
83.0622        81.4541
82.6454        81.3063
82.5246        81.3063
82.2668         81.259
82.0393        81.1641
82.1014        81.1168
81.7171        81.1168
81.8408        81.1091
81.9013        80.6329
81.6351        80.4907
81.582        80.2203
81.1584        80.2203
80.9998        80.2203
80.7859        79.6693
80.5403          79.28
80.6306          79.28
80.7972        79.1543
80.4296        79.1543
80.0632        79.1543
79.989        79.1543
79.6949        79.1543
79.5167        79.1543
79.83        78.3949
79.9266        78.3949
79.2749        78.3949
78.8753        78.3949
78.9519        78.3949
78.9808        78.3949
78.908        78.3949
79.3693        77.3635
79.1294        77.1429
78.748        77.1429
78.0967        76.6659
78.511        76.3295
77.7501        76.3295
78.0288        76.2952
78.4639        76.2952
78.4372        76.2952
78.1752        76.2952
78.0307        76.2952
77.5538        76.2952
77.6599        76.1013
77.1449        76.1013
77.167        76.1013
77.1137        76.1013
77.0072        76.1013
76.5897        76.1013
76.5251        75.6394
76.4138        75.6394
76.7787        75.6394
76.8346        75.5393
76.7563        75.4561
76.3328         75.356
76.2856         75.356
76.1491         75.356
76.1341         75.356
75.836        75.1946
75.7274        75.1946
75.8261        75.1614
75.8167        75.1614
75.8691        75.1614
75.843        75.1614
75.6395        75.1614
75.5494        75.1614
75.6267        75.1614
75.6524        75.1614
76.1916        75.0882
76.1331        75.0882
75.7943        75.0161
75.6586        75.0161
75.7939        74.9424
75.8863        74.9424
75.939        74.9424
75.7522        74.9424
75.8779        74.8399
75.7256        74.8399
75.9049        74.6505
75.6805        74.6505
75.368        74.2226
75.9224        74.2226
77.2017        73.6986
78.1553        73.6986
78.4504        73.6986
77.7484        73.6986
77.4151        73.6986
76.211        73.6986
75.2889        73.6986
74.8138        73.6986
74.5383        73.4714
74.0536        73.4714
75.0865        73.4714
74.7284        73.4714
74.5299        73.3362
74.2221        73.3362
74.1841        73.3162
74.1663        73.3162
74.1287        73.3162
74.0744        73.3162
74.1252        73.3162
74.2046        73.3162
74.1338        73.1565
74.0954         73.149
73.8351        72.8879
73.7383        72.8804
73.8806        72.8804
74.1143        72.8804
73.8046        72.8804
73.7601        72.8804
73.5929        72.8804
73.5569        72.8804
73.5993        72.8804
73.7715        72.8804
73.6939        72.8804
73.6806        72.8804
73.7763        72.8804
73.694        72.8804
73.8551        72.8804
73.9366        72.8804
73.6829        72.8804
73.5037        72.8804
73.3712        72.8804
73.8988        72.8804
73.7324        72.8804
73.9111        72.8804
73.5207        72.8804
73.6122        72.6247
73.6673        72.6247
73.6498        72.6247
74.0509        72.5633
73.507        72.3076
72.8214        72.3076
73.2994        72.2895
72.8275        72.1767
72.8186        72.1586
72.8236        72.1586
72.7176        72.1586
72.4617        72.1586
72.385        71.7892
72.8872        71.7892
73.9245        71.7892
73.9838        71.7892
74.0158        71.7892
73.4579        71.7892
72.9455        71.7892
72.7524        71.7892
72.8974        71.7892
72.6654        71.6096
72.3472        71.6096
72.6714        71.6096
72.3091        71.6096
72.5958        71.6096
72.6694        71.6096
72.2998        71.6096
72.3775        71.6096
72.3688        71.6096
72.5223        71.5296
72.2132        71.5296
71.8913        71.5296
72.1077        71.2761
72.3193        71.2761
72.4559        71.2761
72.4331        71.2761
72.2044        70.9457
72.1981        70.9457
72.6398        70.9457
72.7063        70.9457
71.896        70.9457
71.8319        70.9457
71.8018        70.9457
71.3993        70.9457
71.3088        70.9457
71.3757        70.9457
71.9137        70.9457
71.8802        70.9457
71.671        70.9457
71.6491        70.9457
72.2209        70.9457
72.4139        70.9457
72.2088        70.9457
71.8223        70.9457
71.8166        70.9457
71.2713        70.9457
71.4477        70.9457
71.2974        70.9457
71.5478        70.9125
71.4716        70.9125
71.5301        70.9061
71.8096        70.9061
71.4542        70.7231
71.76        70.7231
71.5256        70.7231
71.5709        70.4632
71.3905        70.4632
71.5498        70.4632
71.2615        70.4632
71.698        70.4527
71.1944        70.4527
71.1176        70.4527
71.2926        70.4527
70.8846        70.4527
71.2982        70.4527
71.4297        70.4527
71.5769        70.4527
70.9032        70.4527
70.9751        70.4527
71.0011        70.4527
70.86        70.4527
70.9758        70.4527
70.8795        70.4527
70.9426        70.4527
70.9068        70.4527
70.8106        70.4527
70.786        70.4527
70.7485        70.4527
71.2042        70.4527
71.2561        70.4527
71.2797        70.4527
70.9565        70.4527
71.1622        70.4388
70.9728        70.4388
70.74        70.2158
70.8805        70.2158
70.9991        70.0954
70.9107        70.0954
71.7193          69.39
73.1797          69.39
74.1829          69.39
74.4667          69.39
73.9546          69.39
72.1796          69.39
72.0363          69.39
70.6282          69.39
70.6401        69.2652
70.2914        69.2652
70.2738        69.2652
70.1575        69.2652
70.1497        69.2652
69.77        69.2652
69.9872        69.2652
70.0531        69.2652
70.4972        69.2652
69.9912        68.4107
70.5062        68.4107
73.2524        68.4107
73.8205        68.4107
73.0432        68.4107
72.165        68.4107
71.0347        68.4107
70.0329        68.4107
69.4304        68.4107
69.1351         68.403
68.8751         68.403
69.1318         68.403
69.2186         68.403
69.3378         68.403
68.7483         68.403
69.2693         68.403
69.1415         68.403
69.0244         68.403
68.8378         68.403
69.2697         68.403
69.1523         68.403
69.0883         68.403
69.1357         68.403
68.9598         68.403
68.7495         68.403
68.7071        68.2498
68.8887        68.2498
68.8101        68.2498
68.9324        68.2498
69.0231        68.2498
69.2336        68.2498
69.1221        68.1568
68.927        68.1568
68.4783        68.1568
68.6796        68.1568
68.7131        68.1568
69.0546        68.1568
68.966        68.1568
69.2117        68.1568
68.9666        68.1568
69.2027        68.1568
68.7498        68.1568
68.8368        68.1568
69.159        68.1568
68.9161        68.1568
68.9656        68.1568
68.7686        67.9376
68.6217        67.9376
68.7293        67.9376
68.8244        67.9376
69.1029        67.7004
68.8241        67.7004
69.0433        67.7004
68.4611        67.7004
69.1588        67.7004
68.6405        67.7004
68.871        67.7004
68.5668        67.7004
68.3005        67.7004
68.3192        67.7004
68.8395        67.7004
68.838        67.7004
68.2728        67.7004
68.7919        67.7004
68.273        67.7004
68.6698        67.7004
68.7337        67.7004
68.7904        67.7004
68.6283        67.7004
68.277        67.7004
68.6097        67.7004
68.4351        67.7004
68.2075        67.7004
68.0065        67.7004
67.949        67.7004
68.2054        67.7004
68.0507        67.7004
68.1855        67.7004
67.958        67.7004
68.2593        67.7004
68.0311        67.7004
68.1252        67.7004
68.366        67.7004
68.3601        67.7004
68.0836        67.7004
68.204        67.7004
68.5932        67.7004
68.5018        67.7004
68.2104        67.7004
67.9824        67.7004
68.0419        67.7004
68.1636        67.7004
68.4009        67.7004
68.7078        67.7004
68.4529        67.7004
68.3012        67.7004
68.3154        67.7004
68.4079        67.7004
68.7502        67.7004
68.3776        67.7004
68.5029        67.7004
68.6142        67.7004
68.7215        67.7004
68.7095        67.7004
68.5576        67.7004
68.5297        67.7004
68.5709        67.7004
68.7311        67.7004
68.5046        67.7004
68.3301        67.7004
68.2529        67.7004
68.1346        67.7004
68.4546        67.7004
68.0667        67.7004
68.5233        67.7004
68.3599        67.7004
68.3916        67.7004
67.9621        67.7004
68.2498        67.7004
68.4431        67.7004
68.4242        67.7004
68.499        67.7004
68.3493        67.7004
68.1381        67.7004
68.1074        67.7004
68.6488        67.7004
68.2753        67.7004
68.1667        67.7004
68.4614        67.7004
68.5366        67.7004
68.5724        67.7004
68.1977        67.7004
68.3797        67.7004
68.3974        67.7004
68.6721        67.7004
68.7177        67.7004
68.9564        67.7004
68.5236        67.7004
68.0723        67.7004
68.0913        67.7004
68.0131        67.7004
68.2138        67.7004
68.3479        67.7004
68.3554        67.7004
68.9446        67.7004
68.4722        67.7004
68.2579        67.7004
68.3525        67.7004
68.4259        67.7004
68.4918        67.7004
68.4784        67.7004
68.8325        67.7004
68.612        67.7004
68.7        67.7004
68.991        67.7004
68.4565        67.7004
68.3184        67.7004
68.5355        67.7004
68.3786        67.7004
68.832        67.7004
68.7246        67.7004
68.36        67.7004
68.3456        67.7004
68.1024        67.5834
68.2045        67.5834
68.2662        67.5834
68.1305        67.5834
67.9981        67.5834
68.773        67.5834
68.2751        67.5834
68.0691        67.5834
68.3427        67.5834
68.3738        67.5834
68.458        67.5834
68.3432        67.5834
68.7148        67.5834
68.3168        67.5834
68.3193        67.5834
68.1688        67.5834
68.695        67.5834
68.4325        67.5834
69.4543        67.5834
68.4527        67.5834
68.434        67.5834
68.3967        67.5834
68.6927        67.5834
68.1637        67.5834
67.7542        67.5834
67.8678        67.5834
68.1185        67.5834
68.1012        67.5834
68.1126        67.5834
68.1731        67.5834
69.5868        67.2557
71.3144        67.2557
72.0611        67.2557
72.7181        67.2557
72.6486        67.2557
72.0613        67.0654
70.2963        67.0654
69.198        67.0654
68.4673        67.0654
67.9872        67.0654
67.959        67.0654
68.1732        67.0654
67.6244        67.0654
67.3599        67.0654
67.607        67.0654
67.4044        67.0654
67.3884        67.0654
67.8937        67.0654
67.76        67.0654
68.1131        67.0654
68.4225        67.0654
67.8656        67.0654
67.8772        67.0654
68.4679        67.0654
67.816        67.0654
67.8862        67.0654
68.2256        67.0654
68.3688        67.0654
68.2397        67.0654
68.1019        67.0654
67.5475        67.0654
67.3365        67.0654
67.6131        67.0654
67.3735        67.0654
67.3128        67.0654
67.9543        67.0654
67.5639        67.0654
67.5349        67.0654
67.8999        67.0654
67.5973        67.0654
67.7148        67.0654
67.6002        67.0654
68.1163        67.0654
67.8186        67.0654
68.2425        67.0654
68.2126        67.0654
68.0974        67.0654
67.7378        67.0654
67.3855        67.0654
67.302        67.0654
67.4441        67.0654
67.3778        67.0654
67.8212        67.0654
67.5639        67.0654
67.6977        67.0654
67.4626        67.0654
67.4804        67.0654
67.6399        67.0654
68.0219        67.0654
68.0426        67.0654
68.1036        67.0654
67.7294        67.0654
67.4981        67.0654
67.7187        67.0654
68.0787        67.0654
67.8436        67.0654
67.4732        67.0654
67.304        67.0654
67.3649        67.0654
67.3648        67.0654
68.0693        67.0654
68.3927        67.0654
68.3056        67.0654
68.154        67.0654
67.888        67.0654
68.2896        67.0654
68.1617        67.0654
67.9633        67.0654
67.9764        67.0654
67.8189        67.0654
68.0224        67.0654
67.8735        67.0654
67.8547        67.0654
67.8992        67.0654
67.9416        67.0654
68.1104        67.0654
67.8489        67.0654
67.6366        67.0654
67.4752        67.0654
67.6549        67.0654
67.5856        67.0654
67.6519        67.0654
67.5174        67.0654
67.7423        67.0654
68.0932        67.0654
67.7225        67.0654
67.7724        67.0654
68.113        67.0654
67.8737        67.0654
68.0233        67.0654
68.347        67.0654
67.8577        67.0654
68.0922        67.0654
68.035        67.0654
67.3167        67.0654
67.4489        67.0654
67.3437        67.0654
67.9817        67.0654
67.6902        67.0654
67.7576        67.0654
67.6127        67.0654
67.6721        67.0654
67.5763        67.0654
67.6813        67.0654
67.5812        67.0654
67.2984        67.0654
67.2595        67.0654
67.1636        67.0654
67.3672        67.0654
67.3791        67.0654
67.3334        67.0654
67.4927        67.0654
67.7339        67.0654
67.8169        67.0654
67.814        67.0654
67.8165        67.0654
67.7872        66.7409
68.2182        66.7409
68.3384        66.7409
68.0239        66.7409
68.2045        66.7409
67.9249        66.7409
67.3454        66.7409
67.097        66.7409
67.1432        66.7409
67.3087        66.7409
67.1933        66.7409
67.3683        66.7409
67.4045        66.7409
67.2699        66.7409
67.7718        66.2213
67.3509        66.2213
67.4318        66.2213
67.5142        66.2213
67.3516        66.2213
67.1268        66.1727
67.0663        66.1727
67.1692        66.1727
66.9053        66.1727
67.0067        66.1727
66.8139        66.1727
66.9622        66.1727
66.6825        66.1727
66.5419        66.1727
66.6344        66.1727
67.0995        66.1727
67.0858        66.1727
66.8956        66.1727
66.9401        66.1727
66.8796        66.1727
66.7944        66.1727
66.7193        66.1727
66.702        66.1727
66.9321        66.1727
67.0658        66.1727
66.8001        66.1727
66.498        66.1727
66.7147        66.1727
66.7832        66.1727
66.9429        66.1727
66.7279        66.1727
66.896        66.1727
67.006        66.1727
67.2776        66.1727
67.1207        66.1727
67.0157        66.1727
66.9295        66.1727
66.7889        66.1727
66.8879        66.1727
67.0031        66.1727
67.2177        66.1727
66.9382        66.1727
66.9921        66.1727
67.0415        66.1727
66.887        66.1727
66.7605        66.1727
66.8137        66.1727
67.1171        66.1727
66.7108        66.1727
67.2699        66.1727
67.1803        66.1727
66.6968        66.1727
66.548        66.1727
66.6519        66.1727
66.3821        66.1727
66.2666        66.1727
66.5969        66.1727
66.7223        66.1727
66.7906        66.1727
67.2986        66.1727
67.0552        66.1727
67.5233        66.1727
67.1761        66.1727
66.847        66.1727
67.1179        66.1727
67.1271        66.1727
66.9976        66.1727
66.9643        66.1727
67.3924        66.1727
66.7074        66.1727
66.7167        66.1727
66.8814        66.1727
66.9849        66.1727
66.6869        66.1727
66.738        66.1727
66.6292        66.1727
66.7808        66.1727
67.0729        66.1727
66.9137        66.1727
66.6342        66.1727
66.768        66.1727
66.8706        66.1727
66.8189        66.1727
66.9006        66.1727
67.0954        66.1727
67.0147        66.1727
67.2734        66.1727
67.8101        66.1727
67.1594        66.1727
66.7295        66.1727
67.2628        66.1727
66.9967        66.1727
67.0506        66.1727
66.5911        66.1727
66.6668        66.1727
66.5426        66.1727
66.691        66.1727
66.5279        66.1727
66.6004        66.1727
67.0763        66.1727
67.3677        66.1727
66.8139        66.1727
67.0991        66.1727
67.341        66.1727
67.0376        66.1727
66.782        66.1727
66.6346        66.1727
66.9412        66.1727
66.5791        66.1727
66.6835        66.1727
66.7895        66.1727
66.9061        66.1727
66.6767        66.1727
67.0524        66.1727
66.8387        66.1727
66.4531        66.1727
66.741        66.1727
66.817        66.1727
66.9642        66.1727
66.7884        66.1727
66.7101        66.1727
67.4091        66.1727
66.9405        66.1727
66.7752        66.1727
66.7956        66.1727
66.8825        66.1727
66.6592        66.1727
66.4182        66.1727
66.4905        66.1727
66.4067        66.1727
66.524        66.1727
66.4871        66.1727
67.0176        66.1727
66.5483        66.1727
66.5527        66.1727
66.6796        66.1727
66.9991        66.1727
66.8905        66.1727
66.6647        66.1727
66.4872        66.1727
66.6065        66.1727
66.7022        66.1727
66.892        66.1727
66.7259        66.1727
66.8583        66.1727
66.9417        66.1727
66.9467        66.1727
66.9008        66.1727
66.5239        66.1727
66.4376        66.1727
66.7659        66.1727
66.7891        66.1727
67.1724        66.1727
66.8794        66.1727
66.7094        66.1727
66.7631        66.1727
66.7159        66.1727
66.6844        66.1727
66.591        66.1727
66.3472        66.1727
66.491        66.1727
66.3779        66.1727
66.344        66.1727
66.9503        66.1727
66.5222        66.1727
66.6006        66.1727
66.7854        66.1727
66.9854        66.1727
66.9606        66.1727
66.92        66.1727
66.8118        66.1727
67.1463        66.1727
66.9825        66.1727
66.8314        66.1727
66.8341        66.1727
66.817        66.1727
67.1772        66.1727
67.5126        66.1727
67.026        66.1727
67.1333        66.1727
67.2193        66.1727
66.9425        66.1727
67.1367        66.1727
67.0395        66.1727
66.7404        66.1727
66.9775        66.1727
66.962        66.1727
67.1276        66.1727
67.1742        66.1727
67.3532        66.1727
67.745        66.1727
67.0837        66.1727
66.8173        66.1727
66.8363        66.1727
66.6236        66.1727
66.6561        66.1727
66.6024        66.1727
66.6845        66.1727
66.4165        66.1727
66.4704        66.1727
66.8473        66.1727
66.5747        66.1727
66.8686        66.1727
67.1726        66.1727
66.7088        66.1727
66.9533        66.1727
66.8218        66.1727
67.0723        66.1727
67.0606        66.1727
67.1545        66.1727
66.9465        66.1727
67.0637        66.1727
66.8128        66.1727
66.6546        66.1727
66.9639        66.1727
66.6095        66.1727
66.7036        66.1727
66.6301        66.1727
66.699        66.1727
67.0018        66.1727
66.7625        66.1727
66.5399        66.1727
66.4236        66.1727
66.703        66.1727
66.5096        66.1727
66.495        66.1727
66.6179        66.1727
66.5757        66.1727
66.8226        66.1727
67.2863        66.1727
67.1928        66.1727
67.1204        66.1727
66.9748        66.1727
66.907        66.1727
66.5401        66.1727
66.622        66.1727
66.5364        66.1727
66.7501        66.1727
66.5934        66.1727
66.7664        66.1727
66.4555        66.1727
66.8007        66.1727
66.9108        66.1727
67.2428        66.1727
67.3456        66.1727
67.188        66.1727
66.8814        66.1727
66.8761        66.1727
66.8708        66.1727
66.7684        66.1727
66.7424        66.1727
66.8182        66.1727
67.3305        66.1727
67.2412        66.1727
66.8173        66.1727
66.5166        66.1727
66.8853        66.1727
67.1547        66.1727
67.5167        66.1727
67.2952        66.1727
67.0699        66.1727
66.6824        66.1727
67.3861        66.1727
67.0391        66.1727
66.8383        66.1727
67.235        66.1727
66.7055        66.1727
66.4281        66.1727
66.9729        66.1727
67.478        66.1727
67.3977        66.1727
67.4569        66.1727
67.1127        66.1727
67.6        66.1727
66.954        66.1727
67.3078        66.1727
67.0901        66.1727
67.2223        66.1727
66.6308        66.1727
67.0007        66.1727
67.241        66.1727
66.6767        66.1727
66.6583        66.1727
66.5788        66.1727
66.6782        66.1727
66.4204        66.1727
67.0958        66.1727
67.256        66.1727
67.0874        66.1727
66.9146        66.1727
67.0196        66.1727
66.6335        66.1727
66.8892        66.1727
66.7735        66.1727
67.1308        66.1727
67.4872        66.1727
67.1737        66.1727
66.8016        66.1727
66.7118        66.1727
66.8249        66.1727
66.6331        66.1727
66.7007        66.1727
66.7596        66.1727
66.9539        66.1727
66.527        66.1727
66.8073        66.1727
66.6912        66.1727
66.8835        66.1727
66.9146        66.1727
67.0128        66.1727
67.174        66.1727
67.2003        66.1727
67.0641        66.1727
66.9349        66.1727
67.0122        66.1727
67.1955        66.1727
66.5929        66.1727
66.6686        66.1727
66.532        66.1727
66.5105        66.1727
66.826        66.1727
66.7096        66.1727
66.5532        66.1727
66.7352        66.1727
66.7958        66.1727
66.9438        66.1727
67.077        66.1727
67.0097        66.1727
66.956        66.1727
66.8063        66.1727
66.8025        66.1727
66.5979        66.1727
66.9292        66.1727
67.114        66.1727
66.7713        66.1727
66.6153        66.1727
66.7734        66.1727
66.773        66.1727
66.9312        66.1727
66.4795        66.1727
66.6635        66.1727
66.7773        66.1727
66.9756        66.1727
66.9054        66.1727
66.5981        66.1727
66.6993        66.1727
66.6431        66.1727
66.8989        66.1727
67.4127        66.1727
66.6457        66.1727
66.6185        66.1727
66.9517        66.1727
66.638        66.1727
66.5637        66.1727
66.8904        66.1727
66.6453        66.1727
66.4177        66.1727
67.2234        66.1727
66.8895        66.1727
66.617        66.1727
66.7773        66.1727
67.0489        66.1727
66.9746        66.1727
67.0256        66.1727
67.1573        66.1727
66.9903        66.1727
67.1088        66.1727
66.7976        66.1727
66.9178        66.1727
66.5281        66.1727
66.961        66.1727
66.7171        66.1727
67.0017        66.1727
66.7283        66.1727
66.8059        66.1727
66.8181        66.1727
66.9039        66.1727
66.8214        66.1727
66.7403        66.1727
66.4055        66.1727
66.5584        66.1727
66.8372        66.1727
66.9846        66.1727
67.1602        66.1727
67.5194        66.1727
67.4721        66.1727
67.3817        66.1727
67.3591        66.1727
67.1133        66.1727
67.2144        66.1727
67.1868        66.1727
66.9788        66.1727
66.9317        66.1727
67.3001        66.1727
67.2871        66.1727
67.1444        66.1727
67.6134        66.1727
67.0934        66.1727
66.7085        66.1727
67.0094        66.1727
66.8887        66.1727
67.2161        66.1727
66.9707        66.1727
67.3936        66.1727
67.3715        66.1727
67.073        66.1727
66.6921        66.1727
66.7372        66.1727
66.8858        66.1727
66.8503        66.1727
66.855        66.1727
66.6867        66.1727
66.8382        66.1727
66.7377        66.1727
66.6049        66.1727
66.6086        66.1727
66.6589        66.1727
66.8885        66.1727
66.6491        66.1727
66.8121        66.1727
67.4602        66.1727
67.0859        66.1727
66.8202        66.1727
66.9061        66.1727
66.8937        66.1727
66.6251        66.1727
66.8857        66.1727
66.796        66.1727
66.7864        66.1727
67.2436        66.1727
67.1673        66.1727
67.2625        66.1727
67.0399        66.1727
66.6735        66.1727
66.6439        66.1727
66.7135        66.1727
67.0703        66.1727
67.1127        66.1727
66.9011        66.1727
66.8078        66.1727
67.008        66.1727
67.1437        66.1727
67.1443        66.1727
66.7091        66.1727
66.9579        66.1727
66.4766        66.1727
67.0514        66.1727
66.7798        66.1727
67.3445        66.1727
67.0145        66.1727
67.5968        66.1727
67.5884        66.1727
66.8529        66.1727
67.1342        66.1727
66.7093        66.1727
66.4128        66.1727
66.7901        66.1727
67.2035        66.1727
66.8873        66.1727
66.8586        66.1727
66.8501        66.1727
66.5682        66.1727
66.6459        66.1727
66.6912        66.1727
66.7866        66.1727
66.7641        66.1727
66.6419        66.1727
66.7836        66.1727
66.6965        66.1727
66.577        66.1727
66.738        66.1727
66.9005        66.1727
66.3347        66.1727
66.56        66.1727
66.76        66.1727
67.1694        66.1727
67.1858        66.1727
66.8928        66.1727
66.7462        66.1727
66.5558        66.1727
67.199        66.1727
67.06        66.1727
67.1031        66.1727
67.044        66.1727
66.7875        66.1727
66.7716        66.1727
66.9704        66.1727
66.9478        66.1727
66.8972        66.1727
66.9308        66.1727
66.8289        66.1727
66.5046        66.1727
66.4688        66.1727
67.2616        66.1727
67.1055        66.1727
67.3006        66.1727
66.7991        66.1727
66.7573        66.1727
66.5284        66.1727
66.6476        66.1727
66.8131        66.1727
67.1616        66.1727
66.5865        66.1727
66.8212        66.1727
66.929        66.1727
66.7702        66.1727
67.238        66.1727
67.7178        66.1727
67.366        66.1727
67.0552        66.1727
66.6014        66.1727
67.0738        66.1727
67.0854        66.1727
66.9639        66.1727
67.0567        66.1727
66.6348        66.1727
66.855        66.1727
67.3081        66.1727
66.9474        66.1727
67.0158        66.1727
66.9599        66.1727
66.9003        66.1727
66.615        66.1727
66.6382        66.1727
66.9687        66.1727
66.6181        66.1727
66.5585        66.1727
66.7025        66.1727
66.7821        66.1727
66.7184        66.1727
66.6525        66.1727
67.0622        66.1727
66.8535        66.1727
66.5644        66.1727
67.2448        66.1727
66.686        66.1727
67.1524        66.1727
66.9176        66.1727
67.1703        66.1727
66.7878        66.1727
67.1559        66.1727
66.8308        66.1727
66.6683        66.1727
66.7736        66.1727
66.8629        66.1727
66.7006        66.1727
66.7941        66.1727
66.7597        66.1727
66.8246        66.1727
66.8062        66.1727
66.9608        66.1727
66.9685        66.1727
66.9058        66.1727
67.2636        66.1727
67.2993        66.1727
67.1032        66.1727
66.8878        66.1727
66.8738        66.1727
67.025        66.1727
67.1489        66.1727
66.9938        66.1727
67.0102        66.1727
67.1688        66.1727
66.6858        66.1727
66.8269        66.1727
66.8836        66.1727
66.7947        66.1727
66.8159        66.1727
66.6905        66.1727
66.8475        66.1727
66.8224        66.1727
67.0166        66.1727
66.9601        66.1727
67.2817        66.1727
67.1278        66.1727
67.2283        66.1727
67.1647        66.1727
66.8001        66.1727
66.5759        66.1727
66.6853        66.1727
67.1144        66.1727
66.9115        66.1727
66.9713        66.1727
66.4627        66.1727
66.7689        66.1727
66.5851        66.1727
67.2094        66.1727
66.9012        66.1727
66.7064        66.1727
66.6874        66.1727
67.4167        66.1727
66.716        66.1727
66.95        66.1727
66.7908        66.1727
67.0193        66.1727
66.606        66.1727
66.5599        66.1727
67.0547        66.1727
67.5769        66.1727
67.5883        66.1727
67.6298        66.1727
67.0722        66.1727
67.3679        66.1727
67.6325        66.1727
67.0215        66.1727
67.3607        66.1727
67.4208        66.1727
67.3415        66.1727
67.615        66.1727
66.8921        66.1727
66.9305        66.1727
67.16        66.1727
67.0749        66.1727
66.8507        66.1727
67.0701        66.1727
66.768        66.1727
66.8888        66.1727
67.2734        66.1727
67.1697        66.1727
67.1954        66.1727
66.9334        66.1727
67.3458        66.1727
67.5156        66.1727
67.592        66.1727
67.1498        66.1727
67.0909        66.1727
67.204        66.1727
67.6072        66.1727
66.9366        66.1727
66.82        66.1727
66.6069        66.1727
66.3963        66.1727
66.5093        66.1727
66.4677        66.1727
66.4203        66.1727
66.4777        66.1727
66.9088        66.1727
67.3581        66.1727
67.3927        66.1727
67.1542        66.1727
66.9533        66.1727
67.1257        66.1727
66.6683        66.1727
66.9554        66.1727
66.8539        66.1727
66.5128        66.1727
66.643        66.1727
66.702        66.1727
66.5495        66.1727
66.8554        66.1727
66.5612        66.1727
66.5439        66.1727
66.3567        66.1727
66.5895        66.1727
66.5217        66.1727
66.797        66.1727
67.0779        66.1727
67.0133        66.1727
66.9909        66.1727
66.7923        66.1727
66.8533        66.1727
67.3039        66.1727
67.3613        66.1727
67.0345        66.1727
67.0671        66.1727
67.4583        66.1727
67.9897        66.1727
67.46        66.1727
66.5587        66.1727
66.3581        66.1727
66.7311        66.1727
66.4419        66.1727
66.6574        66.1727
66.7607        66.1727
66.7698        66.1727
67.0534        66.1727
67.0562        66.1727
66.4763        66.1727
66.4331        66.1727
66.7752        66.1727
66.8595        66.1727
66.8007        66.1727
66.9226        66.1727
66.6354        66.1727
66.7815        66.1727
66.6603        66.1727
66.6162        66.1727
66.9198        66.1727
66.6486        66.1727
67.1112        66.1727
67.0298        66.1727
66.9382        66.1727
66.9158        66.1727
66.5174        66.1727
66.7462        66.1727
66.8009        66.1727
67.1344        66.1727
66.6575        66.1727
66.9971        66.1727
66.8512        66.1727
66.7325        66.1727
66.8488        66.1727
67.0037        66.1727
67.1824        66.1727
66.947        66.1727
67.0113        66.1727
66.6797        66.1727
66.2984        66.1727
66.6438        66.1727
66.9268        66.1727
66.7898        66.1727
66.8088        66.1727
66.4784        66.1727
66.3387        66.1727
66.6497        66.1727
66.7447        66.1727
67.0519        66.1727
66.8773        66.1727
66.936        66.1727
66.8342        66.1727
66.7419        66.1727
66.6239        66.1727
66.7726        66.1727
67.0274        66.1727
66.9012        66.1727
66.8323        66.1727
66.8154        66.1727
66.965        66.1727
66.458        66.1727
66.5028        66.1727
66.541        66.1727
66.5275        66.1727
66.3268        66.1727
66.7565        66.1727
66.9275        66.1727
67.1066        66.1727
66.4939        66.1727
66.5572        66.1727
66.3319        66.1727
66.5285        66.1727
66.9444        66.1727
66.8434        66.1727
67.4416        66.1727
67.228        66.1727
67.1144        66.1727
67.5576        66.1727
67.3178        66.1727
67.2236        66.1727
66.9758        66.1727
67.0152        66.1727
67.1699        66.1727
67.5408        66.1727
66.9636        66.1727
67.0407        66.1727
66.9845        66.1727
66.8984        66.1727
66.8751        66.1727
67.011        66.1727
67.2968        66.1727
67.0642        66.1727
67.1014        66.1727
66.6478        66.1727
66.7569        66.1727
66.7789        66.1727
66.9701        66.1727
66.8895        66.1727
66.7897        66.1727
67.2172        66.1727
67.2283        66.1727
67.2712        66.1727
66.6417        66.1727
66.6636        66.1727
66.7677        66.1727
66.9604        66.1727
67.0454        66.1727
66.5619        66.1727
66.6437        66.1727
66.474        66.1727
66.646        66.1727
66.6289        66.1727
66.3264        66.1727
66.9442        66.1727
67.2733        66.1727
67.1147        66.1727
67.1604        66.1727
67.0719        66.1727
67.308        66.1727
66.9894        66.1727
66.9207        66.1727
67.1462        66.1727
67.211        66.1727
66.9289        66.1727
67.1214        66.1727
67.1259        66.1727
66.8936        66.1727
67.1356        66.1727
67.2513        66.1727
67.2333        66.1727
67.0609        66.1727
67.0173        66.1727
66.8871        66.1727
66.8424        66.1727
66.9792        66.1727
66.8673        66.1727
66.6486        66.1727
66.8262        66.1727
66.5802        66.1727
66.5348        66.1727
66.6737        66.1727
66.5869        66.1727
66.9881        66.1727
67.0432        66.1727
66.9367        66.1727
67.4319        66.1727
67.5751        66.1727
67.3488        66.1727
67.0602        66.1727
67.2059        66.1727
66.8096        66.1727
66.6241        66.1727
66.6282        66.1727
67.3299        66.1727
67.3008        66.1727
67.7385        66.1727
67.3144        66.1727
66.8721        66.1727
66.6135        66.1727
66.9907        66.1727
66.8234        66.1727
67.2671        66.1727
67.0041        66.1727
66.8527        66.1727
66.9362        66.1727
66.9083        66.1727
66.8788        66.1727
67.2902        66.1727
67.2416        66.1727
67.0163        66.1727
67.2043        66.1727
67.1066        66.1727
67.0293        66.1727
66.8485        66.1727
66.7093        66.1727
66.621        65.8441
66.6519        65.8441
66.7916        65.8441
67.0093        65.8441
66.6369        65.8441
66.5625        65.8441
66.4772        65.8441
66.7884        65.8441
66.5847        65.8441
66.8043        65.8441
66.7019        65.8441
66.5363        65.8441
66.7573        65.8441
66.9016        65.8441
66.5014        65.8441
66.1801        65.8441
66.2747        65.8441
66.5076        65.8441
66.2951        65.8441
66.2842        65.8441
66.1702        65.8441
66.5322        65.8441
66.7153        65.8441
66.4355        65.8441
66.4978        65.8441
66.5035        65.8441
67.0597        65.8441
66.6723        65.8441
66.4802        65.8441
66.6112        65.8441
67.1971        65.8441
66.9865        65.8441
66.729        65.8441
66.5131        65.8441
66.3456        65.8441
66.3581        65.8441
66.3291        65.8441
66.4047        65.8441
66.167        65.8441
66.5262        65.8441
66.4315        65.8441
66.584        65.8441
66.2846        65.8441
66.0266        65.8441
66.4035        65.8441
66.3672        65.8441
66.3463        65.8441
66.2025        65.8441
66.5298        65.8441
66.5421        65.8441
66.1564        65.8441
66.3009        65.8441
66.5089        65.8441
66.6376        65.8441
66.3199        65.8441
66.3328        65.8441
66.5516        65.8441
66.6765        65.8441
66.58        65.8441
66.5224        65.8441
66.5226        65.8441
66.7091        65.8441
66.2718        65.8441
66.0576        65.8441
66.4264        65.8441
66.4359        65.8441
66.4737        65.8441
66.4304        65.8441
66.2126        65.8441
66.1371        65.8441
66.3293        65.8441
66.4403        65.8441
66.5263        65.8441
66.7761        65.8441
66.9014        65.8441
66.2657        65.8441
66.8571        65.8441
66.6602        65.8441
66.1866        65.8441
66.2648        65.8441
66.3726        65.8441
66.2575        65.8441
66.6299        65.8441
66.4273        65.8441
66.4015        65.8441
66.5987        65.8441
66.6605        65.8441
66.2045        65.8441
66.1228        65.8441
66.2371        65.8441
66.4153        65.8441
66.2764        65.8441
66.3946        65.8441
67.0664        65.8441
66.7846        65.8441
66.7746        65.8441
66.938        65.8441
66.8862        65.8441
66.9255        65.8441
66.7341        65.8441
67.3062        65.8441
66.4227        65.8441
66.5919        65.8441
66.5294        65.8441
66.3766        65.8441
66.5296        65.8441
67.0184        65.8441
67.001        65.8441
66.4545        65.8441
66.5944        65.8441
66.5869        65.8441
66.8051        65.8441
67.0815        65.8441
66.8021        65.8441
66.6841        65.8441
66.6929        65.8441
66.83        65.8441
66.5926        65.8441
66.4055        65.8441
66.5637        65.8441
66.5762        65.8441
66.5631        65.8441
66.5773        65.8441
66.6122        65.8441
66.4611        65.8441
66.3341        65.8441
66.7417        65.8441
66.4649        65.8441
66.464        65.8441
66.3172        65.8441
66.4554        65.8441
66.3037        65.8441
66.4095        65.8441
66.431        65.8441
66.3852        65.8441
66.5205        65.8441
66.5443        65.8441
66.4871        65.8441
66.5389        65.8441
66.57        65.8441
66.8113        65.8441
66.8662        65.8441
66.9287        65.8441
66.6717        65.8441
66.4978        65.8441
66.3859        65.8441
66.822        65.8441
66.8713        65.8441
66.4061        65.8441
66.3017        65.8441
66.4811        65.8441
66.7767        65.8441
66.4598        65.8441
66.4734        65.8441
66.865        65.8441
66.7425        65.8441
66.824        65.8441
66.7874        65.8441
66.2709        65.8441
66.258        65.8441
67.0757        65.8441
66.5393        65.8441
66.6752        65.8441
66.8627        65.8441
66.9244        65.8441
66.4952        65.8441
66.3263        65.8441
66.1847        65.8441
66.3268        65.8441
66.4037        65.8441
66.4429        65.8441
66.1749        65.8441
66.4553        65.8441
66.5723        65.8441
67.1348        65.8441
67.0299        65.8441
66.3982        65.8441
66.5233        65.8441
66.6651        65.8441
66.3113        65.8441
66.154        65.8441
66.2724        65.8441
66.5594        65.8441
66.6211        65.8441
66.8149        65.8441
66.5532        65.8441
66.6956        65.8441
66.7016        65.8441
66.7872        65.8441
66.9776        65.8441
66.9332        65.8441
67.0134        65.8441
66.8309        65.8441
66.8979        65.8441
66.874        65.8441
66.4406        65.8441
66.4371        65.8441
66.677        65.8441
66.3164        65.8441
66.9003        65.8441
66.9279        65.8441
66.6266        65.8441
66.7215        65.8441
66.8124        65.8441
66.6719        65.8441
66.3795        65.8441
66.7065        65.8441
66.5597        65.8441
66.6667        65.8441
66.7088        65.8441
66.5331        65.8441
66.5184        65.8441
66.1608        65.8441
66.272        65.8441
66.2453        65.8441
66.206        65.8441
66.1742        65.8441
66.4062        65.8441
66.1632        65.8441
66.4234        65.8441
66.3443        65.8441
66.4779        65.8441
66.8047        65.8441
66.765        65.8441
66.5874        65.8441
66.5852        65.8441
66.2916        65.8441
66.1641        65.8441
66.7643        65.8441
66.7809        65.8441
66.5583        65.8441
66.4737        65.8441
66.8039        65.8441
66.3585        65.8441
66.2334        65.8441
66.5134        65.8441
66.9497        65.8441
66.5838        65.8441
66.4204        65.8441
66.4792        65.8441
66.2523        65.8441
66.2769        65.8441
66.6243        65.8441
66.4904        65.8441
66.5674        65.8441
66.2367        65.8441
66.4843        65.8441
66.4822        65.8441
67.19        65.8441
67.5472        65.8441
67.0442        65.8441
66.7431        65.8441
66.3713        65.8441
66.6715        65.8441
66.5657        65.8441
66.3023        65.8441
66.3076        65.8441
66.495        65.8441
66.5677        65.8441
67.0837        65.8441
66.9866        65.8441
66.8422        65.8441
66.7927        65.8441
66.2471        65.8441
66.4787        65.8441
66.6299        65.8441
66.3077        65.8441
66.8948        65.8441
66.5896        65.8441
66.4468        65.8441
66.5327        65.8441
66.588        65.8441
66.8627        65.8441
66.7129        65.8441
66.517        65.8441
66.4081        65.8441
66.5188        65.8441
66.8392        65.8441
66.7622        65.8441
66.8195        65.8441
66.9483        65.8441
66.5453        65.8441
66.1199        65.8441
66.1992        65.8441
66.4081        65.8441
66.2137        65.8441
66.2272        65.8441
66.1864        65.8441
66.2887        65.8441
66.1        65.8441
66.312        65.8441
66.3763        65.8441
66.4844        65.8441
67.0396        65.8441
66.9064        65.8441
66.1242        65.8441
66.2024        65.8441
66.4703        65.8441
66.6616        65.8441
66.4104        65.8441
66.6101        65.8441
66.5604        65.8441
66.5485        65.8441
66.9361        65.8441
66.2715        65.8441
66.2517        65.8441
66.1714        65.8441
66.4458        65.8441
66.3004        65.8441
66.411        65.8441
66.4947        65.8441
66.5131        65.8441
66.4756        65.8441
66.4291        65.8441
66.7497        65.8441
66.6595        65.8441
66.6497        65.8441
66.5138        65.8441
66.2921        65.8441
66.7097        65.8441
66.4443        65.8441
65.9788        65.8441
66.0992        65.8441
66.6893        65.8441
66.6554        65.8441
66.3702        65.8441
66.2373        65.8441
66.7219        65.8441
66.7031        65.8441
67.1016        65.8441
66.7766        65.8441
66.3926        65.8441
66.6449        65.8441
66.7015        65.8441
66.3753        65.8441
66.2459        65.8441
66.3694        65.8441
66.7818        65.8441
66.9918        65.8441
66.5016        65.8441
66.1502        65.8441
66.1207        65.8441
66.1003        65.8441
66.2652        65.8441
66.0738        65.8441
66.3531        65.8441
66.5825        65.8441
66.5597        65.8441
66.6572        65.8441
66.6499        65.8441
66.6834        65.8441
66.8592        65.8441
67.4361        65.8441
66.9828        65.8441
66.951        65.8441
67.0371        65.8441
66.8079        65.8441
66.9026        65.8441
66.7941        65.8441
66.7068        65.8441
66.44        65.8441
66.7289        65.8441
66.4729        65.8441
66.7073        65.8441
66.644        65.8441
66.4182        65.8441
66.4257        65.8441
66.7213        65.8441
66.5459        65.8441
67.0416        65.8441
66.5613        65.8441
66.5079        65.8441
66.7309        65.8441
66.6994        65.8441
66.5963        65.8441
66.3723        65.8441
66.8046        65.8441
66.443        65.8441
66.519        65.8441
66.736        65.8441
66.683        65.8441
66.4785        65.8441
66.5435        65.8441
66.5854        65.8441
66.4565        65.8441
66.7387        65.8441
66.6594        65.8441
66.9372        65.8441
66.6559        65.8441
66.8395        65.8441
66.5475        65.8441
66.0489        65.8441
66.0969        65.8441
66.0614        65.8441
66.114        65.8441
66.2566        65.8441
66.0678        65.8441
66.9666        65.8441
66.4865        65.8441
66.3563        65.8441
66.5756        65.8441
66.5324        65.8441
66.2661        65.8441
66.2671        65.8441
66.3977        65.8441
66.3487        65.8441
66.2026        65.8441
66.2687        65.8441
66.554        65.8441
66.5422        65.8441
66.2897        65.8441
66.2902        65.8441
66.1277        65.8441
66.1924        65.8441
66.4456        65.8441
66.3245        65.8441
66.591        65.8441
66.4939        65.8441
66.7404        65.8441
66.6031        65.8441
66.8285        65.8441
66.9056        65.8441
66.8394        65.8441
66.9714        65.8441
66.8134        65.8441
66.6012        65.8441
66.4792        65.8441
66.3793        65.8441
66.6277        65.8441
66.6065        65.8441
66.9108        65.8441
66.2313        65.8441
66.105        65.8441
66.1905        65.8441
66.6505        65.8441
66.3203        65.8441
66.0348        65.8441
66.3593        65.8441
66.672        65.8441
66.3104        65.8441
66.5973        65.8441
66.7341        65.8441
66.4125        65.8441
67.0677        65.8441
67.3321        65.8441
66.8315        65.8441
66.6153        65.8441
66.7337        65.8441
66.3315        65.8441
66.7094        65.8441
67.1578        65.8441
66.9813        65.8441
66.6567        65.8441
66.7071        65.8441
66.3558        65.8441
66.5269        65.8441
66.24        65.8441
66.6225        65.8441
66.6621        65.8441
66.5419        65.8441
66.5817        65.8441
66.3641        65.8441
66.5039        65.8441
66.2395        65.8441
66.3706        65.8441
66.5261        65.8441
66.2766        65.8441
66.3215        65.8441
66.7918        65.8441
66.8003        65.8441
66.8843        65.8441
66.9892        65.8441
67.0017        65.8441
66.414        65.8441
66.4597        65.8441
66.3922        65.8441
66.6335        65.8441
66.3983        65.8441
66.5453        65.8441
66.4882        65.8441
66.1577        65.8441
66.2698        65.8441
66.3933        65.8441
66.4392        65.8441
66.1641        65.8441
66.2355        65.8441
66.4776        65.8441
66.5211        65.8441
66.6822        65.8441
66.2473        65.8441
66.4086        65.8441
66.7507        65.8441
66.6407        65.8441
66.7005        65.8441
66.7512        65.8441
66.8154        65.8441
66.5616        65.8441
66.7003        65.8441
66.5692        65.8441
66.4706        65.8441
66.231        65.8441
66.0042        65.8441
66.4935        65.8441
66.179        65.8441
66.2626        65.8441
66.7702        65.8441
66.6422        65.8441
66.7662        65.8441
66.6539        65.8441
67.0236        65.8441
66.7978        65.8441
66.4934        65.8441
66.4651        65.8441
66.4972        65.8441
66.7961        65.8441
66.7067        65.8441
66.4258        65.8441
66.6624        65.8441
66.7938        65.8441
66.3986        65.8441
66.473        65.8441
66.3929        65.8441
66.2908        65.8441
66.4503        65.8441
66.5856        65.8441
67.0947        65.8441
66.7378        65.8441
66.8543        65.8441
67.0472        65.8441
66.665        65.8441
66.8192        65.8441
66.572        65.8441
66.8546        65.8441
66.5214        65.8441
66.685        65.8441
66.9203        65.8441
66.9663        65.8441
66.8712        65.8441
66.9873        65.8441
66.7011        65.8441
66.4181        65.8441
66.744        65.8441
66.3305        65.8441
66.3523        65.8441
66.4239        65.8441
66.3991        65.8441
65.9611        65.8441
65.998        65.8441
65.9319        65.8441
66.4805        65.8441
66.6811        65.8441
66.8097        65.8441
66.7462        65.8441
66.1431        65.8441
66.53        65.8441
66.2955        65.8441
66.6223        65.8441
66.5933        65.8441
66.3051        65.8441
66.7061        65.8441
66.4122        65.8441
66.4174        65.8441
66.245        65.8441
66.225        65.8441
66.1097        65.8441
66.0891        65.8441
66.2514        65.8441
66.559        65.8441
66.4557        65.8441
67.2923        65.8441
66.7921        65.8441
66.5777        65.8441
66.4717        65.8441
66.4217        65.8441
66.6015        65.8441
66.6283        65.8441
66.2901        65.8441
66.4053        65.8441
66.3658        65.8441
66.2987        65.8441
66.3749        65.8441
66.5674        65.8441
66.8027        65.8441
66.3619        65.8441
66.6228        65.8441
66.5124        65.8441
66.4583        65.8441
66.8397        65.8441
66.6425        65.8441
66.4935        65.8441
66.9233        65.8441
66.9683        65.8441
66.6929        65.8441
66.5134        65.8441
66.4953        65.8441
66.3984        65.8441
66.2812        65.8441
66.437        65.8441
66.4565        65.8441
66.1217        65.8441
66.1062        65.8441
66.4034        65.8441
66.4671        65.8441
66.4831        65.8441
66.143        65.8441
66.6489        65.8441
66.7273        65.8441
66.2385        65.8441
66.1213        65.8441
66.4572        65.8441
66.8398        65.8441
66.8984        65.8441
66.5162        65.8441
66.3627        65.8441
66.8278        65.8441
66.6044        65.8441
66.4694        65.8441
66.3873        65.8441
66.4942        65.8441
66.6793        65.8441
66.7114        65.8441
66.9336        65.8441
66.6395        65.8441
66.5387        65.8441
66.4793        65.8441
66.3192        65.8441
66.223        65.8441
66.4598        65.8441
66.4686        65.8441
66.396        65.8441
66.5599        65.8441
66.1747        65.8441
66.1778        65.8441
66.538        65.8441
66.3956        65.8441
66.2274        65.8441
66.4778        65.8441
66.5621        65.8441
66.4761        65.8441
66.4263        65.8441
66.7891        65.8441
66.2913        65.8441
66.5799        65.8441
66.8453        65.8441
66.3198        65.8441
66.4981        65.8441
66.5904        65.8441
66.3846        65.8441
66.9557        65.8441
66.483        65.8441
66.5432        65.8441
66.0901        65.8441
66.0961        65.8441
66.3053        65.8441
66.1283        65.8441
66.5358        65.8441
66.4933        65.8441
66.7204        65.8441
66.9306        65.8441
66.8607        65.8441
66.3951        65.8441
66.622        65.8441
66.6219        65.8441
66.8908        65.8441
67.69        65.8441
67.5543        65.8441
67.2085        65.8441
66.6251        65.8441
66.312        65.8441
66.6587        65.8441
66.3303        65.8441
66.2588        65.8441
66.5025        65.8441
66.3101        65.8441
66.3254        65.8441
66.6359        65.8441
66.4885        65.8441
66.1984        65.8441
66.1771        65.8441
66.6592        65.8441
66.7693        65.8441
66.7412        65.8441
66.6572        65.8441
66.4113        65.8441
66.4187        65.8441
66.5166        65.8441
66.7589        65.8441
66.6763        65.8441
66.3177        65.8441
66.3005        65.8441
66.5499        65.8441
66.7499        65.8441
66.2678        65.8441
66.5879        65.8441
66.5324        65.8441
67.2673        65.8441
66.6274        65.8441
66.3788        65.8441
67.0798        65.8441
66.7757        65.8441
66.6732        65.8441
66.4719        65.8441
66.2878        65.8441
66.4381        65.8441
66.6678        65.8441
66.6174        65.8441
66.8663        65.8441
66.4228        65.8441
66.3502        65.8441
66.559        65.8441
66.6205        65.8441
66.2499        65.8441
66.4577        65.8441
66.5745        65.8441
66.5267        65.8441
66.3978        65.8441
66.3997        65.8441
66.8498        65.8441
66.6396        65.8441
66.3344        65.8441
66.5716        65.8441
66.4008        65.8441
67.0702        65.8441
66.7418        65.8441
66.6833        65.8441
66.5695        65.8441
66.9095        65.8441
66.3502        65.8441
66.4557        65.8441
66.5039        65.8441
66.2643        65.8441
66.3776        65.8441
66.3418        65.8441
66.3783        65.8441
66.6373        65.8441
66.1198        65.8441
66.3801        65.8441
66.6853        65.8441
66.8458        65.8441
66.8351        65.8441
66.6913        65.8441
66.7818        65.8441
66.8413        65.8441
66.7531        65.8441
66.6847        65.8441
66.5167        65.8441
67.0208        65.8441
66.8514        65.8441
66.5291        65.8441
66.7897        65.8441
67.2861        65.8441
66.7531        65.8441
66.95        65.8441
66.851        65.8441
66.5309        65.8441
66.6157        65.8441
66.6017        65.8441
66.7871        65.8441
66.5939        65.8441
66.7575        65.8441
66.2989        65.8441
66.0524        65.8441
66.1121        65.8441
66.4945        65.8441
67.5493        65.8441
66.8369        65.8441
66.6507        65.8441
66.4392        65.8441
66.3215        65.8441
66.433        65.8441
66.4017        65.8441
66.2519        65.8441
66.3004        65.8441
66.6967        65.8441
66.766        65.8441
66.5821        65.8441
66.7605        65.8441
66.8884        65.8441
66.7159        65.8441
66.8006        65.8441
66.5008        65.8441
66.4801        65.8441
66.8854        65.8441
66.8635        65.8441
66.2315        65.8441
66.3725        65.8441
66.1631        65.8441
66.8824        65.8441
66.3968        65.8441
66.3727        65.8441
66.4436        65.8441
66.6338        65.8441
66.6676        65.8441
66.7228        65.8441
66.4376        65.8441
66.9057        65.8441
66.5219        65.8441
66.576        65.8441
66.5195        65.8441
66.3862        65.8441
66.6047        65.8441
66.6835        65.8441
66.4934        65.8441
66.3629        65.8441
66.4417        65.8441
66.5105        65.8441
66.449        65.8441
66.4598        65.8441
66.2423        65.8441
66.369        65.8441
66.8417        65.8441
66.7588        65.8441
66.6237        65.8441
66.7824        65.8441
66.4885        65.8441
66.4502        65.8441
66.4716        65.8441
66.7684        65.8441
66.8896        65.8441
66.5969        65.8441
66.3657        65.8441
66.3592        65.8441
66.3125        65.8441
66.1462        65.8441
66.2949        65.8441
66.2035        65.8441
66.2246        65.8441
66.0757        65.8441
66.0142        65.8441
65.9611        65.8441
66.0854        65.8441
66.1836        65.8441
66.5591        65.8441
66.4787        65.8441
66.5007        65.8441
66.9492        65.8441
66.7929        65.8441
66.6395        65.8441
66.5349        65.8441
66.6379        65.8441
66.4492        65.8441
66.9356        65.8441
66.8205        65.8441
66.8018        65.8441
66.7095        65.8441
66.8119        65.8441
67.0462        65.8441
66.4488        65.8441
66.4893        65.8441
66.8006        65.8441
66.6678        65.8441
66.5845        65.8441
66.6864        65.8441
66.7629        65.8441
66.8366        65.8441
66.6499        65.8441
66.7127        65.8441
66.5508        65.8441
66.4635        65.8441
66.5579        65.8441
66.5034        65.8441
66.391        65.8441
66.6281        65.8441
66.4472        65.8441
66.2568        65.8441
66.5375        65.8441
66.3648        65.8441
66.3061        65.8441
66.6968        65.8441
66.3656        65.8441
66.2723        65.8441
66.3244        65.8441
66.3058        65.8441
66.4774        65.8441
66.716        65.8441
66.7676        65.8441
66.973        65.8441
66.5776        65.8441
66.1721        65.8441
66.4188        65.8441
66.3484        65.8441
66.7358        65.8441
66.8092        65.8441
66.4016        65.8441
66.3371        65.8441
66.1286        65.8441
66.3511        65.8441
66.6843        65.8441
67.0304        65.8441
67.1996        65.8441
67.3434        65.8441
66.9549        65.8441
66.3875        65.8441
66.3706        65.8441
66.5882        65.8441
66.3355        65.8441
66.6034        65.8441
66.4195        65.8441
66.1918        65.8441
66.1097        65.8441
66.369        65.8441
66.764        65.8441
66.7681        65.8441
66.5901        65.8441
66.4553        65.8441
66.7736        65.8441
66.8228        65.8441
67.4478        65.6756
67.0397        65.6756
66.6919        65.6756
66.6054        65.6756
66.6526        65.6756
66.4451        65.6756
66.2251        65.6756
66.3605        65.6756
66.5155        65.6756
66.8603        65.6756
66.5016        65.6756
66.4006        65.6756
66.3604        65.6756
66.7261        65.6756
66.5998        65.6756
66.472        65.6756
66.2035        65.6756
66.264        65.6756
66.2681        65.6756
66.714        65.6756
66.3458        65.6756
66.7846        65.6756
66.7537        65.6756
66.2614        65.6756
66.8015        65.6756
67.0547        65.6756
66.1982        65.6756
66.6866        65.6756
66.4315        65.6756
66.0833        65.6756
66.7095        65.6756
66.7973        65.6756
67.2246        65.6756
66.7988        65.6756
66.6339        65.6756
66.6919        65.6756
66.2668        65.6756
66.2507        65.6756
66.3069        65.6756
66.0907        65.6756
66.1766        65.6756
66.2708        65.6756
66.691        65.6756
66.4323        65.6756
66.601        65.6756
66.6067        65.6756
66.2801        65.6756
66.4561        65.6756
65.919        65.6756
66.0271        65.6756
66.1695        65.6756
66.1941        65.6756
66.271        65.6756
66.4714        65.6756
66.6275        65.6756
66.6572        65.6756
66.5922        65.6756
66.5323        65.6756
66.4889        65.6756
66.7999        65.6756
66.7203        65.6756
66.5866        65.6756
66.2258        65.6756
66.1083        65.6756
66.2839        65.6756
66.3324        65.6756
66.5646        65.6756
66.5911        65.6756
66.2104        65.6756
65.9299        65.6756
66.4448        65.6756
66.3244        65.6756
66.1634        65.6756
66.2908        65.6756
65.9422        65.6756
66.1856        65.6756
66.8432        65.6756
66.9104        65.6756
67.1884        65.6756
67.127        65.6756
66.6337        65.6756
66.8452        65.6756
66.7911        65.6756
66.5906        65.6756
66.4771        65.6756
66.2728        65.6756
66.3922        65.6756
65.9902        65.6756
66.2344        65.6756
66.1794        65.6756
66.5773        65.6756
66.1391        65.6756
66.0436        65.6756
65.9586        65.6756
65.9949        65.6756
65.9966        65.6756
66.1219        65.6756
66.0801        65.6756
66.0644        65.6756
65.7806        65.6756
65.8574        65.6756
66.375        65.6756
66.2054        65.6756
66.1948        65.6756
66.0969        65.6756
66.2499        65.6756
66.4223        65.6756
66.5124        65.6756
66.183        65.6756
66.1372        65.6756
66.21        65.6756
66.3092        65.6756
66.2525        65.6756
66.4884        65.6756
66.375        65.6756
66.2792        65.6756
66.8605        65.6756
67.2759        65.6756
66.843        65.6756
66.0879        65.6756
66.3503        65.6756
66.1653        65.6756
66.2282        65.6756
66.2362        65.6756
66.2508        65.6756
66.0392        65.6756
66.344        65.6756
66.3987        65.6756
66.2563        65.6756
66.2732        65.6756
66.1402        65.6756
66.3404        65.6756
66.7816        65.6756
66.7725        65.6756
66.5046        65.6756
66.3223        65.6756
66.2335        65.6756
65.9871        65.6756
66.0344        65.6756
66.3686        65.6756
66.2732        64.8528
66.026        64.8528
65.8479        64.8528
65.9309        64.8528
65.9746        64.8528
65.4119        64.8528
65.3337        64.8528
65.2788        64.8528
65.5453        64.8528
65.4372        64.8528
65.4434        64.8528
65.2986        64.8528
65.6752        64.8528
65.6917        64.8528
65.3691        64.8528
65.1048        64.8528
65.8555        64.8528
65.9431        64.8528
65.4315        64.8528
65.4625        64.8528
65.7761        64.8528
65.726        64.8528
66.0299        64.8528
65.3046        64.8528
65.327        64.8528
65.7169        64.8528
65.3776        64.8528
65.19        64.8528
65.5029        64.8528
65.6208        64.8528
65.8757        64.8528
65.9862        64.8528
66.3668        64.8528
65.7866        64.8528
66.2139        64.8528
65.8069        64.8528
65.3371        64.8528
65.9223        64.8528
65.2313        64.8528
65.3366        64.8528
65.3583        64.8528
65.5264        64.8528
65.574        64.8528
65.7083        64.8528
65.586        64.8528
65.4353        64.8528
65.1715        64.8528
65.3661        64.8528
65.6616        64.8528
65.5956        64.8528
65.5051        64.8528
65.4933        64.8528
65.7558        64.8528
65.4739        64.8528
65.6844        64.8528
65.6329        64.8528
65.9058        64.8528
65.767        64.8528
65.7333        64.8528
65.3034        64.8528
65.3648        64.8528
65.4764        64.8528
65.4688        64.8528
65.4851        64.8528
65.5222        64.8528
65.1839        64.8528
65.6356        64.8528
65.7794        64.8528
65.3346        64.8528
65.5023        64.8528
65.5353        64.8528
65.7399        64.8528
66.2641        64.8528
66.326        64.8528
65.8312        64.8528
65.4799        64.8528
65.5502        64.8528
65.3811        64.8528
65.3922        64.8528
65.5449        64.8528
65.5174        64.8528
65.5414        64.8528
65.4504        64.8528
65.1379        64.8528
65.3051        64.8528
65.765        64.8528
66.0337        64.8528
65.738        64.8528
65.7028        64.8528
65.8791        64.8528
66.0582        64.8528
65.8186        64.8528
65.5631        64.8528
65.7255        64.8528
65.8174        64.8528
65.6484        64.8528
65.6694        64.8528
65.4667        64.8528
65.6384        64.8528
65.7398        64.8528
65.7319        64.8528
65.7907        64.8528
65.9224        64.8528
66.314        64.8528
66.428        64.8528
65.6545        64.8528
65.6732        64.8528
65.7952        64.8528
65.6061        64.8528
65.5029        64.8528
65.2978        64.8528
65.5875        64.8528
65.9635        64.8528
65.9784        64.8528
65.7138        64.8528
65.2458        64.8528
66.0191        64.8528
66.0312        64.8528
66.2481        64.8528
66.5085        64.8528
66.3784        64.8528
66.391        64.8528
66.1536        64.8528
66.0033        64.8528
65.9187        64.8528
65.9364        64.8528
65.7457        64.8528
65.5206        64.8528
65.6378        64.8528
65.7623        64.8528
65.6188        64.8528
65.5736        64.8528
65.6782        64.8528
65.4853        64.8528
65.2233        64.8528
65.3691        64.8528
65.8487        64.8528
65.8263        64.8528
65.4188        64.8528
65.3237        64.8528
65.409        64.8528
65.6009        64.8528
65.5611        64.8528
65.2887        64.8528
65.3684        64.8528
65.4582        64.8528
65.3114        64.8528
65.6459        64.8528
66.367        64.8528
66.3143        64.8528
66.561        64.8528
65.7535        64.8528
65.9024        64.8528
66.0697        64.8528
65.5895        64.8528
65.8929        64.8528
65.1885        64.8528
65.6013        64.8528
65.5837        64.8528
65.8315        64.8528
66.1476        64.8528
65.4425        64.8528
65.1363        64.8528
65.4163        64.8528
65.4306        64.8528
65.6026        64.8528
65.6325        64.8528
65.655        64.8528
65.8021        64.8528
65.5937        64.8528
65.471        64.8528
65.1869        64.8528
65.678        64.8528
66.359        64.8528
66.4847        64.8528
65.8766        64.8528
65.7516        64.8528
65.4229        64.8528
65.6525        64.8528
65.7829        64.8528
65.7584        64.8528
65.6267        64.8528
65.3904        64.8528
65.4917        64.8528
65.4859        64.8528
65.4098        64.8528
65.3983        64.8528
65.1342        64.8528
65.4854        64.8528
65.6765        64.8528
65.6352        64.8528
65.7578        64.8528
65.3266        64.8528
65.6399        64.8528
65.4389        64.8528
65.8035        64.8528
65.4965        64.8528
65.7104        64.8528
65.7104        64.8528
65.3912        64.8528
65.4549        64.8528
65.486        64.8528
65.6819        64.8528
65.8245        64.8528
65.8991        64.8528
65.4371        64.8528
66.1788        64.8528
65.7561        64.8528
65.9294        64.8528
65.8239        64.8528
65.4726        64.8528
65.5142        64.8528
65.4428        64.8528
65.8917        64.8528
65.8838        64.8528
65.5536        64.8528
65.1751        64.8528
65.072        64.8528
65.3333        64.8528
65.4631        64.8528
65.5825        64.8528
65.8651        64.8528
65.8442        64.8528
65.5558        64.8528
65.4356        64.8528
65.7183        64.8528
66.0129        64.8528
65.6383        64.8528
65.6587        64.8528
65.8602        64.8528
65.153        64.8528
65.2949        64.8528
65.8059        64.8528
65.6564        64.8528
65.7113        64.8528
65.9169        64.8528
65.3137        64.8528
65.2622        64.8528
65.219        64.8528
65.2906        64.8528
65.2679        64.8528
65.1023        64.8528
65.137        64.8528
65.4246        64.8528
65.4874        64.8528
65.2969        64.8528
65.2385        64.8528
65.2319        64.8528
65.5364        64.8528
65.6672        64.8528
65.8026        64.8528
65.5119        64.8528
65.79        64.8528
65.6529        64.8528
65.5264        64.8528
65.3346        64.8528
65.5697        64.8528
65.7123        64.8528
65.3911        64.8528
65.5532        64.8528
65.7173        64.8528
65.6324        64.8528
65.4076        64.8528
65.6137        64.8528
65.7124        64.8528
65.7186        64.8528
65.7591        64.8528
65.4945        64.8528
65.8683        64.8528
66.59        64.8528
66.0109        64.8528
65.6599        64.8528
65.4729        64.8528
65.2719        64.8528
65.4518        64.8528
65.2232        64.8528
65.3268        64.8528
65.1796        64.8528
65.6125        64.8528
65.4435        64.8528
65.1679        64.8528
65.5718        64.8528
65.8673        64.8528
65.6429        64.8528
65.6874        64.8528
66.0347        64.8528
65.8963        64.8528
65.5847        64.8528
65.5032        64.8528
65.461        64.8528
65.6053        64.8528
65.737        64.8528
66.2052        64.8528
66.2615        64.8528
65.9128        64.8528
65.6837        64.8528
65.3015        64.8528
65.4631        64.8528
65.0905        64.8528
65.3278        64.8528
65.272        64.8528
65.6041        64.8528
65.4996        64.8528
65.1522        64.8528
65.1908        64.8528
65.1091        64.8528
65.8212        64.8528
65.8402        64.8528
65.7814        64.8528
65.4883        64.8528
66.1637        64.8528
65.4908        64.8528
65.4077        64.8528
65.3091        64.8528
65.3434        64.8528
65.3302        64.8528
65.3997        64.8528
65.8152        64.8528
65.9679        64.8528
66.0697        64.8528
66.1087        64.8528
66.0477        64.8528
66.006        64.8528
65.9324        64.8528
65.3077        64.8528
65.1247        64.8528
65.5354        64.8528
65.653        64.8528
65.2735        64.8528
65.0136        64.8528
65.1482        64.8528
65.2006        64.8528
65.656        64.8528
65.942        64.8528
65.8673        64.8528
65.7783        64.8528
65.7723        64.8528
65.6106        64.8528
66.2907        64.8528
66.0236        64.8528
66.0041        64.8528
65.5978        64.8528
65.4575        64.8528
65.2517        64.8528
65.3353        64.8528
65.4686        64.8528
65.8293        64.8528
66.068        64.8528
65.9141        64.8528
65.6193        64.8528
65.5823        64.8528
65.2604        64.8528
65.6139        64.8528
65.3796        64.8528
65.5962        64.8528
65.4569        64.8528
65.2101        64.8528
65.2745        64.8528
65.2876        64.8528
65.6274        64.8528
65.3591        64.8528
65.4397        64.8528
65.858        64.8528
65.9525        64.8528
65.5051        64.8528
65.5934        64.8528
65.3771        64.8528
65.6447        64.8528
65.8569        64.8528
65.7474        64.8528
65.3466        64.8528
65.5879        64.8528
65.7673        64.8528
65.4111        64.8528
65.6442        64.8528
65.6892        64.8528
65.1979        64.8528
65.503        64.8528
65.7267        64.8528
65.8308        64.8528
65.7891        64.8528
65.9056        64.8528
66.0021        64.8528
66.2632        64.8528
65.8721        64.8528
66.1628        64.8528
66.4402        64.8528
65.5505        64.8528
65.5736        64.8528
65.7131        64.8528
65.5652        64.8528
65.3809        64.8528
65.7284        64.8528
65.6238        64.8528
65.4613        64.8528
65.4987        64.8528
65.1614        64.8528
65.093        64.8528
65.3491        64.8528
65.7006        64.8528
65.2829        64.8528
65.649        64.8528
65.5023        64.8528
65.5577        64.8528
65.5164        64.8528
65.3037        64.8528
65.2564        64.8528
65.6928        64.8528
66.0407        64.8528
65.4894        64.8528
65.43        64.8528
65.113        64.8528
65.7549        64.8528
65.8249        64.8528
65.7362        64.8528
65.6327        64.8528
65.8536        64.8528
66.0162        64.8528
66.348        64.8528
65.6277        64.8528
65.3219        64.8528
64.9625        64.8528
65.112        64.8528
65.0252        64.8528
65.0323        64.8528
65.3106        64.8528
65.4128        64.8528
65.6182        64.8528
65.8173        64.8528
65.4708        64.8528
65.2171        64.8528
65.1467        64.8528
65.482        64.8528
65.8058        64.8528
65.3696        64.8528
65.6322        64.8528
65.7579        64.8528
66.2559        64.8528
65.7857        64.8528
65.7374        64.8528
65.6326        64.8528
65.6102        64.8528
65.785        64.8528
65.8        64.8528
65.7356        64.8528
65.8814        64.8528
66.0397        64.8528
65.6865        64.8528
65.6766        64.8528
65.8375        64.8528
66.0941        64.8528
65.8195        64.8528
65.6771        64.8528
65.434        64.8528
65.5594        64.8528
65.3508        64.8528
65.8712        64.8528
65.8814        64.8528
65.9258        64.8528
66.0711        64.8528
65.7364        64.8528
65.5575        64.8528
65.5086        64.8528
65.4784        64.8528
65.2882        64.8528
65.5522        64.8528
65.7204        64.8528
65.2918        64.8528
65.4683        64.8528
65.5963        64.8528
65.3037        64.8528
65.3563        64.8528
65.5246        64.8528
65.6834        64.8528
65.8877        64.8528
66.1279        64.8528
65.6553        64.8528
65.8527        64.8528
65.4448        64.8528
65.3342        64.8528
66.148        64.8528
65.8078        64.8528
65.6356        64.8528
65.6885        64.8528
65.8978        64.8528
65.256        64.8528
65.2696        64.8528
65.2124        64.8528
65.2182        64.8528
65.6281        64.8528
65.3434        64.8528
65.504        64.8528
65.1959        64.8528
65.0779        64.8528
65.4018        64.8528
65.4168        64.8528
65.2861        64.8528
65.2086        64.8528
65.4055        64.8528
65.7784        64.8528
65.5833        64.8528
65.5279        64.8528
65.4795        64.8528
65.6837        64.8528
65.4523        64.8528
65.6224        64.8528
65.6502        64.8528
65.6531        64.8528
65.9992        64.8528
65.5614        64.8528
65.8314        64.8528
66.0398        64.8528
65.4979        64.8528
65.3257        64.8528
65.6117        64.8528
65.4406        64.8528
65.9014        64.8528
65.6853        64.8528
65.9667        64.8528
65.9533        64.8528
65.8461        64.8528
65.4429        64.8528
65.832        64.8528
65.9318        64.8528
65.8151        64.8528
65.6946        64.8528
65.66        64.8528
65.9023        64.8528
65.9663        64.8528
65.7181        64.8528
65.5214        64.8528
65.5836        64.8528
65.5146        64.8528
65.2808        64.8528
65.2431        64.8528
65.4403        64.8528
65.368        64.8528
65.5763        64.8528
65.6369        64.8528
65.5697        64.8528
65.2415        64.8528
65.4013        64.8528
65.456        64.8528
65.7399        64.8528
65.535        64.8528
65.6235        64.8528
65.6242        64.8528
65.5779        64.8528
65.544        64.8528
65.4425        64.8528
65.5737        64.8528
65.2164        64.8528
65.4791        64.8528
65.3254        64.8528
65.2736        64.8528
65.5579        64.8528
65.449        64.8528
65.504        64.8528
65.3933        64.8528
65.5895        64.8528
65.7805        64.8528
65.6418        64.8528
65.6375        64.8528
65.4822        64.8528
65.4061        64.8528
65.481        64.8528
65.5798        64.8528
65.5357        64.8528
65.6851        64.8528
65.6675        64.8528
65.6303        64.8528
65.6253        64.8528
65.8228        64.8528
65.5135        64.8528
65.4911        64.8528
65.7776        64.8528
66.0389        64.8528
66.0062        64.8528
66.0839        64.8528
66.0497        64.8528
65.8857        64.8528
65.6099        64.8528
65.44        64.8528
65.5721        64.8528
65.4904        64.8528
65.5844        64.8528
65.7094        64.8528
65.8127        64.8528
65.1603        64.8528
65.0664        64.8528
65.2615        64.8528
65.2015        64.8528
65.7141        64.8528
65.6253        64.8528
65.5802        64.8528
65.8714        64.8528
65.3575        64.8528
65.6067        64.8528
65.5522        64.8528
65.7176        64.8528
65.6065        64.8528
65.6264        64.8528
65.4046        64.8528
65.3532        64.8528
65.3213        64.8528
65.6092        64.8528
65.8118        64.8528
65.8441        64.8528
65.8397        64.8528
65.7453        64.8528
65.1344        64.8528
65.4053        64.8528
65.8888        64.8528
65.7869        64.8528
65.7204        64.8528
65.5574        64.8528
65.3386        64.8528
65.2554        64.8528
65.264        64.8528
65.1937        64.8528
65.5366        64.8528
65.5452        64.8528
65.4292        64.8528
65.9658        64.8528
66.0603        64.8528
65.7312        64.8528
65.9015        64.8528
65.7625        64.8528
65.3595        64.8528
65.4833        64.8528
65.6554        64.8528
65.4216        64.8528
65.1912        64.8528
65.399        64.8528
65.3856        64.8528
65.5563        64.8528
65.2308        64.8528
65.2508        64.8528
65.2747        64.8528
65.0314        64.8528
65.3833        64.8528
65.4251        64.8528
65.775        64.8528
66.1677        64.8528
65.8852        64.8528
65.7664        64.8528
65.3517        64.8528
65.4057        64.8528
65.1618        64.8528
65.2058        64.8528
65.4681        64.8528
65.5221        64.8528
65.3948        64.8528
65.1556        64.8528
65.4616        64.8528
65.2956        64.8528
65.4155        64.8528
65.4882        64.8528
65.4803        64.8528
65.3888        64.8528
65.4228        64.8528
65.311        64.8528
65.8309        64.8528
66.0982        64.8528
65.8523        64.8528
65.7201        64.8528
65.6385        64.8528
65.7946        64.8528
65.7907        64.8528
65.5131        64.8528
65.5811        64.8528
65.4952        64.8528
65.5431        64.8528
65.6478        64.8528
65.3683        64.8528
65.278        64.8528
65.7898        64.8528
65.7638        64.8528
65.5568        64.8528
65.8287        64.8528
65.4939        64.8528
65.562        64.8528
65.6202        64.8528
65.6571        64.8528
65.4816        64.8528
65.4987        64.8528
65.3256        64.8528
65.5724        64.8528
65.5122        64.8528
65.489        64.8528
65.5627        64.8528
65.5425        64.8528
65.785        64.8528
65.4885        64.8528
65.1356        64.8528
65.1815        64.8528
65.0495        64.8528
65.2485        64.8528
65.269        64.8528
65.5134        64.8528
65.6212        64.8528
65.7797        64.8528
65.4908        64.8528
65.6135        64.8528
65.572        64.8528
65.6353        64.8528
65.6814        64.8528
65.2508        64.8528
65.2743        64.8528
65.2668        64.8528
65.5357        64.8528
65.6848        64.8528
65.6999        64.8528
65.7032        64.8528
65.7282        64.8528
65.6317        64.8528
65.7409        64.8528
65.6649        64.8528
65.5361        64.8528
66.1945        64.8528
66.0512        64.8528
66.0937        64.8528
65.8857        64.8528
65.1674        64.8528
65.4818        64.8528
65.7762        64.8528
65.7409        64.8528
65.2935        64.8528
65.108        64.8528
65.7894        64.8528
65.4366        64.8528
65.4625        64.8528
65.1685        64.8528
65.3302        64.8528
65.4683        64.8528
65.6283        64.8528
65.9053        64.8528
66.5239        64.8528
65.915        64.8528
65.3765        64.8528
65.3201        64.8528
65.6312        64.8528
65.3464        64.8528
65.4082        64.8528
65.4339        64.8528
65.5275        64.8528
65.6766        64.8528
65.9598        64.8528
65.6421        64.8528
65.3868        64.8528
65.1938        64.8528
65.3435        64.8528
65.3332        64.8528
65.3086        64.8528
65.5733        64.8528
65.7789        64.8528
65.341        64.8528
65.5461        64.8528
65.1719        64.8528
65.498        64.8528
65.1692        64.8528
65.3772        64.8528
65.8005        64.8528
66.0966        64.8528
65.5522        64.8528
65.499        64.8528
65.5749        64.8528
65.7265        64.8528
65.7974        64.8528
65.7937        64.8528
65.5228        64.8528
65.5872        64.8528
65.8477        64.8528
66.1521        64.8528
65.6709        64.8528
65.4504        64.8528
65.6558        64.8528
65.5769        64.8528
65.4031        64.8528
65.4807        64.8528
65.2533        64.8528
65.1851        64.8528
65.8138        64.8528
65.7484        64.8528
66.3647        64.8528
65.7031        64.8528
65.534        64.8528
65.6714        64.8528
65.3048        64.8528
65.2775        64.8528
65.2331        64.8528
65.497        64.8528
65.4639        64.8528
65.5465        64.8528
65.8887        64.8528
65.7983        64.8528
65.82        64.8528
65.9221        64.8528
66.4135        64.8528
65.9732        64.8528
65.858        64.8528
65.7751        64.8528
65.5497        64.8528
65.6679        64.8528
65.926        64.8528
65.5731        64.8528
65.6306        64.8528
65.4485        64.8528
65.4184        64.8528
65.6367        64.8528
65.3877        64.8528
65.609        64.8528
65.5831        64.8528
65.4865        64.8528
65.5846        64.8528
65.6449        64.8528
65.7989        64.8528
65.6824        64.8528
65.8351        64.8528
65.6747        64.8528
65.5605        64.8528
65.6375        64.8528
66.013        64.8528
66.3867        64.8528
65.9162        64.8528
65.8097        64.8528
65.9438        64.8528
65.5124        64.8528
66.1161        64.8528
65.6736        64.8528
65.8312        64.8528
65.7814        64.8528
65.7231        64.8528
65.6565        64.8528
65.8116        64.8528
65.4709        64.8528
65.2889        64.8528
65.293        64.8528
65.7949        64.8528
65.8487        64.8528
65.7597        64.8528
65.8011        64.8528
65.7409        64.8528
65.5427        64.8528
65.3119        64.8528
65.4921        64.8528
65.5409        64.8528
65.2749        64.8528
65.0506        64.8528
65.107        64.8528
65.2956        64.8528
65.2118        64.8528
65.4748        64.8528
65.5171        64.8528
65.6234        64.8528
65.8995        64.8528
65.8353        64.8528
65.9635        64.8528
65.9508        64.8528
65.6146        64.8528
65.2514        64.8528
65.4093        64.8528
65.2645        64.8528
65.4811        64.8528
65.3535        64.8528
65.5119        64.8528
65.7366        64.8528
65.6439        64.8528
65.3589        64.8528
65.3425        64.8528
65.3632        64.8528
65.1907        64.8528
65.389        64.8528
65.4866        64.8528
65.4225        64.8528
65.574        64.8528
65.3721        64.8528
65.5234        64.8528
65.7291        64.8528
65.8001        64.8528
65.4153        64.8528
65.1774        64.8528
65.3071        64.8528
65.3428        64.8528
65.4362        64.8528
65.7978        64.8528
65.254        64.8528
65.693        64.8528
65.413        64.8528
65.7484        64.8528
65.6712        64.8528
66.0416        64.8528
65.6131        64.8528
65.4656        64.8528
65.7849        64.8528
65.6037        64.8528
65.4869        64.8528
65.5551        64.8528
65.5355        64.8528
65.4355        64.8528
65.3322        64.8528
65.7833        64.8528
65.4648        64.8528
65.5576        64.8528
65.3419        64.8528
65.3239        64.8528
65.8323        64.8528
65.3773        64.8528
65.6853        64.8528
65.4184        64.8528
65.6224        64.8528
65.3799        64.8528
65.5714        64.8528
65.1992        64.8528
65.7        64.8528
65.5351        64.8528
65.7095        64.8528
66.1799        64.8528
65.8867        64.8528
66.0126        64.8528
65.6158        64.8528
65.5868        64.8528
65.3207        64.8528
65.7722        64.8528
65.7152        64.8528
65.9441        64.8528
65.7234        64.8528
65.4234        64.8528
65.2759        64.8528
65.2836        64.8528
65.4913        64.8528
65.817        64.8528
65.5174        64.8528
65.4943        64.8528
65.5476        64.8528
65.4312        64.8528
65.5745        64.8528
65.588        64.8528
65.3186        64.8528
65.2761        64.8528
65.7531        64.8528
66.042        64.8528
65.9733        64.8528
66.1438        64.8528
65.9588        64.8528
65.5104        64.8528
65.6034        64.8528
65.705        64.8528
65.6738        64.8528
65.7492        64.8528
65.9715        64.8528
65.1694        64.8528
65.2901        64.8528
65.4916        64.8528
65.2738        64.8528
65.9403        64.8528
66.0194        64.8528
65.7331        64.8528
65.3497        64.8528
65.5398        64.8528
65.6347        64.8528
65.8944        64.8528
66.0334        64.8528
65.7033        64.8528
65.6236        64.8528
65.6764        64.8528
65.6453        64.8528
66.1817        64.8528
65.6089        64.8528
65.404        64.8528
65.1982        64.8528
65.1517        64.8528
65.6025        64.8528
65.2276        64.8528
65.2789        64.8528
65.1701        64.8528
65.2735        64.8528
65.4798        64.8528
65.5057        64.8528
65.5022        64.8528
65.4617        64.8528
65.3856        64.8528
65.2124        64.8528
65.1206        64.8528
65.2845        64.8528
65.454        64.8528
65.9197        64.8528
65.8208        64.8528
65.8388        64.8528
65.6603        64.8528
65.6306        64.8528
65.6692        64.8528
65.7555        64.8528
65.5696        64.8528
65.5542        64.8528
65.8796        64.8528
65.4512        64.8528
65.2685        64.8528
65.0342        64.8528
65.1657        64.8528
65.2794        64.8528
65.2415        64.8528
65.6109        64.8528
65.4229        64.8528
66.1006        64.8528
65.9029        64.8528
65.2996        64.8528
65.6731        64.8528
65.542        64.8528
65.4819        64.8528
65.4682        64.8528
65.6657        64.8528
65.3275        64.8528
65.3378        64.8528
65.7714        64.8528
65.5303        64.8528
65.9362        64.8528
65.4834        64.8528
65.4859        64.8528
65.6675        64.8528
65.4558        64.8528
65.6404        64.8528
65.3205        64.8528
65.5885        64.8528
66.0382        64.8528
66.2763        64.8528
65.8694        64.8528
65.3482        64.8528
65.2123        64.8528
65.2228        64.8528
65.4226        64.8528
66.1233        64.8528
65.7609        64.8528
65.6055        64.8528
65.7193        64.8528
65.4797        64.8528
65.429        64.8528
65.8191        64.8528
65.6441        64.8528
65.2403        64.8528
66.1547        64.8528
65.7678        64.8528
65.6727        64.8528
65.5869        64.8528
65.8316        64.8528
65.8769        64.8528
65.5574        64.8528
65.196        64.8528
65.6272        64.8528
65.8305        64.8528
65.989        64.8528
66.2131        64.8528
66.3698        64.8528
66.0356        64.8528
65.592        64.8528
65.5204        64.8528
65.821        64.8528
65.9301        64.8528
65.8677        64.8528
65.5496        64.8528
65.5499        64.8528
65.6111        64.8528
65.4876        64.8528
65.2736        64.8528
65.6176        64.8528
65.9918        64.8528
65.5876        64.8528
65.6922        64.8528
65.5135        64.8528
65.7205        64.8528
65.572        64.8528
65.4304        64.8528
65.5537        64.8528
65.9571        64.8528
65.4948        64.8528
65.2816        64.8528
65.6755        64.8528
65.7088        64.8528
65.8293        64.8528
65.4869        64.8528
65.7391        64.8528
65.6198        64.8528
66.0391        64.8528
65.8059        64.8528
66.2403        64.8528
65.8248        64.8528
65.5415        64.8528
65.6697        64.8528
65.6324        64.8528
65.5643        64.8528
65.3581        64.8528
65.5891        64.8528
65.6467        64.8528
65.998        64.8528
65.6656        64.8528
65.7425        64.8528
65.3417        64.8528
65.6786        64.8528
65.9192        64.8528
65.8979        64.8528
65.6696        64.8528
65.9849        64.8528
65.5621        64.8528
65.4807        64.8528
65.5588        64.8528
66.1331        64.8528
65.9593        64.8528
65.8981        64.8528
65.902        64.8528
66.1395        64.8528
65.8777        64.8528
65.8466        64.8528
65.8112        64.8528
65.3609        64.8528
65.4844        64.8528
65.382        64.8528
65.2618        64.8528
65.1218        64.8528
65.5166        64.8528
65.4893        64.8528
65.9433        64.8528
65.2903        64.8528
65.1838        64.8528
65.5914        64.8528
65.6224        64.8528
65.502        64.8528
65.5135        64.8528
65.5887        64.8528
65.3586        64.8528
65.1308        64.8528
65.5547        64.8528
65.0313        64.8528
65.5349        64.8528
65.7108        64.8528
65.817        64.8528
66.1676        64.8528
65.6034        64.8528
65.5415        64.8528
65.4933        64.8528
65.4676        64.8528
65.4261        64.8528
66.0505        64.8528
65.6083        64.8528
65.3157        64.8528
65.4436        64.8528
65.4103        64.8528
65.3873        64.8528
65.1245        64.8528
65.2207        64.8528
65.3064        64.8528
65.2913        64.8528
65.3157        64.8528
65.4551        64.8528
65.5155        64.8528
65.3146        64.8528
65.9273        64.8528
65.4187        64.8528
65.0528        64.8528
65.3256        64.8528
65.4791        64.8528
65.3723        64.8528
65.5374        64.8528
65.0889        64.8528
65.1218        64.8528
65.2928        64.8528
65.659        64.8528
65.6624        64.8528
65.4499        64.8528
65.4487        64.8528
65.431        64.8528
66.0811        64.8528
65.7317        64.8528
65.5611        64.8528
65.7856        64.8528
65.4477        64.8528
65.7287        64.8528
65.8822        64.8528
65.6588        64.8528
65.6222        64.8528
65.5601        64.8528
65.5435        64.8528
65.4604        64.8528
65.6452        64.8528
65.7198        64.8528
65.1313        64.8528
65.4166        64.8528
65.3518        64.8528
65.4552        64.8528
65.6703        64.8528
65.8317        64.8528
65.8908        64.8528
65.7443        64.8528
65.7618        64.8528
65.8606        64.8528
65.6457        64.8528
65.5997        64.8528
65.8196        64.8528
65.5132        64.8528
65.7707        64.8528
65.5529        64.8528
65.7643        64.8528
65.6753        64.8528
65.7107        64.8528
65.353        64.8528
65.4492        64.8528
65.7977        64.8528
65.6173        64.8528
65.675        64.8528
65.289        64.8528
65.6523        64.8528
65.8031        64.8528
65.4727        64.8528
66.0108        64.8528
65.6847        64.8528
65.6381        64.8528
65.8577        64.8528
65.9318        64.8528
65.8429        64.8528
65.8918        64.8528
65.5282        64.8528
65.2804        64.8528
65.9601        64.8528
65.4251        64.8528
65.6954        64.8528
65.9185        64.8528
66.0278        64.8528
65.6355        64.8528
65.548        64.8528
65.3699        64.8528
65.4524        64.8528
65.3819        64.8528
65.2776        64.8528
65.21        64.8528
65.3855        64.8528
65.3426        64.8528
65.3763        64.8528
65.3103        64.8528
65.2503        64.8528
65.5921        64.8528
65.1643        64.8528
65.5223        64.8528
65.4302        64.8528
65.5028        64.8528
65.5462        64.8528
65.5945        64.8528
65.4692        64.8528
65.3636        64.8528
65.3578        64.8528
65.3482        64.8528
65.5928        64.8528
65.4018        64.8528
65.49        64.8528
65.4204        64.8528
65.3961        64.8528
65.6298        64.8528
65.3627        64.8528
65.6706        64.8528
65.3854        64.8528
65.5897        64.8528
65.3421        64.8528
65.3135        64.8528
65.3961        64.8528
65.3389        64.8528
65.6332        64.8528
65.7911        64.8528
65.4443        64.8528
65.0709        64.8528
65.2315        64.8528
65.4422        64.8528
65.7975        64.8528
65.4115        64.8528
65.7297        64.8528
65.6992        64.8528
65.4313        64.8528
65.2207        64.8528
65.2707        64.8528
65.3391        64.8528
65.7588        64.8528
65.4053        64.8528
65.7852        64.8528
65.6025        64.8528
66.0439        64.8528
65.6076        64.8528
65.58        64.8528
65.1728        64.8528
65.7092        64.8528
65.311        64.8528
65.6196        64.8528
66.5562        64.8528
65.9971        64.8528
65.6915        64.8528
65.8494        64.8528
65.2236        64.8528
65.1912        64.8528
65.2279        64.8528
65.2144        64.8528
65.0039        64.8528
65.1236        64.8528
65.4384        64.8528
65.4035        64.8528
65.2442        64.8528
65.4325        64.8528
65.5055        64.8528
65.3471        64.8528
65.251        64.8528
65.6811        64.8528
65.285        64.8528
65.354        64.8528
65.6472        64.8528
65.3636        64.8528
65.3138        64.8528
65.1752        64.8528
65.5745        64.8528
65.671        64.8528
65.2997        64.8528
65.6666        64.8528
65.4292        64.8528
65.6169        64.8528
65.5316        64.8528
65.467        64.8528
65.4788        64.8528
65.2161        64.8528
65.2191        64.8528
65.2412        64.8528
65.2588        64.8528
65.3835        64.8528
65.617        64.8528
65.5713        64.8528
65.1175        64.8528
65.2674        64.8528
65.6327        64.8528
65.4252        64.8528
65.4483        64.8528
65.2654        64.8528
65.2516        64.8528
65.149        64.8528
65.6895        64.8528
65.4972        64.8528
65.3228        64.8528
