493.443         444.59
473.21        431.012
453.301        387.952
433.555        384.768
412.31        379.862
392.665        373.115
383.194        360.077
376.159        347.877
365.587        344.924
355.092        334.374
346.091        325.165
338.395        321.338
330.341        309.796
323.289         302.23
314.879        295.308
308.716        294.839
303.305        288.275
298.884        283.627
294.468        279.886
290.205        277.275
286.046        270.363
281.491        262.156
277.057        260.683
271.394        256.839
265.623        254.044
261.979        251.148
258.155        248.572
254.488        242.586
250.606        239.453
247.333        234.959
243.659        229.022
239.895        224.074
234.928          222.3
230.57        220.321
228.508        218.987
226.199        217.642
224.345        215.651
222.432        215.651
220.48        214.616
218.572        209.775
216.003        208.741
214.245        208.108
212.557        205.695
211.405         202.93
209.776        201.823
207.675        199.686
205.619        196.998
203.111        196.585
202.03        189.695
200.295        189.481
197.544        186.873
194.631        186.659
191.721        183.676
188.984        181.701
186.784        180.879
185.468        179.717
183.444        177.705
182.308        174.694
180.391        172.781
177.89        169.637
175.779         168.34
173.261        167.027
171.137        166.584
170.101        166.249
169.305         166.07
169.089        165.368
168.796        163.967
167.585        162.509
166.889        161.913
165.767         156.62
164.568        155.546
162.982        155.546
160.82        153.964
158.488        152.553
156.273        150.903
154.6        150.616
153.153        149.455
152.221        147.829
151.32        145.945
150.05        145.186
148.794        143.602
147.236        142.897
145.885        142.169
145.283        142.009
144.987        140.903
144.569         140.71
143.746          140.4
143.678        138.951
142.847        138.217
141.983        137.611
142.001        132.779
140.37        130.827
138.33        129.319
135.896        128.433
133.609        127.345
131.76        126.739
129.954        125.855
128.665         125.24
127.377        124.219
126.809         123.26
126.322        122.337
125.779        121.797
125.24        120.981
125.545        120.981
125.661        120.733
125.491        120.032
124.582        119.784
122.876        118.877
122.332        118.629
121.12        117.963
120.899        117.812
120.213        117.744
119.562        117.562
119.468         117.55
119.627        117.299
118.875        116.928
118.517        116.055
118.576        116.019
118.163        116.009
118.052        115.312
118.345        115.061
118.552        114.424
118.687        114.056
118.129        112.832
118.033        112.463
116.365        112.309
114.811        111.587
113.878        111.371
113.372        111.371
113.015        111.371
112.1        111.325
112.406        111.325
113.9        109.634
113.602        109.634
113.783        109.256
113.795        109.256
113.735        109.063
112.931        109.063
111.91        109.063
110.91        109.063
109.741        109.063
109.636        107.913
109.676        107.913
109.206        107.753
109.021        107.685
108.735        106.605
109.872        106.492
110.964        104.448
111.118        104.448
110.663        104.448
108.957        104.238
107.34        104.238
106.309        104.238
105.569        104.238
105.381        104.026
105.165        101.371
104.844        100.795
103.972        100.025
102.543        100.025
102.091        99.3477
102.64        99.2285
102.363        99.0785
101.796        98.7619
101.575        98.3679
101.046        97.5363
100.561        97.5363
99.9703        97.5363
98.7308        97.5363
98.477        97.5363
98.2381          96.76
97.9124          96.76
97.7991        96.2655
97.3512        96.2421
97.2348        95.7476
97.0405        95.7476
97.1484        95.3308
96.9689        95.1241
96.5397        94.7073
96.0665        94.2227
95.9965        93.7142
95.5465        93.5733
95.1778        92.3208
95.0017        92.3208
94.6274        91.4007
93.5837        91.2281
92.8437        91.2281
92.7154        90.8009
92.4958        90.8009
92.5225        90.8009
91.865        90.8009
91.7857        90.8009
91.3822        90.8009
91.1292        90.8009
91.4528        90.4687
91.2455        89.1154
91.0625        89.1154
90.609        89.1154
90.4788        87.6924
90.1817        87.6924
89.875        87.6742
89.2482        87.5036
88.7106        87.0476
88.2869        86.8588
88.0954        86.5235
88.2052        86.2353
87.4446        85.6727
87.1065        85.6727
86.883        85.6153
86.4015        85.0659
86.6101        85.0085
86.0083        84.6886
85.7886        84.6886
85.5635        84.5372
85.9048        84.5372
85.4957        84.1918
85.3919        83.4973
85.1466        83.4973
84.9563        83.1196
84.8471        82.9896
84.4708         82.612
83.8421        82.4265
83.4933        82.0687
83.4327        81.8582
83.1074        81.8151
82.9913        80.8323
82.6529        80.7892
81.8405        80.2784
81.2426        80.2353
81.3758        80.2353
81.0996        80.2353
80.739        79.6607
80.7239        79.6607
80.5384        79.4581
80.7931        78.8835
80.4424        78.4082
80.3338        78.4082
79.5187        78.4082
79.3966        78.4082
79.5042        78.4082
79.2543        78.4082
79.6127        78.4082
79.1065        78.4082
79.134        78.3336
79.0788        78.0572
79.2789        78.0572
78.9527        77.9826
78.5569        77.9826
78.7663          77.51
78.5323        77.3949
78.3048        76.9869
78.1072        76.7732
77.4994        76.4398
77.4944        76.1789
77.2591        76.1789
77.3514        76.1789
77.5793        76.1789
77.22        76.1789
76.9383        76.1789
76.8495        76.1789
76.8404        76.1789
76.856        76.0778
77.0371        76.0778
77.2134        76.0778
76.7091        76.0778
76.9703        76.0778
76.3796        75.4775
76.1751        75.4775
76.3859        75.4775
76.56        75.4775
76.2456        75.4775
76.1422        75.4775
76.0865        75.2556
75.9038        75.2556
76.1825        75.2556
76.0436        74.9831
76.0346        74.7301
76.0981        74.3124
75.6604        74.0905
75.2921        74.0905
75.0975        74.0905
74.9099        73.9312
74.7618        73.5169
74.8883        73.5169
74.3128        73.5169
74.6517        73.5169
74.2357        73.5169
74.3365        73.5169
74.0037        73.5169
73.7884        73.5169
74.2551        73.5169
74.1297        73.5169
73.9932        73.5169
73.9889        73.5169
74.2619        73.5169
74.1252        73.5169
74.2234        73.5169
74.5187        73.5169
74.2176        73.5169
74.2939        73.5169
73.972        73.5169
73.8697        73.5169
74.2145        73.5169
73.8081        73.5169
73.9095        73.5169
73.9316        73.4139
73.6875        73.4139
73.9208        73.4139
73.8816        73.4139
74.0419        73.4139
73.8143        73.4139
73.7045        73.4139
73.7956        73.4139
73.7897        73.4139
74.1369        73.4139
73.7988        73.4139
73.7188        73.4139
73.8943        73.4139
74.3616        73.4139
74.1089        73.2636
74.2399        73.2636
73.9413        73.2636
74.1772        73.2636
73.7637        73.2636
74.427        73.2636
74.0948        73.2636
74.1261        73.2636
74.0167        73.2636
74.0799        73.0258
74.209        73.0258
74.4968        72.8944
74.01        72.8944
73.8174        72.8944
73.6718        72.8944
73.472        72.8944
73.3323        72.8944
73.506        72.8944
73.3232        72.8944
73.8046        72.8944
73.9257        72.8944
73.6034        72.8944
73.9046        72.8944
73.4733        72.8944
73.4071        72.6126
73.7821        72.6126
73.5946        72.6126
73.5764        72.6126
73.6721        72.6126
73.2828        72.6126
73.311        72.6126
73.1408        72.6126
73.5752        72.6126
73.7946        72.6126
73.8476        72.6126
73.6477        72.6126
73.3063        72.6126
72.9924        72.6126
73.1529        72.6126
73.4542        72.6126
73.5125        72.6126
73.2703        72.6126
73.4092        72.6126
73.1178        72.6126
72.925        72.6126
73.4448        72.6126
73.1874        72.6126
73.3754        72.6126
73.1765        72.6126
73.2646        72.6126
73.4061        72.6126
73.7697        72.6126
73.3884        72.6126
73.1747        72.6126
73.2972        72.6126
73.1733        72.6126
73.2562        72.6126
72.9543        72.6126
73.1527        72.6126
73.1795        72.6126
73.1168        71.9352
73.8461        71.9352
74.9741        71.9352
76.3753        71.9352
76.5631        71.9352
75.9442        71.9352
74.1241        71.9352
73.7254        71.9352
73.1276        71.9352
72.532        71.9352
72.3854        71.9352
72.6171        71.9352
72.8711        71.9352
72.7106        71.9352
73.0484        71.9352
72.566        71.9352
72.6479        71.9352
72.728        71.9352
73.032        71.9352
73.1848        71.9352
72.9805        71.9352
72.7834        71.9352
72.7511        71.9352
72.883        71.9352
72.7914        71.9352
73.0689        71.9352
72.9332        71.9352
73.1639        71.9352
72.9181        71.9352
73.5271        71.9352
72.6214        71.9352
72.7939        71.9352
72.8189        71.9352
72.3742        71.8797
72.523        71.8797
72.3603        71.8797
72.7789        71.8797
73.1741        71.8797
72.6675        71.8426
72.1697        71.8426
72.7041        71.8426
72.6008        71.8426
72.3675        71.8426
72.1229        71.8426
72.2994        71.8426
72.3302        71.8426
72.4814        71.8426
72.2068        71.8426
72.1721        71.8426
72.4162        71.6234
72.7706        71.6234
72.8863        71.6234
72.5395        71.6134
72.3373        71.6134
72.4485        71.6134
72.3629        71.6134
72.2028        71.6134
72.2068        71.6134
72.0952        71.6134
72.3084        71.6134
72.5907        71.6134
72.7772        71.6134
72.3892        71.6134
72.2163        71.6134
72.5851        71.6134
71.9525        71.6134
71.8675        71.6134
72.2083        71.6134
72.4626        71.6134
72.7775        71.6134
72.6576        71.6134
72.465        71.6134
72.617        71.6134
72.8731        71.6134
72.7227        71.6134
73.0368        71.6134
72.5715        71.6134
72.4553        71.6134
72.3328        71.5288
71.9991        71.5288
72.8588        71.5288
72.2216        71.4688
71.9651        71.3842
71.8136        71.3842
72.0071        71.3842
72.047        71.3842
72.0035        71.3842
72.2498        71.3842
72.1495        71.3842
72.0038        71.3422
72.1058        71.1716
71.6574        71.1296
71.921        71.1296
71.6168         70.801
71.7528         70.801
71.2678         70.801
71.2315         70.801
71.1552         70.801
71.3923         70.801
71.2433         70.801
71.3316         70.801
71.3995         70.801
71.6522         70.801
71.2575         70.801
71.2348         70.801
71.1362         70.801
71.713         70.801
71.3737         70.801
71.5386         70.801
71.4068         70.801
71.5217         70.801
71.3992         70.801
71.3374         70.801
71.7926         70.801
71.6884         70.801
71.6634         70.801
71.6241         70.801
71.3107         70.801
71.222         70.801
71.1116         70.801
71.2146         70.801
71.1686         70.801
70.9804         70.801
71.1445         70.801
71.3891         70.801
71.5197         70.801
71.4716         70.801
72.1001         70.801
71.8576         70.801
72.1506         70.801
71.5898         70.801
71.6925         70.801
71.3098         70.801
71.3582         70.801
71.2918         70.801
71.3658         70.801
71.6792         70.801
71.7052         70.801
71.4673         70.801
71.363         70.801
71.4201         70.801
71.2272         70.801
71.7635         70.801
71.6964        70.6094
71.4633        70.6094
71.1927        70.6094
71.364        70.6094
71.7124        70.6094
71.5913        70.6094
71.3061        70.6094
71.5328        70.6094
71.3168        70.6094
70.8889        70.6094
71.2741        70.6094
71.2328        70.6094
71.1908        70.6094
71.168        70.6094
71.0632        70.6094
71.0431        70.6094
71.2468        70.6094
71.1955        70.6094
71.1063        70.6094
71.3731        70.6094
71.4805        70.6094
70.9879        70.6094
70.8337        70.6094
71.1858        70.6094
71.3652        70.6094
71.149        70.6094
71.2599        70.6094
71.31        70.6094
71.4503        70.6094
71.46        70.6094
71.5654        70.6094
71.3353        70.6094
71.0346        70.6094
71.3035        70.6094
71.5705        70.6094
71.063        70.6094
71.3721        70.5044
71.4561         70.229
71.4421         70.229
71.5087         70.229
71.4573         70.229
71.5651         70.229
71.338         70.229
71.0044         70.229
70.841         70.229
70.9899         70.229
70.7877         70.229
71.1387         70.229
71.397         70.229
71.0973         70.229
70.5118         70.229
70.814         70.229
70.9003         70.229
70.9744         70.229
71.1928         70.229
71.0139         70.229
71.3559         70.229
71.1972         70.229
71.1978         70.229
71.0787         70.229
71.0514         70.229
71.3022         70.229
71.3224         70.229
71.4907         70.229
70.9949         70.229
70.8757         70.229
70.6572         70.229
70.9902         70.229
70.7019         70.229
71.1307         70.229
71.0653         70.229
71.0874         70.229
70.9782         70.229
70.9314         70.229
70.8257         70.229
70.8451         70.229
70.9139         70.229
70.7835         70.229
70.9053         70.229
71.1756         70.229
71.0001         70.229
70.9322         70.229
70.8511         70.229
71.1633         70.229
71.0754         70.229
70.959         70.229
70.6923         70.229
70.425         70.229
70.4913         70.229
70.7113         70.229
70.7636         70.229
70.8281         70.229
70.8708         70.229
70.8056         70.229
70.7933         70.229
70.872         70.229
71.1765         70.229
70.8276         70.229
71.3315         70.229
71.1297         70.229
71.1656         70.229
70.9075         70.229
70.913         70.229
70.8004         70.229
71.2508         70.229
71.0699         70.229
71.0421         70.229
71.1051         70.229
70.8087         70.229
70.9364         70.229
70.8636         70.229
70.9574         70.229
70.6083         70.229
71.1163         70.229
71.1845         70.229
71.0135         70.229
70.7416         70.229
71.074         70.229
71.0436         70.229
70.8626         70.229
71.4444         70.229
70.8985         70.229
70.9463         70.229
70.8714         70.229
70.6567         70.229
70.6609         70.229
70.7216         70.229
70.5123         70.229
70.4517         70.229
70.4022         70.229
70.3816         70.229
70.4402         70.229
70.5119         70.229
71.2235         70.229
71.0303         70.229
71.2919         70.229
70.947         70.229
70.7673         70.229
70.4863         70.229
70.9289         70.229
70.8641         70.229
71.1137         70.229
71.2466         70.229
70.9615         70.229
70.5149         70.229
70.6327         70.229
71.0387         70.229
70.7315         70.229
70.7267         70.229
70.8653         70.229
71.2332         70.229
71.3822         70.229
71.0033         70.229
71.0549         70.229
71.0552         70.229
71.0739         70.229
70.9507         70.229
70.8141         70.229
71.0657         70.229
70.8876         70.229
70.9025         70.229
70.9125         70.229
70.6136         70.229
70.8019         70.229
70.7943         70.229
70.8696         70.229
71.0103         70.229
70.7537         70.229
70.9383         70.229
71.1554         70.229
70.8887         70.229
70.9152         70.229
70.9771         70.229
70.7837         70.229
70.8865         70.229
71.3334         70.229
70.6929         70.229
71.0242         70.229
71.027         70.229
71.0434         70.229
71.0672        67.2682
72.4491        67.2682
72.8942        67.2682
72.2943        67.2682
71.7616        67.2682
70.5444        67.2682
69.5702        67.2682
68.563        67.2682
68.3903        67.2682
68.1987        67.2682
68.208        67.2682
68.1515        67.2682
68.2277        67.2682
68.3597        67.2682
67.9423        67.2682
67.9162        67.2682
68.1        67.2682
67.9918        67.2682
67.6847        67.2682
67.9102        67.2682
68.1092        67.2682
67.7173        67.2682
67.7687        67.2682
67.9317        67.2682
67.8698        67.2682
67.6761        67.2682
67.7065        67.2682
67.6727        67.2682
67.7183        67.2682
67.7871        67.2682
67.4152        67.2682
68.1394        67.2682
67.5132        67.2682
67.4037        67.2682
67.8057        67.2682
67.9221        67.2682
67.858        67.2682
67.8034        67.2682
67.8562        67.2682
68.1375        67.2682
68.1271        67.2682
68.4725        67.2682
67.6297        67.2682
67.6529        67.2682
68.0645        67.2682
68.0086        67.2682
68.5763        67.2682
67.9293        67.2682
67.731        67.2682
69.0628        67.2682
68.0904        67.2682
67.7407        67.2682
67.6507        67.2682
67.9839        67.2682
67.8144        67.2682
67.885        67.2682
67.6944        67.2682
67.8437        67.2682
67.9581        67.2682
68.2048        67.2682
67.8748        67.2682
67.8859        67.2682
67.8338        67.2682
67.7578        67.2682
67.7164        67.2682
68.1157        67.2682
68.1875        67.2682
68.3354        67.2682
68.3023        67.2682
68.3818        67.2682
67.8753        67.2682
67.8372        67.2682
67.7951        67.2682
67.8795        67.2682
68.0722        67.2682
67.8108        67.2682
68.1366        67.2682
68.1607        67.2682
68.0809        67.2682
68.0271        67.2682
67.7127        67.2682
67.7178        67.2682
67.797        67.2682
67.9567        67.2682
68.1606        67.2682
68.4293        67.2682
68.3274        67.2682
68.0724        67.2682
67.9901        67.2682
68.5022        67.2682
67.9579        67.2682
67.5376        67.2682
67.8694        67.2682
67.9998        67.2682
67.5376        67.2682
67.4451        67.2682
67.5078        67.2682
67.8739        67.2682
67.4735        67.2682
67.5214        67.2682
67.7441        67.2682
67.6392        67.2682
67.7166        67.2682
67.7327        67.2682
67.9132        67.2682
67.9985        67.2682
68.3226        67.2682
68.2836        67.2682
67.9637        67.2682
68.055        67.2682
67.4627        67.2682
67.9446        67.2682
67.794        67.2682
68.0989        67.2682
67.8227        67.2682
67.8473        67.2682
67.7618        67.2682
67.7987        67.2682
67.8847        67.2682
67.5101        67.2682
67.6703        67.2682
68.111        67.2682
67.9043        67.2682
67.7049        67.2682
67.5201        67.2682
67.889        67.2682
68.0996        67.2682
68.209        67.2682
67.7491        67.2682
67.8841        67.2682
68.1144        67.2682
67.7727        67.2682
68.1304        67.2682
68.674        67.2682
68.2221        67.2682
67.8962        67.2682
67.9738        67.2682
67.9948        67.2682
67.9405        67.2682
67.7971        67.2682
67.665        67.2682
67.6489        67.2682
67.8846        67.2682
67.7882        67.2682
67.9782        67.2682
67.9956        67.2682
67.7717        67.2682
67.6927        67.2682
67.7482        67.2682
68.0124        67.2682
67.8537        67.2682
67.5761        67.2682
68.1267        67.2682
67.9354        67.2682
68.0315        67.2682
68.3174        67.2682
68.0275        67.2682
67.9487        67.2682
68.5568        67.2682
67.9329        67.2682
68.021        67.2682
68.2388        67.2682
67.9492        67.2682
67.7614        67.2682
68.1973        67.2682
67.9657        67.2682
67.6041        67.2682
67.5691        67.2682
68.0505        67.2682
68.2131        67.2682
68.4971        67.2682
68.5646        67.2682
68.3018        67.2682
68.2605        67.2682
67.8851        67.2682
67.7014        67.2682
67.9024        67.2682
67.7808        67.2682
67.895        67.2682
68.1185        67.2682
67.9025        67.2682
67.8589        67.2682
67.9459        67.2682
67.6665        67.2682
67.7884        67.2682
67.8553        67.2682
68.4218        67.2682
68.1647        67.2682
68.3188        67.2682
68.2908        67.2682
68.1544        67.2682
68.503        67.2682
68.4822        67.2682
68.8983        67.2682
68.4904        67.2682
68.4692        67.2682
68.3757        67.2682
68.6061        67.2682
68.1931        67.2682
68.3508        67.2682
68.393        67.2682
68.6322        67.2682
68.0453        67.2682
68.4331        67.2682
68.2736        67.2682
67.9037        67.2682
68.3796        67.2682
68.5277        67.2682
68.4217        67.2682
68.0831        67.2682
68.4456        67.2682
68.0184        67.2682
67.9871        67.2682
68.1583        67.2682
67.9073        67.2682
67.3899        67.2682
67.552        67.2682
67.7128        67.2682
67.8796        67.2682
67.7168        67.2682
67.5273        67.2682
67.9998        67.2682
67.7321        67.2682
67.8549        67.2682
68.3861        67.2682
68.3169        67.2682
68.1548        67.2682
67.7924        67.2682
68.0177        67.2216
67.8814        67.2216
68.216        67.2216
68.0519        67.2216
68.1566        67.2216
68.0292        67.2216
67.6265        67.2216
67.5353        67.2216
67.7652        67.2216
67.5838        67.2216
67.2637        67.2216
67.5664        67.2216
67.6808        67.2216
67.8605        67.2216
67.7644        67.2216
68.1398        67.2216
67.9655        67.2216
68.4572        67.2216
67.7541        67.2216
67.9295        67.2216
67.8964        67.2216
67.7416        67.2216
67.9196        67.2216
67.9955        67.2216
67.805        67.2216
68.2713        67.2216
67.6889        67.2216
68.1116        67.2216
68.014        67.2216
67.833        67.2216
67.6608        67.2216
67.9134        67.2216
67.7418        67.2216
67.6885        67.2216
67.946        67.2216
67.8609        67.2216
67.902        67.2216
67.8684        67.2216
67.9166        67.2216
68.0382        67.2216
68.018        67.2216
68.02        67.2216
68.1653        67.2216
68.0496        67.2216
68.217        67.2216
67.8335        67.2216
68.0371        67.2216
68.1162        67.2216
67.8238        67.2216
68.1557        67.2216
68.1567        67.2216
68.126        67.2216
67.8675        67.2216
67.8489        67.2216
68.0054        67.2216
68.478        67.2216
68.332        67.2216
67.9989        67.2216
67.5278        67.2216
67.8707        67.2216
68.3037        67.2216
68.1422        67.2216
68.1102        67.2216
68.0036        67.2216
68.0441        67.2216
68.4132        67.2216
67.9199        67.2216
67.8391        67.2216
67.625        67.2216
67.9085        67.2216
68.2007        67.2216
68.0317        67.2216
67.8587        67.2216
67.9418        67.2216
68.4459        67.2216
68.5396        67.2216
68.5363        67.2216
68.4375        67.2216
68.0177        67.2216
68.1371        67.2216
68.1962        67.2216
67.9731        67.2216
68.0421        67.2216
67.6952        67.2216
67.8122        67.2216
67.8084        67.2216
67.8113        67.2216
67.788        67.2216
67.9815        67.2216
68.1393        67.2216
67.8242        67.2216
67.7758        67.2216
67.8016        67.2216
68.1626        67.2216
67.6948        67.2216
67.7419        67.2216
67.8833        67.2216
67.9893        67.2216
67.768        67.2216
68.0927        67.2216
68.1831        67.2216
68.0829        67.2216
68.0409        67.2216
67.9783        67.2216
67.9915        67.2216
68.2462        67.2216
68.0615        67.2216
68.6109        67.2216
68.4602        67.2216
68.2826        67.2216
68.4661        67.2216
67.8061        67.2216
67.8538        67.2216
68.0051        67.2216
68.0267        67.2216
68.253        67.2216
68.4489        67.2216
68.2288        67.2216
67.9857        67.2216
68.0307        67.2216
68.1918        67.2216
68.2326        67.2216
68.2366        67.2216
68.1035        67.2216
68.102        67.2216
68.2629        67.2216
68.4703        67.2216
68.0942        67.2216
67.8647        67.2216
68.3535        67.2216
67.8264        67.2216
68.0152        67.2216
68.123        67.2216
68.1371        67.2216
67.9561        67.2216
67.6195        67.2216
67.7172        67.2216
67.6572        67.2216
68.0488        67.2216
67.8139        67.2216
68.0165        67.2216
67.9519        67.2216
68.08        67.2216
67.8504        67.2216
67.7767        67.2216
67.8956        67.2216
67.718        67.2216
67.7234        67.0249
67.5353        67.0249
67.5032        67.0249
67.7213        67.0249
67.8071        67.0249
67.6308        67.0249
67.8243        67.0249
67.8569        67.0249
68.0462        67.0249
67.3897        67.0249
67.1943        67.0249
67.2597        67.0249
67.1734        67.0249
67.2955        67.0249
67.5643        67.0249
67.514        67.0249
67.7772        67.0249
67.5624        67.0249
67.4408        67.0249
67.4466        67.0249
67.1417        67.0249
67.2753        67.0249
67.2582        67.0249
67.4521        67.0249
67.748        67.0249
67.6419        67.0249
67.8476        67.0249
67.3987        67.0249
67.8031        67.0249
67.4594        67.0249
67.8934        67.0249
68.243        67.0249
68.151        67.0249
68.0694        67.0249
67.8243        67.0249
67.6986        67.0249
67.7177        67.0249
67.7551        67.0249
68.2657        67.0249
67.7691        67.0249
67.7368        67.0249
67.8771        67.0249
67.67        67.0249
67.7143        67.0249
67.6958        67.0249
68.6471        66.3048
70.0052        66.3048
71.4725        66.3048
72.2405        66.3048
72.0127        66.3048
70.4808        66.3048
69.2087        66.3048
68.6879        66.3048
68.1234        66.3048
67.518        66.3048
67.0445        66.3048
67.4168        66.3048
67.7524        66.3048
66.9183        66.3048
66.8939        66.3048
66.9836        66.3048
67.0909        66.3048
66.6523        66.3048
66.8754        66.3048
66.8541        66.3048
66.9874        66.3048
67.3144        66.3048
66.7631        66.3048
66.8817        66.3048
67.2294        66.3048
67.7777        66.3048
67.6096        66.3048
67.1248        66.3048
66.8785        66.3048
67.2304        66.3048
66.9107        66.3048
67.2952        66.3048
67.3067        66.3048
67.4445        66.3048
67.2531        66.3048
67.496        66.3048
67.3331        66.3048
67.4284        66.3048
67.7913        66.3048
67.9465        66.3048
67.4697        66.3048
67.2441        66.3048
67.4193        66.3048
67.5329        66.3048
67.0352        66.3048
67.3635        66.3048
67.0542        66.3048
66.901        66.3048
66.8913        66.3048
66.9704        66.3048
67.0909        66.3048
66.6709        66.3048
66.6334        66.3048
66.7556        66.3048
66.9316        66.3048
66.6517        66.3048
67.0458        66.3048
66.7707        66.3048
66.5977        66.3048
66.8709        66.3048
67.3022        66.3048
68.1437        66.3048
67.8211        66.3048
67.4546        66.3048
67.3086        66.3048
67.0313        66.3048
67.1755        66.3048
67.2252        66.3048
66.8424        66.3048
67.0333        66.3048
67.3635        66.3048
67.3762        66.3048
67.2639        66.3048
67.3867        66.3048
67.4828        66.3048
67.3937        66.3048
67.2835        66.3048
67.175        66.3048
67.0426        66.3048
67.3208        66.3048
66.8677        66.3048
66.847        66.3048
66.8968        66.3048
66.8814        66.3048
67.0872        66.3048
67.282        66.3048
67.5269        66.3048
67.0193        66.3048
67.3994        66.3048
67.3797        66.3048
67.2021        66.3048
67.155        66.3048
67.0285        66.3048
67.0348        66.3048
66.8814        66.3048
66.9371        66.3048
67.0045        66.3048
67.0399        66.3048
67.1151        66.3048
66.7996        66.3048
66.8736        66.3048
66.8101        66.3048
66.8175        66.3048
66.9361        66.3048
66.9159        66.3048
67.0317        66.3048
66.7587        66.3048
66.6028        66.3048
67.0386        66.3048
67.0687        66.3048
67.045        66.3048
67.3023        66.3048
67.4493        66.3048
67.0857        66.3048
67.1491        66.3048
67.0498        66.3048
67.2587        66.3048
66.8446        66.3048
66.7315        66.3048
66.8478        66.3048
67.0093        66.3048
67.129        66.3048
66.8863        66.3048
67.2481        66.3048
67.5298        66.3048
67.3028        66.3048
67.1601        66.3048
66.9861        66.3048
66.9094        66.3048
67.1174        66.3048
66.9885        66.3048
67.1108        66.3048
66.7614        66.3048
66.8781        66.3048
67.1266        66.3048
67.6481        66.3048
67.0794        66.3048
67.1344        66.3048
66.9114        66.3048
67.4421        66.3048
66.9841        66.3048
66.8857        66.3048
66.8161        66.3048
66.8486        66.3048
66.9208        66.3048
67.1068        66.3048
67.3085        66.3048
67.223        66.3048
67.1588        66.3048
67.3618        66.3048
67.1109        66.3048
66.9758        66.3048
67.3109        66.3048
67.455        66.3048
67.1175        66.3048
67.5532        66.3048
67.0047        66.3048
67.0542        66.3048
66.6305        66.3048
66.8436        66.3048
66.8401        66.3048
66.8894        66.3048
66.8203        66.3048
66.9985        66.3048
67.0814        66.3048
66.7907        66.3048
67.2154        66.3048
67.0819        66.3048
67.1414        66.3048
66.7142        66.3048
66.8969        66.3048
66.9556        66.3048
67.3802        66.3048
67.5852        66.3048
67.2989        66.3048
67.539        66.3048
67.0161        66.3048
67.0302        66.3048
66.8521        66.3048
66.9058        66.3048
67.0806        66.3048
67.2597        66.3048
66.9468        66.3048
66.8077        66.3048
66.6921        66.3048
66.9409        66.3048
67.1394        66.3048
68.0736        66.3048
67.2665        66.3048
66.9511        66.3048
66.7935        66.3048
66.65        66.3048
66.786        66.3048
66.9888        66.3048
66.9033        66.3048
67.3065        66.3048
67.308        66.3048
67.1955        66.3048
67.3033        66.3048
67.2131        66.3048
67.5902        66.3048
67.3227        66.3048
67.2321        66.3048
66.9828        66.3048
66.9993        66.3048
66.7119        66.3048
66.5917        66.3048
66.8049        66.3048
66.997        66.3048
67.7048        66.3048
67.2182        66.3048
66.7607        66.3048
66.7388        66.3048
66.6748        66.3048
67.0547        66.3048
66.9685        66.3048
66.8757        66.3048
66.5748        66.3048
67.5349        66.3048
67.1398        66.3048
67.0188        66.3048
67.3011        66.3048
67.5474        66.3048
67.3924        66.3048
67.4283        66.3048
67.1321        66.3048
67.655        66.3048
67.7382        66.3048
67.1034        66.3048
67.2676        66.3048
67.2909        66.3048
66.919        66.3048
66.9165        66.3048
66.5639        66.3048
66.7614        66.3048
66.976        66.3048
66.9653        66.3048
66.9819        66.3048
66.896        66.3048
67.1913        66.3048
66.87        66.3048
67.0664        66.3048
66.7653        66.0132
66.95        66.0132
66.5407        66.0132
66.6146        66.0132
66.8138        66.0132
66.9155        66.0132
66.8943        66.0132
66.8909        66.0132
66.9905        66.0132
66.4176        66.0132
66.5932        66.0132
66.427        66.0132
66.446        66.0132
66.4795        66.0132
66.7292        66.0132
66.6199        66.0132
67.1446        66.0132
67.3952        66.0132
67.2822        66.0132
67.1509        66.0132
67.2784        66.0132
66.7703        66.0132
66.6272        66.0132
66.9137        66.0132
66.4103        66.0132
66.7099        66.0132
66.9554        66.0132
67.0118        66.0132
67.1723        66.0132
66.9994        66.0132
67.1282        66.0132
66.5447        66.0132
66.5682        66.0132
66.5401        66.0132
66.5786        66.0132
66.9684        66.0132
66.8852        66.0132
66.9294        66.0132
66.8655        65.6646
67.1833        65.5996
67.4109        65.5996
66.6519        65.5363
66.7839        65.5102
66.1976        65.5102
66.4331        65.5102
66.3621        65.5102
66.3595        65.5102
66.3455        65.5102
66.5817        65.5102
66.1581        65.5102
66.0915        65.5102
66.0225        65.5102
66.0054        65.5102
66.2766        65.5102
66.4462        65.5102
66.3081        65.5102
66.1252        65.5102
66.3328        65.5102
66.1867        65.5102
66.0553        65.5102
66.2922        65.5102
66.0021        65.5102
66.1153        65.5102
66.05        65.5102
66.2144        65.5102
66.0553        65.5102
66.2128        65.5102
65.9319        65.5102
65.8579        65.5102
65.9745        65.5102
65.9218        65.5102
65.9508        65.5102
66.0957        65.5102
65.9796        65.5102
66.2335        65.5102
66.5341        65.5102
66.4653        65.5102
66.2882        65.5102
66.2548        65.5102
65.7756        65.5102
66.0684        65.5102
66.0907        65.5102
66.1577        65.5102
66.067        65.5102
65.9788        65.5102
66.4184        65.5102
66.4488        65.5102
66.0781        65.5102
66.4232        65.5102
66.2298        65.5102
66.1463        65.5102
66.1698        65.5102
66.483        65.5102
66.41        65.5102
65.8861        65.5102
66.4682        65.5102
66.2775        65.5102
65.9357        65.5102
66.0361        65.5102
65.9875        65.5102
66.2785        65.5102
65.8673        65.5102
66.3416        65.5102
65.9708        65.5102
66.1895        65.5102
65.9599        65.5102
65.8412        65.5102
66.1108        65.5102
66.3736        65.5102
66.7364        65.5102
66.7325        65.5102
66.4997        65.5102
66.2505        65.5102
66.5461        65.5102
66.5121        65.5102
66.159        65.5102
66.1491        65.5102
65.9515        65.5102
66.3602        65.5102
66.5103        65.5102
66.5581        65.5102
66.3568        65.5102
66.1487        65.5102
66.5711        65.5102
66.2842        65.5102
65.7978        65.5102
65.9952        65.5102
66.2162        65.5102
66.0037        65.5102
66.4314        65.5102
66.2232        65.5102
65.8191        65.5102
65.9513        65.5102
66.1953        65.5102
66.1986        65.5102
66.2354        65.5102
66.484        65.5102
66.2956        65.5102
66.3254        65.5102
66.4836        65.5102
66.3265        65.5102
66.4        65.5102
65.9195        65.5102
66.1333        65.5102
65.8008        65.5102
66.0942        65.5102
66.2679        65.5102
66.5845        65.5102
66.367        65.5102
66.6156        65.5102
66.5093        65.5102
66.2611        65.5102
66.3093        65.5102
66.5507        65.5102
66.1242        65.5102
66.1248        65.5102
66.5186        65.5102
66.9029        65.5102
66.5765        65.5102
66.367        65.5102
66.5996        65.5102
66.1907        65.5102
66.244        65.5102
66.3468        65.5102
66.247        65.5102
65.9026        65.5102
66.3166        65.5102
66.3189        65.5102
66.5287        65.5102
66.6733        65.5102
66.2725        65.5102
66.7478        65.5102
66.3005        65.5102
66.0635        65.5102
66.3137        65.5102
66.166        65.5102
66.2439        65.5102
66.0534        65.5102
66.1355        65.2157
66.1652        65.2157
66.3819        65.2157
65.8471        65.2157
65.8186        65.2157
65.812        65.2157
65.7375        65.2157
65.9391        65.2157
66.0734        65.2157
66.1103        65.2157
66.0812        65.2157
65.7422        65.2157
65.9673        65.2157
65.9293        65.2157
66.0179        65.2157
66.3995        65.2157
66.0711        65.2157
66.0477        65.2157
65.9852        65.2157
65.9583        65.2157
66.2237        65.2157
65.8874        65.2157
66.0139        65.2157
66.2        65.2157
65.7015        65.2157
66.2446        65.2157
66.0724        65.2157
66.0599        65.2157
65.9898        65.2157
66.0593        65.2157
65.9639        65.2157
65.6793        65.2157
65.646        65.2157
65.8718        65.2157
65.9751        65.2157
66.3255        65.2157
65.8085        65.2157
65.7164        65.2157
65.8114        65.2157
66.0459        65.2157
65.9117        65.2157
66.266        65.2157
66.3555        65.2157
66.1747        65.2157
66.3507        65.2157
65.9784        65.2157
65.9551        65.2157
66.4381        65.2157
66.2709        65.2157
65.9506        65.2157
65.5324        65.2157
65.804        65.2157
65.9127        65.2157
65.7228        65.2157
65.5226        65.2157
65.8627        65.2157
66.0058        65.2157
65.7258        65.2157
65.8374        65.2157
65.5366        65.2157
65.5305        65.2157
65.9157        65.2157
66.2572        65.2157
65.9834        65.2157
65.7208        65.2157
65.8028        65.2157
65.8839        65.2157
66.0038        65.2157
65.9545        65.2157
65.5643        65.2157
65.6542        65.2157
65.9906        65.2157
65.8211        65.2157
66.1948        65.2157
66.5341        65.2157
65.6081        65.2157
65.8625        65.2157
65.6136        65.2157
65.4242        65.2157
65.8553        65.2157
65.6544        65.2157
65.589        65.2157
65.9182        65.2157
65.7079        65.2157
65.7049        65.2157
66.1537        65.2157
66.0628        65.2157
66.1952        65.2157
66.1131        65.2157
66.0622        65.2157
65.9675        65.2157
65.6687        65.2157
65.685        65.2157
65.6696        65.2157
66.1379        65.2157
66.1758        65.2157
65.9987        65.2157
66.0989        65.2157
65.6957        65.2157
65.8004        65.2157
65.8597        65.2157
66.2992        65.2157
66.1182        65.2157
65.9476        65.2157
66.2768        65.2157
65.803        65.2157
65.7244        65.2157
65.7397        65.2157
65.9683        65.2157
65.884        65.2157
65.4825        65.2157
65.6028        65.2157
65.716        65.2157
65.5296        65.2157
65.8457        65.2157
65.8536        65.2157
66.0121        65.2157
65.9392        65.2157
66.009        65.2157
66.0051        65.2157
66.1904        65.2157
66.209        65.2157
65.8731        65.2157
65.8855        65.2157
66.1038        65.2157
66.2597        65.2157
65.6286        65.2157
65.7907        65.2157
65.5955        65.2157
65.8653        65.2157
65.5191        65.2157
66.0076        65.2157
66.2605        65.2157
65.9524        65.2157
66.1259        65.2157
66.2206        65.2157
66.2132        65.2157
66.0768        65.2157
66.0286        65.2157
66.2995        65.2157
66.0916        65.2157
66.5737        65.2157
66.7748        65.2157
66.0977        65.2157
66.0699        65.2157
66.173        65.2157
65.8873        65.2157
66.1324        65.2157
66.0387        65.2157
65.762        65.2157
65.9632        65.2157
65.8734        65.2157
66.0895        65.2157
65.7808        65.2157
66.225        65.2157
66.2861        65.2157
65.8249        65.2157
65.536        65.2157
65.507        65.2157
65.9624        65.2157
65.7915        65.2157
65.9985        65.2157
65.8859        65.2157
66.2017        65.2157
66.028        65.2157
66.5698        65.2157
66.2687        65.2157
66.5634        65.2157
66.1447        65.2157
65.8798        65.2157
65.8897        65.2157
65.6968        65.2157
66.1261        65.2157
66.3168        65.2157
66.1905        65.2157
66.0165        65.2157
66.044        65.2157
66.0125        65.2157
66.0699        65.2157
66.0989        65.2157
66.2055        65.2157
66.3429        65.2157
65.9448        65.2157
65.9845        65.2157
65.9467        65.2157
65.8267        65.2157
65.9508        65.2157
65.9915        65.2157
66.3341        65.2157
66.3414        65.2157
66.1774        65.2157
66.1956        65.2157
65.8893        65.2157
65.5581        65.2157
65.541        65.2157
66.1593        65.2157
65.8168        65.2157
65.9958        65.2157
66.0213        65.2157
65.8846        65.2157
65.9147        65.2157
65.9117        65.2157
65.7324        65.2157
65.9633        65.2157
65.6143        65.2157
65.6408        65.2157
66.1229        65.2157
65.979        65.2157
65.8188        65.2157
65.8919        65.2157
66.0194        65.2157
66.0332        65.2157
65.9414        65.2157
65.5676        65.2157
65.8622        65.2157
65.7822        65.2157
65.7889        65.2157
66.0129        65.2157
65.7251        65.2157
66.1306        65.2157
65.6216        65.2157
65.6254        65.2157
65.5939        65.2157
65.7858        65.2157
66.238        65.2157
66.3289        65.2157
66.1421        65.2157
65.9708        65.2157
66.4841        65.2157
66.2671        65.2157
65.8454        65.2157
65.6348        65.2157
65.6924        65.2157
65.7637        65.2157
65.9207        65.2157
65.8922        65.2157
65.7411        65.2157
65.8578        65.2157
65.8197        65.2157
65.8481        65.2157
65.7161        65.2157
65.8802        65.2157
66.1013        65.2157
66.0843        65.2157
66.0206        65.2157
66.1412        65.2157
65.996        65.2157
66.3117        65.2157
66.337        65.2157
66.0961        65.2157
66.091        65.2157
65.8213        65.2157
65.62        65.2157
65.6003        65.2157
66.1609        65.2157
65.7642        65.2157
65.8451        65.2157
65.4833        65.2157
65.6792        65.2157
66.1701        65.2157
65.7254        65.2157
65.4636        65.2157
65.5295        65.2157
65.6793        65.2157
66.2616        65.2157
66.0366        65.2157
66.0954        65.2157
65.9885        65.2157
66.1786        65.2157
65.798        65.2157
66.0147        65.2157
65.7546        65.2157
66.1078        65.2157
66.1112        65.2157
65.7379        65.2157
66.0097        65.2157
65.991        65.2157
65.7944        65.2157
66.1668        65.2157
66.1531        65.2157
66.6103        65.2157
66.1746        65.2157
66.0821        65.2157
66.1504        65.2157
66.1009        65.2157
65.641        65.2157
65.9297        65.2157
65.5928        65.2157
65.6809        65.2157
65.6358        65.2157
65.852        65.2157
65.433        65.2157
65.6013        65.2157
65.9583        65.2157
65.855        65.2157
65.6342        65.2157
65.5484        65.2157
65.6451        65.2157
65.6485        65.2157
65.7342        65.2157
65.6069        65.2157
65.7565        65.2157
65.8438        65.2157
66.0405        65.2157
66.276        65.2157
66.0791        65.2157
66.2172        65.2157
65.964        65.2157
66.3276        65.2157
66.3954        65.2157
66.7405        65.2157
66.3        65.2157
66.1833        65.2157
66.2418        65.2157
65.8105        65.2157
65.7124        65.2157
65.3775        65.2157
65.6864        65.2157
65.759        65.2157
66.2046        65.2157
66.3895        65.2157
66.1991        65.2157
66.0437        65.2157
66.2421        65.2157
65.9707        65.2157
65.7996        65.2157
65.8505        65.2157
65.6736        65.2157
65.8594        65.2157
65.6885        65.2157
65.5971        65.2157
65.4293        65.2157
65.3465        65.2157
65.4259        65.2157
65.4682        65.2157
65.8206        65.2157
65.9727        65.2157
65.8062        65.2157
65.5034        65.2157
66.1049        65.2157
65.9036        65.2157
66.2936        65.2157
65.8868        65.2157
66.0858        65.2157
65.9357        65.2157
66.0408        65.2157
65.6802        65.2157
65.5403        65.2157
66.0997        65.2157
65.7833        65.2157
66.0262        65.1879
66.3468        65.1879
65.9005        65.1879
66.2493        65.1879
66.467        65.1879
66.467        65.1879
66.6941        65.1879
66.3743        65.1879
65.975        65.1879
66.0126        65.1879
66.4189        65.1879
66.0512        65.1879
66.1077        65.1879
65.7018        65.1879
65.7294        65.1879
65.9773        65.1879
65.9179        65.1879
65.6932        65.1879
65.8053        65.1879
65.8362        65.1879
65.9242        65.1879
65.95        65.1879
65.8553        65.1879
65.5508        65.1879
65.653        65.1879
66.1848        65.1879
66.1032        65.1879
66.5355        65.1879
65.7932        65.1879
65.9005        65.1879
66.0254        65.1879
66.454        65.1879
65.848        65.1879
65.9073        65.1879
65.6415        65.1879
65.8314        65.1879
65.8352        65.1879
65.7226        65.1879
65.7019        65.1879
65.8789        65.1879
66.1062        65.1879
66.368        65.1879
66.2757        65.1879
66.0043        65.1879
65.4725        65.1879
65.4781        65.1879
65.9548        65.1879
65.9136        65.1879
65.78        65.1879
65.8306        65.1879
65.7094        65.1879
65.9263        65.1879
66.236        65.1879
66.1243        65.1879
65.8612        65.1879
66.0263        65.1879
65.598        65.1879
65.643        65.1879
65.9763        65.1879
65.8237        65.1879
66.0599        65.1879
66.3089        65.1879
65.6833        65.1879
65.8105        65.1879
65.7502        65.1879
65.7134        65.1879
65.9186        65.1879
65.678        65.1879
65.9727        65.1879
65.853        65.1879
65.6929        65.1879
65.698        65.1879
66.1147        65.1879
65.8386        65.1879
66.2532        65.1879
65.8606        65.1879
65.8861        65.1879
66.0317        65.1879
66.0503        65.1879
65.9207        65.1879
65.6782        65.1879
65.2971        65.1879
65.4792        65.1879
65.6274        65.1879
66.0373        65.1879
65.9004        65.1879
65.9666        65.1879
65.9367        65.1879
65.5872        65.1879
65.4098        65.1879
65.7803        65.1879
65.6724        65.1879
65.6565        65.1879
65.6321        65.1879
65.7156        65.1879
65.5046        65.1879
65.6388        65.1879
66.1832        65.1879
66.0798        65.1879
65.7309        65.1879
65.9113        65.1879
66.052        65.1879
66.1169        65.1879
66.0892        65.1879
66.3998        65.1879
65.9118        65.1879
65.7752        65.1879
65.815        65.1879
65.8345        65.1879
65.8717        65.1879
65.9058        65.1879
65.6559        65.1879
65.65        65.1879
65.6661        65.1879
65.5236        65.1879
65.835        65.1879
65.7237        65.1879
65.3407        65.1879
65.7399        65.1879
65.9638        65.1879
66.085        65.1879
66.4502        65.1879
66.3798        65.1879
66.009        65.1879
65.7814        65.1879
65.6974        65.1879
65.4435        65.1879
65.6091        65.1879
65.8391        65.1879
65.8429        65.1879
66.1268        65.1879
66.1281        65.1879
65.721        65.1879
65.5681        65.1879
65.96        65.1879
65.781        65.1879
65.5272        65.1879
65.74        65.1879
66.434        65.1879
65.9952        65.1879
65.8828        65.1879
65.6574        65.1879
65.59        65.1879
65.5467        65.1879
65.4165        65.1879
65.5926        65.1879
65.9795        65.1879
66.2897        65.1879
66.5721        65.1879
66.3529        65.1879
66.1255        65.1879
66.1981        65.1879
66.1318        65.1879
66.1682        65.1879
66.3344        65.1879
66.2212        65.1879
65.9122        65.1879
66.482        65.1879
66.773        65.1879
66.4586        65.1879
66.5902        65.1879
66.1038        65.1879
65.7823        65.1879
65.6285        65.1879
66.147        65.1879
66.0348        65.1879
66.0272        65.1879
65.8496        65.1879
65.9166        65.1879
66.225        65.1879
65.9363        65.1879
65.7632        65.1879
65.3867        65.1879
65.6532        65.1879
65.9634        65.1879
66.3307        65.1879
65.5802        65.1879
65.4654        65.1879
65.6692        65.1879
65.516        65.1879
65.9046        65.1879
65.6194        65.1879
65.4228        65.1879
65.7303        65.1879
65.8554        65.1879
66.0546        65.1879
65.717        65.1879
65.4944        65.1879
65.7102        65.1879
66.0183        65.1879
65.8368        65.1879
65.8576        65.1879
65.6075        65.1879
65.925        65.1879
66.0729        65.1879
66.0117        65.1879
65.5811        65.1879
65.5023        65.1879
65.4947        65.1879
66.2258        65.1879
66.1566        65.1879
65.8611        65.1879
66.4303        65.1879
66.2303        65.1879
66.3675        65.1879
66.0742        65.1879
66.6678        65.1879
65.9017        65.1879
65.9196        65.1879
65.9465        65.1879
66.1245        65.1879
65.7577        65.1879
65.9952        65.1879
65.5651        65.1879
66.3016        65.1879
65.593        65.1879
65.8099        65.1879
65.6569        65.1879
65.5483        65.1879
66.0501        65.1879
65.7019        65.1879
65.513        65.1879
66.0534        65.1879
66.6865        65.1879
66.8483        65.1879
66.3709        65.1879
66.0047        65.1879
66.1619        65.1879
65.7322        65.1879
66.1335        65.1879
65.6239        65.1879
66.4702        65.1879
66.1361        65.1879
66.3456        65.1879
65.7631        65.1879
66.1838        65.1879
66.524        65.1879
66.1216        65.1879
66.3169        65.1879
65.5796        65.1879
65.5948        65.1879
65.7978        65.1879
65.9092        65.1879
66.0542        65.1879
65.6853        65.1879
65.4946        65.1879
65.8408        65.1879
66.2109        65.1879
66.2873        65.1879
65.9004        65.1879
65.8131        65.1879
66.066        65.1879
65.7691        65.1879
66.0043        65.1879
66.1619        65.1879
66.3842        65.1879
66.3656        65.1879
65.7517        65.1879
66.1066        65.1879
65.8883        65.1879
66.2649        65.1879
65.8297        65.1879
65.7465        65.1879
65.5381        65.1879
65.6639        65.1879
65.5352        65.1879
65.6906        65.1879
66.0243        65.1879
65.4936        65.1879
65.9856        65.1879
66.0326        65.1879
66.1683        65.1879
65.7709        65.1879
65.475        65.1879
65.3288        65.1879
65.6534        65.1879
66.0086        65.1879
65.8405        65.1879
65.8815        65.1879
66.0869        65.1879
66.1006        64.9014
65.5512        64.9014
65.4673        64.9014
65.55        64.9014
65.2872        64.9014
65.516        64.9014
65.3333        64.9014
65.2117        64.9014
65.2631        64.9014
65.7024        64.9014
65.9746        64.9014
65.9581        64.9014
65.4428        64.9014
65.8447        64.9014
65.2479        64.9014
65.2489        64.9014
65.8309        64.9014
65.9068        64.9014
65.8041        64.9014
65.5403        64.9014
65.6197        64.9014
65.4523        64.9014
65.9055        64.9014
66.3986        64.9014
66.4655        64.9014
65.5537        64.9014
65.5458        64.9014
65.4326        64.9014
65.0847        64.9014
65.4251        64.9014
65.3079        64.9014
65.4206        64.9014
65.7225        64.9014
65.2868        64.9014
65.6847        64.9014
65.8249        64.9014
65.7418        64.9014
65.5612        64.9014
65.2723        64.9014
65.5172        64.9014
65.2013        64.9014
65.2761        64.9014
65.5741        64.9014
65.9786        64.9014
65.6785        64.9014
65.8529        64.9014
65.5002        64.9014
65.8086        64.9014
65.219        64.9014
65.4831        64.9014
65.3789        64.9014
65.549        64.9014
65.1732        64.9014
65.5784        64.9014
65.6006        64.9014
65.7133        64.9014
65.5771        64.9014
65.4612        64.9014
65.5749        64.9014
65.1787        64.9014
65.524        64.9014
65.6952        64.9014
65.5939        64.9014
66.0138        64.9014
65.3249        64.9014
65.5493        64.9014
65.6452        64.9014
66.0184        64.9014
65.9        64.9014
65.6494        64.9014
65.5448        64.9014
65.7994        64.9014
65.5451        64.9014
65.6017        64.9014
65.3897        64.9014
65.7667        64.9014
66.0647        64.9014
65.8007        64.9014
65.6909        64.9014
65.609        64.9014
65.934        64.9014
66.1536        64.9014
66.3002        64.9014
66.5108        64.9014
66.3634        64.9014
66.3436        64.9014
65.6276        64.9014
65.501        64.9014
65.4768        64.9014
65.4082        64.9014
65.7194        64.9014
65.4272        64.9014
65.2453        64.9014
65.0838        64.9014
65.2945        64.9014
65.7978        64.9014
66.0077        64.9014
65.9776        64.9014
65.8403        64.9014
65.6724        64.9014
65.7823        64.9014
65.6326        64.9014
65.6413        64.9014
65.9243        64.9014
65.5968        64.9014
65.9009        64.9014
65.7075        64.9014
65.4896        64.9014
65.4534        64.9014
65.7281        64.9014
65.8852        64.9014
65.6358        64.9014
66.0272        64.9014
65.9257        64.9014
65.4952        64.9014
65.641        64.9014
65.58        64.9014
65.7227        64.9014
65.9146        64.9014
65.7532        64.9014
65.8048        64.9014
65.2244        64.9014
65.2785        64.9014
65.4648        64.9014
65.5863        64.9014
65.3        64.9014
65.5236        64.9014
65.1541        64.9014
65.5344        64.9014
65.7301        64.9014
65.7528        64.9014
65.538        64.9014
65.6607        64.9014
65.6915        64.9014
65.773        64.9014
65.5595        64.9014
65.5809        64.9014
65.5926        64.9014
65.9085        64.9014
65.5961        64.9014
65.3871        64.9014
65.1597        64.9014
65.7855        64.9014
65.6664        64.9014
65.673        64.9014
65.5652        64.9014
65.6088        64.9014
66.147        64.9014
65.9505        64.9014
65.9781        64.9014
66.1238        64.9014
65.7862        64.9014
65.7132        64.9014
66.0568        64.9014
65.2297        64.9014
65.0886        64.9014
65.2984        64.9014
65.5153        64.9014
65.5356        64.9014
65.6465        64.9014
65.7507        64.9014
65.9828        64.9014
65.5081        64.9014
65.3524        64.9014
65.5359        64.9014
65.7053        64.9014
65.6724        64.9014
65.6675        64.9014
65.4909        64.9014
65.5962        64.9014
65.4282        64.9014
65.9153        64.9014
66.1867        64.9014
65.9749        64.9014
65.5033        64.9014
65.2527        64.9014
65.3671        64.9014
65.3492        64.9014
65.2694        64.9014
65.3559        64.9014
65.5655        64.9014
65.5739        64.9014
65.8153        64.9014
65.6806        64.9014
66.0437        64.9014
65.9504        64.9014
65.2218        64.9014
65.1618        64.9014
65.2796        64.9014
65.0793        64.9014
65.3925        64.9014
65.7675        64.9014
65.2938        64.9014
65.3069        64.9014
65.6427        64.9014
65.582        64.9014
65.95        64.9014
65.2123        64.9014
65.5298        64.9014
65.679        64.9014
65.4493        64.9014
65.6834        64.9014
65.6069        64.9014
65.3851        64.9014
65.4596        64.9014
65.7226        64.9014
65.2723        64.9014
65.3092        64.9014
65.7457        64.9014
65.2241        64.9014
65.0623        64.8528
65.0927        64.8528
65.2503        64.8528
65.1955        64.8528
65.6312        64.8528
65.7531        64.8528
65.9946        64.8528
65.5804        64.8528
65.3917        64.8528
65.4806        64.8528
65.7194        64.8528
65.6918        64.8528
65.4153        64.8528
65.4032        64.8528
65.5395        64.8528
65.4404        64.8528
65.47        64.8528
65.1737        64.8528
65.3031        64.8528
65.4436        64.8528
65.7236        64.8528
65.4045        64.8528
65.3505        64.8528
65.5453        64.8528
65.2365        64.8528
65.3728        64.8528
65.3149        64.8528
65.3719        64.8528
65.3471        64.8528
65.2316        64.8528
65.1623        64.8528
65.663        64.8528
66.0115        64.8528
65.9095        64.8528
65.8939        64.8528
65.6945        64.8528
65.2745        64.8528
65.3262        64.8528
65.3451        64.8528
65.3317        64.8528
65.476        64.8528
65.6445        64.8528
65.4502        64.8528
66.0487        64.8528
65.594        64.8528
66.021        64.8528
65.7688        64.8528
65.5044        64.8528
65.5116        64.8528
65.8214        64.8528
66.0794        64.8528
66.4311        64.8528
65.3683        64.8528
65.5705        64.8528
65.8156        64.8528
65.6801        64.8528
65.536        64.8528
65.5313        64.8528
65.0878        64.8528
65.2184        64.8528
65.0125        64.8528
65.1417        64.8528
65.3402        64.8528
65.5107        64.8528
65.643        64.8528
65.4631        64.8528
65.3604        64.8528
65.7294        64.8528
65.3761        64.8528
65.3303        64.8528
65.6152        64.8528
65.9225        64.8528
65.8262        64.8528
65.5165        64.8528
65.5377        64.8528
65.31        64.8528
65.4925        64.8528
65.6528        64.8528
65.4127        64.8528
65.585        64.8528
65.2562        64.8528
65.2183        64.8528
65.3858        64.8528
65.1466        64.8528
65.2197        64.8528
65.4044        64.8528
65.4714        64.8528
65.4986        64.8528
65.3171        64.8528
65.2564        64.8528
65.7369        64.8528
65.6899        64.8528
65.5745        64.8528
65.4164        64.8528
65.6659        64.8528
65.646        64.8528
65.7185        64.8528
66.1709        64.8528
65.6208        64.8528
65.3391        64.8528
65.0819        64.8528
65.4528        64.8528
65.8721        64.8528
65.7581        64.8528
65.8335        64.8528
65.8174        64.8528
65.876        64.8528
66.1346        64.8528
66.1994        64.8528
65.2676        64.8528
65.8775        64.8528
65.9316        64.8528
66.3344        64.8528
65.7272        64.8528
65.8097        64.8528
65.9668        64.8528
66.2936        64.8528
65.7859        64.8528
65.5155        64.8528
65.4091        64.8528
65.842        64.8528
65.2597        64.8528
65.669        64.8528
65.7851        64.8528
65.627        64.8528
65.5467        64.8528
65.6012        64.8528
65.3935        64.8528
65.4257        64.8528
65.2901        64.8528
65.588        64.8528
65.6065        64.8528
65.6815        64.8528
65.5578        64.8528
65.4381        64.8528
65.445        64.8528
65.4785        64.8528
65.4498        64.8528
65.7332        64.8528
65.5011        64.8528
65.6502        64.8528
65.1727        64.8528
65.415        64.8528
65.9992        64.8528
65.6364        64.8528
65.9609        64.8528
66.1895        64.8528
65.9532        64.8528
65.7609        64.8528
65.4972        64.8528
65.3373        64.8528
65.6327        64.8528
65.4957        64.8528
65.5521        64.8528
65.3763        64.8528
65.2261        64.8528
65.5282        64.8528
65.518        64.8528
65.3235        64.8528
65.7998        64.8528
65.3456        64.8528
65.3237        64.8528
65.4097        64.8528
65.6016        64.8528
65.807        64.8528
65.4828        64.8528
65.3112        64.8528
65.1889        64.8528
65.7028        64.8528
65.6416        64.8528
65.5792        64.8528
65.173        64.8528
65.4724        64.8528
65.5556        64.8528
65.5633        64.8528
65.3157        64.8528
65.1977        64.8528
65.3237        64.8528
65.1672        64.8528
65.4247        64.8528
65.2852        64.8528
65.5713        64.8528
65.5289        64.8528
65.7332        64.8528
66.093        64.8528
65.8172        64.8528
65.8115        64.8528
65.5718        64.8528
65.8488        64.8528
65.565        64.8528
65.323        64.8528
65.1939        64.8528
65.0583        64.8528
65.128        64.8528
65.7192        64.8528
65.1831        64.8528
65.2431        64.8528
65.3753        64.8528
65.6525        64.8528
65.7653        64.8528
65.612        64.8528
65.703        64.8528
65.5383        64.8528
65.4266        64.8528
65.4608        64.8528
65.4285        64.8528
65.8401        64.8528
65.925        64.8528
65.7546        64.8528
65.7406        64.8528
65.9275        64.8528
66.279        64.8528
65.9175        64.8528
66.1241        64.8528
65.57        64.8528
65.7291        64.8528
66.0925        64.8528
66.109        64.8528
66.2352        64.8528
65.8439        64.8528
66.0257        64.8528
66.1007        64.8528
65.5012        64.8528
65.4906        64.8528
65.9177        64.8528
65.971        64.8528
65.9401        64.8528
65.8068        64.8528
65.8641        64.8528
65.605        64.8528
65.5576        64.8528
65.2383        64.8528
65.1435        64.8528
65.7916        64.8528
65.525        64.8528
65.4227        64.8528
65.5932        64.8528
65.7119        64.8528
65.6121        64.8528
65.9405        64.8528
65.484        64.8528
65.2677        64.8528
65.4378        64.8528
65.5354        64.8528
65.2755        64.8528
65.3445        64.8528
65.3515        64.8528
65.4382        64.8528
65.7055        64.8528
65.5393        64.8528
65.4194        64.8528
65.7361        64.8528
65.4302        64.8528
65.5724        64.8528
65.4028        64.8528
65.5432        64.8528
65.6203        64.8528
65.7713        64.8528
65.7298        64.8528
65.6254        64.8528
65.1034        64.8528
65.0361        64.8528
65.0592        64.8528
65.1524        64.8528
65.2327        64.8528
65.3879        64.8528
65.4294        64.8528
65.2785        64.8528
65.3583        64.8528
65.378        64.8528
65.425        64.8528
65.4271        64.8528
65.4404        64.8528
65.8184        64.8528
65.8263        64.8528
65.8213        64.8528
65.4338        64.8528
65.9063        64.8528
65.6179        64.8528
66.2467        64.8528
65.7335        64.8528
65.51        64.8528
65.4955        64.8528
65.562        64.8528
65.5535        64.8528
65.6931        64.8528
65.4471        64.8528
65.603        64.8528
65.9872        64.8528
65.7242        64.8528
65.1466        64.8528
65.2462        64.8528
65.8059        64.8528
65.8299        64.8528
66.1334        64.8528
65.5676        64.8528
65.2444        64.8528
65.1333        64.8528
65.2537        64.8528
65.4167        64.8528
65.2386        64.8528
65.3773        64.8528
65.1633        64.8528
65.4675        64.8528
65.5327        64.8528
65.7538        64.8528
65.8846        64.8528
65.7111        64.8528
65.5025        64.8528
65.9103        64.8528
65.5717        64.8528
65.5227        64.8528
65.6392        64.8528
65.8107        64.8528
65.8852        64.8528
65.4489        64.8528
65.653        64.8528
65.7053        64.8528
65.5831        64.8528
65.5316        64.8528
65.5053        64.8528
65.5745        64.8528
66.0048        64.8528
65.5269        64.8528
65.2259        64.8528
65.4764        64.8528
65.2937        64.8528
65.565        64.8528
65.4048        64.8528
65.4052        64.8528
65.5459        64.8528
65.3002        64.8528
65.8241        64.8528
65.663        64.8528
65.8271        64.8528
65.6983        64.8528
65.7839        64.8528
65.788        64.8528
65.5994        64.8528
65.7467        64.8528
65.4648        64.8528
65.4881        64.8528
65.5697        64.8528
65.486        64.8528
65.2862        64.8528
65.5879        64.8528
65.381        64.8528
65.5052        64.8528
66.2826        64.8528
65.9691        64.8528
65.7238        64.8528
66.1189        64.8528
66.0186        64.8528
66.5226        64.8528
65.8504        64.8528
65.7743        64.8528
65.6701        64.8528
65.5428        64.8528
65.6072        64.8528
65.2715        64.8528
65.3665        64.8528
65.0402        64.8528
65.3861        64.8528
65.3826        64.8528
65.0369        64.8528
65.3047        64.8528
65.4315        64.8528
65.5068        64.8528
65.3089        64.8528
65.1712        64.8528
65.263        64.8528
65.0664        64.8528
65.4215        64.8528
65.6031        64.8528
65.1818        64.8528
65.2225        64.8528
65.6381        64.8528
65.4085        64.8528
65.2341        64.8528
65.419        64.8528
65.4272        64.8528
65.8327        64.8528
65.7514        64.8528
65.4305        64.8528
65.447        64.8528
65.7668        64.8528
65.8045        64.8528
65.9618        64.8528
66.0501        64.8528
65.745        64.8528
65.8156        64.8528
65.9739        64.8528
65.7292        64.8528
65.9844        64.8528
65.8639        64.8528
65.8972        64.8528
65.7676        64.8528
65.5982        64.8528
65.6063        64.8528
65.5522        64.8528
65.57        64.8528
65.4811        64.8528
65.6541        64.8528
65.7699        64.8528
66.0232        64.8528
65.5597        64.8528
65.3934        64.8528
65.1544        64.8528
65.2117        64.8528
65.1479        64.8528
65.0718        64.8528
65.6173        64.8528
65.1044        64.8528
65.209        64.8528
65.3023        64.8528
65.0218        64.8528
65.6049        64.8528
65.6768        64.8528
65.467        64.8528
65.5641        64.8528
65.5485        64.8528
65.5088        64.8528
65.4143        64.8528
65.8775        64.8528
65.6489        64.8528
65.8038        64.8528
65.4514        64.8528
65.2087        64.8528
65.0971        64.8528
65.175        64.8528
65.4692        64.8528
65.2939        64.8528
65.5475        64.8528
65.8603        64.8528
65.6735        64.8528
65.5819        64.8528
65.4986        64.8528
65.8086        64.8528
65.8152        64.8528
65.6478        64.8528
65.2001        64.8528
65.439        64.8528
65.8153        64.8528
66.2789        64.8528
66.1066        64.8528
65.8605        64.8528
65.6831        64.8528
65.63        64.8528
65.4165        64.8528
65.5933        64.8528
65.2804        64.8528
65.2663        64.8528
65.3804        64.8528
65.5778        64.8528
65.5031        64.8528
66.0442        64.8528
66.2629        64.8528
66.1401        64.8528
65.6021        64.8528
65.7278        64.8528
65.9364        64.8528
65.4123        64.8528
65.2062        64.8528
65.3993        64.8528
65.4446        64.8528
65.6075        64.8528
65.544        64.8528
65.2557        64.8528
65.1786        64.8528
65.1363        64.8528
65.0341        64.8528
65.2898        64.8528
65.5476        64.8528
65.7143        64.8528
65.9887        64.8528
65.3564        64.8528
65.353        64.8528
65.184        64.8528
65.5254        64.8528
65.7725        64.8528
65.4584        64.8528
65.3439        64.8528
65.5709        64.8528
65.4655        64.8528
65.6677        64.8528
65.9171        64.8528
65.8529        64.8528
65.6432        64.8528
65.7471        64.8528
65.678        64.8528
65.4642        64.8528
65.3269        64.8528
65.447        64.8528
65.6736        64.8528
65.5416        64.8528
65.404        64.8528
65.6755        64.8528
65.7338        64.8528
65.5373        64.8528
65.4094        64.8528
65.3394        64.8528
65.1482        64.8528
65.7045        64.8528
65.3511        64.8528
65.0651        64.8528
64.9114        64.8528
65.5073        64.8528
65.59        64.8528
65.3768        64.8528
65.6178        64.8528
66.3399        64.8528
66.1927        64.8528
66.0891        64.8528
66.132        64.8528
65.7633        64.8528
65.5594        64.8528
65.5246        64.8528
65.5351        64.8528
65.7399        64.8528
65.8297        64.8528
65.5933        64.8528
65.6613        64.8528
65.5182        64.8528
65.5155        64.8528
65.6786        64.8528
65.5248        64.8528
65.3008        64.8528
65.1264        64.8528
65.208        64.8528
65.2185        64.8528
65.0439        64.8528
65.6944        64.8528
65.4081        64.8528
65.2659        64.8528
65.6223        64.8528
65.3134        64.8528
65.2962        64.8528
65.553        64.8528
65.3203        64.8528
65.4797        64.8528
65.3703        64.8528
65.4345        64.8528
65.7256        64.8528
66.2765        64.8528
65.3711        64.8528
65.2812        64.8528
65.4917        64.8528
65.4512        64.8528
65.9706        64.8528
65.827        64.8528
65.6222        64.8528
65.2019        64.8528
65.3793        64.8528
65.5233        64.8528
65.3862        64.8528
65.6084        64.8528
66.0424        64.8528
65.8185        64.8528
65.4982        64.8528
65.6883        64.8528
66.0176        64.8528
65.326        64.8528
65.222        64.8528
65.3999        64.8528
65.1489        64.8528
65.3618        64.8528
65.1484        64.8528
65.4577        64.8528
65.3115        64.8528
65.5321        64.8528
65.5287        64.8528
65.5396        64.8528
65.4461        64.8528
65.414        64.8528
65.3318        64.8528
65.5743        64.8528
65.8283        64.8528
65.98        64.8528
65.8563        64.8528
65.5584        64.8528
65.7153        64.8528
65.6116        64.8528
65.704        64.8528
65.4055        64.8528
65.4537        64.8528
65.5578        64.8528
65.5051        64.8528
65.7108        64.8528
65.5692        64.8528
65.4033        64.8528
65.2783        64.8528
65.3823        64.8528
65.4784        64.8528
65.4921        64.8528
65.7327        64.8528
65.4942        64.8528
65.4609        64.8528
65.6602        64.8528
65.7144        64.8528
65.483        64.8528
65.2521        64.8528
65.2139        64.8528
65.451        64.8528
65.4715        64.8528
65.4387        64.8528
65.1941        64.8528
65.2783        64.8528
65.756        64.8528
66.0334        64.8528
65.78        64.8528
65.5084        64.8528
65.9137        64.8528
65.9986        64.8528
65.7051        64.8528
65.6434        64.8528
65.4331        64.8528
65.4155        64.8528
65.7497        64.8528
65.217        64.8528
65.2667        64.8528
65.419        64.8528
65.3577        64.8528
65.1536        64.8528
65.6513        64.8528
65.9013        64.8528
65.9428        64.8528
66.0956        64.8528
66.0162        64.8528
65.8747        64.8528
65.3635        64.8528
65.6225        64.8528
65.8756        64.8528
65.5607        64.8528
65.5516        64.8528
65.6914        64.8528
65.7634        64.8528
66.036        64.8528
65.4998        64.8528
65.7151        64.8528
65.6963        64.8528
65.6174        64.8528
66.0425        64.8528
66.0622        64.8528
65.8964        64.8528
65.5799        64.8528
65.4549        64.8528
65.6572        64.8528
65.7022        64.8528
65.5602        64.8528
65.6401        64.8528
65.2927        64.8528
65.4524        64.8528
65.6964        64.8528
65.725        64.8528
65.5101        64.8528
65.2386        64.8528
65.4406        64.8528
65.2468        64.8528
65.448        64.8528
65.6771        64.8528
65.571        64.8528
65.1747        64.8528
65.1395        64.8528
65.0458        64.8528
65.0908        64.8528
65.2072        64.8528
65.5935        64.8528
65.6702        64.8528
65.5643        64.8528
65.3143        64.8528
65.4431        64.8528
65.4179        64.8528
65.5949        64.8528
65.4399        64.8528
65.1986        64.8528
65.1567        64.8528
65.4185        64.8528
65.2063        64.8528
65.1247        64.8528
65.003        64.8528
65.1371        64.8528
65.226        64.8528
65.8495        64.8528
65.9666        64.8528
65.7553        64.8528
65.4807        64.8528
65.5305        64.8528
65.5775        64.8528
65.5707        64.8528
65.791        64.8528
65.9541        64.8528
65.391        64.8528
65.3885        64.8528
65.7416        64.8528
65.5804        64.8528
65.3811        64.8528
65.949        64.8528
65.3389        64.8528
65.3031        64.8528
65.3094        64.8528
65.1865        64.8528
65.0592        64.8528
65.5175        64.8528
65.7368        64.8528
65.8588        64.8528
65.5315        64.8528
65.5206        64.8528
65.4677        64.8528
65.5521        64.8528
66.0097        64.8528
65.8037        64.8528
65.5694        64.8528
65.3603        64.8528
65.4484        64.8528
65.1947        64.8528
65.2071        64.8528
65.1912        64.8528
65.2929        64.8528
65.7432        64.8528
65.4262        64.8528
65.1169        64.8528
65.2974        64.8528
65.2377        64.8528
65.1975        64.8528
65.4975        64.8528
65.6674        64.8528
65.5581        64.8528
65.6219        64.8528
66.1238        64.8528
65.4549        64.8528
65.2324        64.8528
65.4241        64.8528
65.4831        64.8528
65.5684        64.8528
65.6186        64.8528
65.0889        64.8528
65.1694        64.8528
65.3379        64.8528
65.4574        64.8528
65.8561        64.8528
65.9455        64.8528
65.6516        64.8528
65.7975        64.8528
65.8257        64.8528
65.6177        64.8528
65.3815        64.8528
65.7347        64.8528
65.6118        64.8528
66.0772        64.8528
65.7147        64.8528
65.7466        64.8528
65.4679        64.8528
65.5364        64.8528
65.504        64.8528
65.4407        64.8528
65.3789        64.8528
65.4874        64.8528
65.6905        64.8528
65.6094        64.8528
65.5265        64.8528
65.8192        64.8528
65.6547        64.8528
65.7964        64.8528
65.929        64.8528
65.8032        64.8528
65.4784        64.8528
65.7686        64.8528
65.7707        64.8528
65.4835        64.8528
65.68        64.8528
65.6311        64.8528
65.6652        64.8528
65.5039        64.8528
65.8498        64.8528
65.5165        64.8528
65.6358        64.8528
65.4738        64.8528
65.7103        64.8528
65.3728        64.8528
65.4765        64.8528
65.7376        64.8528
65.5077        64.8528
65.3616        64.8528
65.6466        64.8528
65.4969        64.8528
65.5165        64.8528
65.3882        64.8528
65.4663        64.8528
65.7471        64.8528
65.4858        64.8528
65.7494        64.8528
65.9176        64.8528
65.8955        64.8528
66.0564        64.8528
65.6672        64.8528
65.8041        64.8528
66.2457        64.8528
66.1758        64.8528
66.0665        64.8528
65.5706        64.8528
65.6499        64.8528
65.6372        64.8528
65.7424        64.8528
65.2376        64.8528
65.2166        64.8528
65.672        64.8528
65.7283        64.8528
66.1044        64.8528
65.8384        64.8528
65.8683        64.8528
65.8186        64.8528
65.6914        64.8528
65.5007        64.8528
65.8654        64.8528
65.772        64.8528
65.7251        64.8528
65.8263        64.8528
65.8067        64.8528
65.7039        64.8528
65.5173        64.8528
65.2224        64.8528
65.3866        64.8528
65.3754        64.8528
65.4358        64.8528
65.5654        64.8528
65.7089        64.8528
65.4306        64.8528
65.3258        64.8528
65.8152        64.8528
65.6787        64.8528
65.8375        64.8528
65.7849        64.8528
65.8212        64.8528
65.5956        64.8528
65.3087        64.8528
65.1136        64.8528
65.3517        64.8528
65.5129        64.8528
65.6925        64.8528
65.1694        64.8528
65.1793        64.8528
65.169        64.8528
65.8125        64.8528
65.6466        64.8528
65.5335        64.8528
65.8508        64.8528
65.8645        64.8528
65.527        64.8528
65.3542        64.8528
65.9493        64.8528
65.306        64.8528
65.3512        64.8528
65.1423        64.8528
65.4536        64.8528
65.5607        64.8528
65.2151        64.8528
65.0846        64.8528
65.2924        64.8528
65.2633        64.8528
65.4943        64.8528
65.4469        64.8528
65.6879        64.8528
65.7942        64.8528
65.6478        64.8528
65.5867        64.8528
65.5669        64.8528
65.3102        64.8528
65.5855        64.8528
65.2181        64.8528
65.2779        64.8528
65.2959        64.8528
65.4418        64.8528
66.0493        64.8528
65.9951        64.8528
65.933        64.8528
65.5863        64.8528
65.7058        64.8528
65.5989        64.8528
66.1446        64.8528
66.1832        64.8528
65.6702        64.8528
65.5706        64.8528
65.5163        64.8528
65.4514        64.8528
65.6217        64.8528
65.1933        64.8528
65.207        64.8528
65.2695        64.8528
65.1189        64.8528
65.1793        64.8528
65.2632        64.8528
65.3636        64.8528
65.5434        64.8528
65.6348        64.8528
65.3874        64.8528
65.2935        64.8528
65.2104        64.8528
65.676        64.8528
65.6305        64.8528
65.7264        64.8528
65.5631        64.8528
65.3545        64.8528
65.6805        64.8528
65.4776        64.8528
65.8939        64.8528
66.0307        64.8528
65.9817        64.8528
65.856        64.8528
65.3632        64.8528
65.3405        64.8528
65.2922        64.8528
65.2678        64.8528
65.3507        64.8528
65.5007        64.8528
65.2789        64.8528
65.3375        64.8528
65.6131        64.8528
65.5472        64.8528
65.3442        64.8528
65.527        64.8528
65.4723        64.8528
65.599        64.8528
65.5415        64.8528
65.5427        64.8528
65.636        64.8528
65.9215        64.8528
65.5079        64.8528
65.3508        64.8528
65.8115        64.8528
65.8643        64.8528
65.4666        64.8528
65.5021        64.8528
65.6921        64.8528
65.4198        64.8528
65.4486        64.8528
65.374        64.8528
65.3197        64.8528
65.1227        64.8528
65.1952        64.8528
65.5676        64.8528
65.741        64.8528
65.7478        64.8528
66.0964        64.8528
65.5693        64.8528
65.6121        64.8528
65.3217        64.8528
65.7073        64.8528
65.571        64.8528
65.743        64.8528
65.7704        64.8528
65.7005        64.8528
66.0308        64.8528
65.7929        64.8528
65.6324        64.8528
65.7672        64.8528
65.3685        64.8528
65.6659        64.8528
66.0347        64.8528
65.9697        64.8528
65.6546        64.8528
66.0533        64.8528
66.0664        64.8528
65.8712        64.8528
65.4173        64.8528
65.181        64.8528
65.1563        64.8528
65.3262        64.8528
65.4274        64.8528
65.4341        64.8528
65.4466        64.8528
65.3111        64.8528
65.341        64.8528
65.2896        64.8528
65.6171        64.8528
65.8737        64.8528
65.4815        64.8528
65.3257        64.8528
65.5618        64.8528
65.6283        64.8528
65.3737        64.8528
65.228        64.8528
65.2437        64.8528
65.9568        64.8528
65.8131        64.8528
65.6792        64.8528
65.7473        64.8528
65.7964        64.8528
65.6853        64.8528
65.4822        64.8528
65.5452        64.8528
65.9731        64.8528
65.2372        64.8528
65.5648        64.8528
65.6128        64.8528
65.4655        64.8528
65.4115        64.8528
66.0336        64.8528
65.7298        64.8528
65.6185        64.8528
66.3375        64.8528
65.9504        64.8528
65.4645        64.8528
65.3962        64.8528
65.5878        64.8528
65.9481        64.8528
65.7876        64.8528
65.7817        64.8528
65.8649        64.8528
65.6529        64.8528
65.782        64.8528
65.678        64.8528
65.1777        64.8528
65.4745        64.8528
65.2022        64.8528
65.4523        64.8528
65.3912        64.8528
65.3026        64.8528
65.5616        64.8528
65.1641        64.8528
65.1612        64.8528
65.5037        64.8528
65.4911        64.8528
65.3662        64.8528
65.3656        64.8528
65.2164        64.8528
65.3367        64.8528
65.5743        64.8528
65.8312        64.8528
65.8054        64.8528
66.0466        64.8528
65.3991        64.8528
65.4586        64.8528
65.703        64.8528
65.5985        64.8528
65.6289        64.8528
65.709        64.8528
65.4532        64.8528
65.5453        64.8528
65.6463        64.8528
65.4941        64.8528
65.4383        64.8528
65.7015        64.8528
65.976        64.8528
66.2392        64.8528
65.9735        64.8528
65.9685        64.8528
65.5336        64.8528
65.4659        64.8528
65.2659        64.8528
65.2023        64.8528
65.027        64.8528
65.0723        64.8528
65.14        64.8528
65.4688        64.8528
65.7116        64.8528
65.7998        64.8528
65.9209        64.8528
65.4832        64.8528
65.4592        64.8528
65.5269        64.8528
65.1028        64.8528
65.2329        64.8528
65.2986        64.8528
66.0614        64.8528
65.6453        64.8528
65.6617        64.8528
65.4493        64.8528
65.5417        64.8528
65.4035        64.8528
65.6949        64.8528
65.7804        64.8528
65.3431        64.8528
65.4736        64.8528
66.0869        64.8528
65.8045        64.8528
65.8151        64.8528
65.6562        64.8528
65.6167        64.8528
65.0986        64.8528
65.3317        64.8528
65.2799        64.8528
65.4014        64.8528
65.4062        64.8528
65.6793        64.8528
66.2204        64.8528
65.7116        64.8528
65.7917        64.8528
65.9475        64.8528
65.7174        64.8528
66.0553        64.8528
66.1469        64.8528
65.8954        64.8528
65.5827        64.8528
65.5494        64.8528
65.5529        64.8528
65.6083        64.8528
65.3373        64.8528
65.5153        64.8528
65.1633        64.8528
65.2371        64.8528
65.1888        64.8528
65.3338        64.8528
65.3776        64.8528
65.5254        64.8528
65.5683        64.8528
65.5173        64.8528
65.5616        64.8528
65.3027        64.8528
65.6815        64.8528
65.9388        64.8528
65.5464        64.8528
65.5444        64.8528
65.3601        64.8528
65.5159        64.8528
65.5234        64.8528
65.4258        64.8528
65.5155        64.8528
65.5015        64.8528
65.6095        64.8528
65.9581        64.8528
65.8718        64.8528
66.0743        64.8528
65.6155        64.8528
66.2427        64.8528
66.1828        64.8528
66.0754        64.8528
66.3438        64.8528
66.201        64.8528
65.5775        64.8528
65.5385        64.8528
65.9834        64.8528
65.6566        64.8528
65.7534        64.8528
66.0046        64.8528
65.8208        64.8528
66.2729        64.8528
66.1025        64.8528
66.0293        64.8528
66.0018        64.8528
65.7134        64.8528
65.1726        64.8528
65.3698        64.8528
65.6011        64.8528
65.4185        64.8528
65.5038        64.8528
65.821        64.8528
65.5845        64.8528
65.6181        64.8528
65.5122        64.8528
65.4093        64.8528
65.1726        64.8528
65.2537        64.8528
65.3763        64.8528
65.2736        64.8528
65.3359        64.8528
65.5278        64.8528
65.3918        64.8528
66.0212        64.8528
65.5138        64.8528
65.1237        64.8528
65.3808        64.8528
65.4844        64.8528
65.3986        64.8528
65.8078        64.8528
65.3312        64.8528
65.2886        64.8528
65.4392        64.8528
65.5612        64.8528
65.8047        64.8528
65.5261        64.8528
65.4206        64.8528
65.659        64.8528
65.6394        64.8528
65.3166        64.8528
65.3138        64.8528
65.5536        64.8528
65.0786        64.8528
65.4756        64.8528
65.4724        64.8528
65.8445        64.8528
65.487        64.8528
65.5702        64.8528
65.6794        64.8528
65.5509        64.8528
65.7083        64.8528
65.8647        64.8528
65.6426        64.8528
65.9462        64.8528
65.4507        64.8528
65.7277        64.8528
65.5462        64.8528
65.4755        64.8528
65.2156        64.8528
65.5939        64.8528
65.7279        64.8528
65.5402        64.8528
65.7096        64.8528
65.6936        64.8528
65.5128        64.8528
65.512        64.8528
65.3595        64.8528
65.712        64.8528
65.6136        64.8528
65.3346        64.8528
65.7405        64.8528
65.3692        64.8528
65.4425        64.8528
65.2743        64.8528
65.0663        64.8528
65.1852        64.8528
65.481        64.8528
65.3494        64.8528
65.3109        64.8528
65.4062        64.8528
65.6999        64.8528
65.7371        64.8528
65.6415        64.8528
65.7045        64.8528
66.2234        64.8528
66.1327        64.8528
65.3585        64.8528
65.2115        64.8528
65.3764        64.8528
65.5693        64.8528
65.7098        64.8528
65.727        64.8528
65.5663        64.8528
65.497        64.8528
65.3516        64.8528
65.4388        64.8528
65.9681        64.8528
65.9794        64.8528
65.4257        64.8528
65.7787        64.8528
65.3255        64.8528
65.2677        64.8528
65.4099        64.8528
65.0861        64.8528
65.2865        64.8528
65.5822        64.8528
65.578        64.8528
65.9999        64.8528
65.9015        64.8528
65.5547        64.8528
66.0832        64.8528
66.1322        64.8528
65.8905        64.8528
65.6485        64.8528
65.2997        64.8528
65.2869        64.8528
64.987        64.8528
65.1703        64.8528
65.2386        64.8528
65.299        64.8528
65.3347        64.8528
65.3559        64.8528
65.3885        64.8528
65.5369        64.8528
65.2027        64.8528
65.3243        64.8528
65.0675        64.8528
65.3767        64.8528
65.9504        64.8528
65.5823        64.8528
66.011        64.8528
65.891        64.8528
65.9825        64.8528
66.0054        64.8528
65.1268        64.8528
65.1237        64.8528
65.0157        64.8528
65.5892        64.8528
65.8405        64.8528
65.9085        64.8528
65.6571        64.8528
65.6341        64.8528
65.8273        64.8528
65.6355        64.8528
65.8547        64.8528
65.1582        64.8528
65.3364        64.8528
65.379        64.8528
65.3699        64.8528
65.478        64.8528
65.6083        64.8528
65.354        64.8528
65.5883        64.8528
65.4555        64.8528
65.3856        64.8528
65.1757        64.8528
65.3778        64.8528
65.5215        64.8528
65.3092        64.8528
65.2407        64.8528
65.5509        64.8528
65.8483        64.8528
65.3959        64.8528
65.4656        64.8528
65.6423        64.8528
65.5286        64.8528
65.6148        64.8528
66.0863        64.8528
65.9183        64.8528
65.5513        64.8528
65.7815        64.8528
65.8233        64.8528
65.9047        64.8528
65.9736        64.8528
65.8981        64.8528
65.4218        64.8528
65.4894        64.8528
65.5663        64.8528
65.7712        64.8528
65.6014        64.8528
65.3898        64.8528
66.2319        64.8528
65.6123        64.8528
65.4776        64.8528
65.4724        64.8528
65.1967        64.8528
65.5487        64.8528
65.5048        64.8528
65.3255        64.8528
65.1899        64.8528
65.2599        64.8528
65.5307        64.8528
65.5403        64.8528
65.4791        64.8528
65.7936        64.8528
66.0195        64.8528
65.6752        64.8528
65.6801        64.8528
65.8078        64.8528
65.5701        64.8528
65.2565        64.8528
65.4216        64.8528
65.4671        64.8528
65.4724        64.8528
65.1332        64.8528
65.2124        64.8528
65.3018        64.8528
65.2568        64.8528
65.4099        64.8528
65.3424        64.8528
65.5531        64.8528
66.13        64.8528
65.7612        64.8528
65.5652        64.8528
65.461        64.8528
66.1148        64.8528
65.7634        64.8528
65.5623        64.8528
65.3379        64.8528
65.332        64.8528
65.4493        64.8528
65.2871        64.8528
65.1193        64.8528
65.112        64.8528
65.0373        64.8528
64.9693        64.8528
65.2387        64.8528
65.5576        64.8528
65.7199        64.8528
65.9936        64.8528
65.9383        64.8528
65.4377        64.8528
65.3458        64.8528
65.5958        64.8528
65.633        64.8528
65.5568        64.8528
65.5933        64.8528
65.3367        64.8528
64.9616        64.8528
65.2829        64.8528
65.3928        64.8528
65.6553        64.8528
65.9284        64.8528
65.3158        64.8528
65.19        64.8528
65.4584        64.8528
65.5892        64.8528
65.9303        64.8528
65.663        64.8528
65.5264        64.8528
65.3423        64.8528
65.4569        64.8528
65.4066        64.8528
65.6964        64.8528
65.6173        64.8528
65.5757        64.8528
65.6424        64.8528
65.7436        64.8528
65.9233        64.8528
65.4655        64.8528
65.3744        64.8528
65.4327        64.8528
65.4491        64.8528
65.8423        64.8528
66.1871        64.8528
65.6025        64.8528
65.2753        64.8528
65.0933        64.8528
65.3612        64.8528
65.4804        64.8528
65.4043        64.8528
65.6985        64.8528
65.9809        64.8528
65.3476        64.8528
65.5318        64.8528
65.2865        64.8528
65.4172        64.8528
65.2773        64.8528
65.3424        64.8528
65.8181        64.8528
65.4183        64.8528
65.3207        64.8528
65.5166        64.8528
65.494        64.8528
65.2648        64.8528
65.2291        64.8528
65.5259        64.8528
65.1779        64.8528
65.3979        64.8528
65.4009        64.8528
65.4846        64.8528
65.3018        64.8528
65.3496        64.8528
65.5285        64.8528
66.2792        64.8528
65.8011        64.8528
65.6408        64.8528
65.7615        64.8528
66.2294        64.8528
65.5649        64.8528
65.3793        64.8528
65.1586        64.8528
65.2081        64.8528
65.4488        64.8528
65.6913        64.8528
65.9392        64.8528
66.0133        64.8528
65.7344        64.8528
65.5412        64.8528
65.4652        64.8528
65.6477        64.8528
65.9357        64.8528
65.7495        64.8528
65.6395        64.8528
65.7807        64.8528
65.7673        64.8528
65.4677        64.8528
65.5548        64.8528
65.3533        64.8528
65.252        64.8528
65.246        64.8528
65.7444        64.8528
65.6395        64.8528
65.898        64.8528
65.9495        64.8528
65.9738        64.8528
65.7246        64.8528
65.5049        64.8528
65.3618        64.8528
65.5683        64.8528
66.0971        64.8528
66.0581        64.8528
65.8461        64.8528
65.6222        64.8528
65.5211        64.8528
65.2188        64.8528
65.3044        64.8528
65.2744        64.8528
65.4649        64.8528
65.6014        64.8528
65.3615        64.8528
65.531        64.8528
65.6194        64.8528
65.3519        64.8528
65.3965        64.8528
65.4428        64.8528
65.4157        64.8528
65.0839        64.8528
65.4113        64.8528
65.434        64.8528
65.0433        64.8528
65.3959        64.8528
65.6549        64.8528
65.2213        64.8528
65.2762        64.8528
65.5946        64.8528
65.8477        64.8528
65.607        64.8528
65.662        64.8528
65.68        64.8528
65.294        64.8528
65.3809        64.8528
65.4226        64.8528
65.6869        64.8528
65.5583        64.8528
65.6243        64.8528
65.9758        64.8528
65.858        64.8528
66.2314        64.8528
65.8674        64.8528
65.63        64.8528
65.5191        64.8528
65.4927        64.8528
65.7961        64.8528
65.4778        64.8528
65.1578        64.8528
65.1763        64.8528
65.4647        64.8528
65.4948        64.8528
65.6798        64.8528
65.5076        64.8528
65.9199        64.8528
65.2481        64.8528
65.3211        64.8528
65.851        64.8528
65.437        64.8528
65.7658        64.8528
65.6886        64.8528
65.5768        64.8528
65.8535        64.8528
65.8717        64.8528
65.5596        64.8528
65.7468        64.8528
65.3719        64.8528
65.2788        64.8528
65.3011        64.8528
65.7869        64.8528
65.8171        64.8528
65.8715        64.8528
65.6709        64.8528
65.44        64.8528
65.1004        64.8528
65.5405        64.8528
65.7215        64.8528
65.8867        64.8528
65.3632        64.8528
65.584        64.8528
65.3711        64.8528
65.6422        64.8528
66.0808        64.8528
65.5835        64.8528
65.2878        64.8528
65.6378        64.8528
65.3628        64.8528
65.3657        64.8528
65.3332        64.8528
65.3808        64.8528
65.2579        64.8528
65.315        64.8528
65.4015        64.8528
65.453        64.8528
65.3021        64.8528
65.214        64.8528
65.6001        64.8528
65.434        64.8528
65.5709        64.8528
65.651        64.8528
65.1057        64.8528
65.5684        64.8528
65.4029        64.8528
65.285        64.8528
64.9485        64.8528
65.0975        64.8528
65.4794        64.8528
65.5185        64.8528
65.1852        64.8528
65.4425        64.8528
65.8806        64.8528
65.4252        64.8528
65.9122        64.8528
65.295        64.8528
65.8113        64.8528
65.5281        64.8528
65.4815        64.8528
65.5074        64.8528
65.5079        64.8528
65.8102        64.8528
65.6875        64.8528
65.6603        64.8528
65.2364        64.8528
65.1278        64.8528
65.3998        64.8528
65.4427        64.8528
65.5695        64.8528
65.7081        64.8528
65.7792        64.8528
65.5432        64.8528
65.8775        64.8528
66.2536        64.8528
65.7956        64.8528
65.9649        64.8528
65.6124        64.8528
66.1723        64.8528
65.8271        64.8528
65.7698        64.8528
65.3925        64.8528
65.8249        64.8528
65.8575        64.8528
66.12        64.8528
65.5185        64.8528
65.4319        64.8528
65.4562        64.8528
65.4403        64.8528
65.2673        64.8528
65.4663        64.8528
65.3863        64.8528
65.4801        64.8528
65.7162        64.8528
65.9287        64.8528
65.671        64.8528
65.3054        64.8528
65.2415        64.8528
65.1414        64.8528
65.156        64.8528
65.1443        64.8528
