492.497        444.592
470.933        421.978
450.273        400.678
431.122        376.067
410.337        367.398
391.076        364.934
375.987        359.532
367.526        342.464
359.886        338.477
349.181        332.497
341.666        323.269
334.628        313.561
329.069        310.967
322.133        303.167
316.056        294.687
307.736         289.79
300.677          288.5
295.462        279.941
290.683        277.957
286.808        274.077
282.601        263.436
277.777        263.436
272.654        261.881
268.295        256.656
265.223        254.606
262.194          251.9
259.988        245.544
256.743        242.564
252.347        240.068
248.267        236.443
245.155        235.026
241.732        233.937
238.493          230.9
236.215        226.468
234.097        221.151
230.75        216.664
226.511         216.16
221.735         213.12
219.52        212.271
217.145        210.985
215.365        208.648
214.667        205.483
214.335        203.986
213.444        201.708
211.881        198.348
208.554        193.955
204.838        193.884
201.425        192.852
199.473        190.362
196.797        188.798
194.124        188.233
192.631        186.603
191.777        185.338
191.174        184.504
190.356        183.623
188.896        180.063
187.477        176.676
186.039        176.642
182.784        175.242
180.481        174.055
177.789        172.486
176.61        171.321
175.641        171.321
174.409        170.838
173.196         170.21
172.564        169.133
171.389        165.815
171.156        163.633
169.115         162.27
166.622        160.624
165.11        159.032
163.994        158.261
162.555        157.168
161.994         156.68
161.868        154.174
162.194         152.84
160.412        151.327
158.162          150.6
155.635        149.118
154.176        148.766
152.565        146.951
151.671        145.259
150.458        144.526
149.494         143.97
147.676        142.172
147.105        141.843
146.521        140.884
145.38        139.822
144.812        139.736
143.085        133.011
142.216        130.975
139.695        130.587
136.228        130.587
133.787        129.737
132.715        129.372
132.079        129.141
131.673        127.926
131.759        126.605
131        126.605
129.84          126.3
128.854        124.329
128.597        124.329
127.65        123.435
126.974         122.72
125.288        120.456
124.157        120.456
123.008        120.434
122.06        120.434
121.896        119.222
121.377        119.222
121.205         118.14
120.714        118.048
120.076        117.914
119.383        117.822
118.966        117.268
118.99        117.042
118.244        116.374
117.924        115.503
118.017        115.503
117.558        115.022
116.77         114.15
115.567        113.877
115.148        113.877
114.872        112.914
114.83        111.992
114.378        111.179
113.9        111.179
113.835        109.945
112.406        109.213
111.751        108.939
111.013        108.461
110.405        107.837
109.916        107.328
109.473        106.395
108.939         106.31
108.158        106.188
107.537        106.035
107.345        103.498
107.237        103.222
106.112        102.682
105.024        102.407
104.214        102.407
103.688        102.407
103.336        101.164
102.916        101.164
102.377        100.903
102.311        100.047
102.114        99.8676
102.102        99.2284
102.555        98.7101
101.659        95.6232
101.075        95.6232
100.795        94.7892
99.8549        94.7892
98.3151        94.7672
97.7118        94.7672
96.6137        93.9031
96.8157        93.9031
96.4954        93.3028
95.8894        91.6395
96.4701        91.0392
95.5744        88.9575
94.8444        88.9575
93.1193        87.9756
91.4189        87.9756
90.936        87.2541
90.5755         87.073
89.5526        86.3514
88.6649        85.4316
87.9167        85.3595
87.2969        85.3595
86.5978        84.5873
86.2337        84.3398
85.9987        83.8088
85.2742        83.8088
84.9596        83.0403
84.292        82.5043
84.0061        82.5043
83.7458        82.0258
83.6871        82.0258
83.4795        82.0258
83.4513        81.7147
83.356        81.0969
82.5512        81.0969
82.3729        81.0969
82.138        80.6115
82.2112        80.6115
81.9189        80.6115
81.4033        80.6115
81.0405        80.3604
81.0168        80.3486
81.0361        80.0976
80.9412        80.0976
80.9977        80.0177
81.0178        79.6961
81.0057        79.6162
80.6586        79.3056
80.3032        78.8827
80.425        78.8827
79.9621        78.8827
79.7555        78.8827
79.6774        78.8724
79.9065        78.8724
79.1991        78.2202
79.5491        77.7711
79.1238        77.7608
79.4752        77.5859
79.3213        76.9673
79.3755        76.9571
78.2145        76.9571
78.097        76.4561
77.8758        76.4458
77.5204        76.2606
77.2941        76.2606
76.9949        76.2178
77.3528        76.0326
77.1953        76.0224
77.4199        76.0224
76.8985        75.4994
76.4675        75.4884
76.3351        75.4884
76.3023        75.4884
76.5478        75.4884
76.216        75.4884
75.766        75.4884
75.6577        75.3442
75.8837        75.3442
76.0939        75.3442
76.2539        75.3442
76.6508        75.3442
76.4259        75.3442
76.0682        75.3442
76.3195        75.3442
76.4588        75.3442
75.9615        75.3442
75.7775        75.3442
76.1171        75.3442
75.702        75.0787
75.453        75.0787
75.5676        75.0787
75.3872        74.8405
75.4572        73.4938
75.2709        73.4797
74.8044        73.4797
74.5207        73.1976
74.5106        73.1835
74.3101        73.1835
74.0586        73.1835
74.4266        73.1835
74.2364        73.1835
73.7314        73.1835
73.5394        73.1835
73.5381        73.1835
74.0295        73.1835
74.2145        72.6371
73.7083        72.6371
73.7173        72.6371
73.4036        72.6371
73.4135        72.6371
73.1745         72.188
73.4006         72.188
73.1666         72.188
72.8684        71.9077
72.8801        71.4586
72.6194        71.3416
72.1344        71.3416
72.1812        71.3416
72.0331        71.3416
72.1324        71.3416
71.9705        71.3416
72.0646        71.3416
71.9577        71.3416
71.8076        71.3416
71.7131        71.3416
71.9823        71.3416
71.8622        71.3416
72.1667        71.3416
72.0184        71.3416
71.9913        71.3416
71.9538        71.3416
72.204        71.3416
72.9392         71.238
72.7459         71.238
72.3258         71.238
72.263         71.238
72.0868         71.238
72.1891        71.1107
72.0059        71.1107
71.6065        71.1107
71.5617        71.1107
71.5473        71.1107
71.8021        71.1107
72.2412        71.1107
71.7996        71.1107
72.1839        71.1107
72.1771        71.1107
71.6996        71.1107
71.4508        71.1107
71.7722        70.9534
71.951        70.9534
71.599        70.9534
71.4692        70.9534
71.8798        70.9534
71.5511        70.9534
71.6474        70.9534
71.6356        70.9534
72.0458        70.9534
71.6972        70.9534
71.3279        70.9534
71.6357        70.9534
71.4836        70.9534
71.2002        70.9534
71.2895        70.9534
71.9427        70.8306
71.8541        70.8306
71.6073        70.8306
71.8151        70.8306
71.223        70.8306
71.2594        70.8306
71.2114        70.6034
71.2431        70.6034
71.5067        70.5969
71.2793        70.5969
71.0906        70.5969
71.3797        70.5969
71.2091        70.5969
71.5903        70.5969
71.2411        70.5969
71.3884         69.981
71.1306         69.981
71.2903         69.981
71.1032         69.981
70.8857         69.981
70.5816         69.981
70.4878         69.981
70.338         69.981
70.4695         69.981
70.7686         69.981
70.6597         69.981
70.2584         69.981
70.3636         69.981
70.2577         69.981
70.339         69.981
70.4303         69.981
70.4384         69.981
70.4258         69.981
70.837         69.981
70.6082         69.981
70.6252         69.981
71.1166         69.981
70.7055         69.981
70.4465         69.981
70.9131         69.981
71.1783         69.981
70.7976         69.981
71.1239         69.981
70.8678        69.4306
70.7032        69.4306
70.9482        69.4306
70.7453        69.4306
70.7774        69.4306
70.6362        69.4124
70.3645        69.4124
70.7106        69.4124
70.1479        69.4124
70.02        69.4124
70.4006        69.4124
69.7896        69.4124
69.9383        69.4124
69.6625        69.4124
70.5106        69.4124
70.0961        69.4124
69.6839        69.4124
69.8339        69.3507
69.724        69.3507
70.0263        69.3507
70.3047        69.3507
69.9449        69.3507
70.1546        69.3507
70.4996        69.3507
70.2893        69.3507
70.1027        69.3507
70.2703        69.3507
69.8552        69.3507
69.9344        69.3507
69.8114        69.3507
70.1474        69.3507
70.5629        69.3507
70.2844        69.3507
69.725        69.3507
70.0948        69.3507
70.2488        69.3507
70.0999        69.3507
70.2862        69.3507
70.3124        69.3507
69.8855        69.3507
69.9303        69.3507
70.6974        69.3507
70.1867        69.3507
70.0915        69.3507
70.2013        69.3507
69.7635        69.3507
70.178        69.3507
69.9625        69.3507
70.0889        69.3507
69.8429        69.3507
69.6378        69.3507
69.8011        69.0155
70.2042        69.0155
70.0377        69.0155
69.7414        69.0155
69.7538        69.0155
69.9971        69.0155
69.6065        69.0155
69.4262        69.0155
69.5002        69.0155
69.9675        69.0155
69.55        69.0155
69.5227        69.0155
69.3912        69.0155
69.2867        69.0155
69.5146        69.0155
69.3823        69.0155
69.4645        69.0155
69.5444        69.0155
69.5667        69.0155
69.8168        69.0155
69.9999        69.0155
69.5261        69.0155
69.651        69.0155
69.7791        69.0155
69.343        69.0155
69.5964        69.0155
69.5824        69.0155
69.447        69.0155
69.7238        69.0155
69.7598        69.0155
69.8535        69.0155
69.6992        69.0155
69.9        69.0155
69.7922        69.0155
69.7357        69.0155
69.56        69.0155
69.6887        69.0155
69.8542        69.0155
69.5957        68.5844
69.5562        68.5844
69.5173        68.5844
69.2386        68.5844
69.2857        68.5844
69.0128        68.5844
68.9478        68.5844
69.1657        68.5844
69.4328        68.5844
69.2414        68.5844
69.3458        68.5844
69.3067        68.5844
69.2415        68.5844
69.4726        68.5844
69.0536        68.5844
68.7094        68.5844
69.1535        68.5844
69.4391        68.5844
69.4556        68.5844
69.2365        68.5844
69.1734        68.5844
69.2898        68.5844
69.6925        68.5844
69.1776        68.5844
69.02        68.5844
69.0015        68.5844
68.9241        68.5844
68.8027        68.5844
68.9837        68.5844
69.0396        68.5844
69.1271        68.5844
69.023        68.5844
69.2032        68.5844
69.3703        68.5844
69.1957        68.5844
69.2198        68.5844
69.4006        68.5844
69.7378        68.5844
69.4494        68.5844
69.775        68.5844
69.8404        68.5844
69.685        68.5844
69.4414        68.5844
69.8394        68.5844
69.8086        68.5844
70.3984        68.5844
70.1808        68.5844
69.9478        68.5844
69.8489        68.4857
69.8036        68.4857
69.3592        68.4857
69.0817        68.4857
69.321        68.4857
69.474        68.4857
69.3067        68.4857
69.6329        68.4857
69.4103        68.4857
69.8766        68.4857
69.3188        68.4857
69.0364        68.4857
68.949        68.4857
68.9369        68.4857
69.0005        68.4857
69.0639        68.4857
68.9758        68.4857
69.5845        68.4857
69.3031        68.4857
69.036        68.4857
69.0291        68.4857
69.1658        68.4857
68.9364        68.4857
69.4723        68.4857
69.5303        68.4857
69.0009        68.4752
69.4095        68.4752
69.1402        68.4752
69.1641        68.4752
69.5119        68.4752
69.1912        68.4752
69.5362        68.4752
69.249        68.4752
69.122        68.4752
68.9582        68.4752
68.923        68.4752
68.9707        68.4752
68.9191        68.4752
68.9768        68.4752
69.0379        68.4752
69.3765        68.4752
69.4814        68.4752
69.4557        68.4752
69.0578        68.4752
69.2203        68.4752
69.3043        68.4752
68.9424        68.4752
68.9165        68.4752
69.1433        68.4752
69.2107        68.4752
69.4267        68.4752
69.98        68.4752
69.4269        68.4752
69.2917        68.4752
68.9381        68.4752
68.9521        68.4752
69.4367        68.4752
69.1867        68.4752
69.654        68.4752
69.4252        68.4752
69.1624        68.4752
68.9546        68.4752
69.1788        68.4752
69.2242        68.4475
69.4094        68.4475
69.7909        68.4475
69.2332        68.4475
69.267        68.4475
68.9991        68.4475
69.3595        68.4475
69.2938        68.4475
68.8068        68.4475
69.1433        68.4475
69.0495        68.4475
68.834        68.4475
68.7902        68.2023
68.7851        68.2023
69.0053        68.2023
68.9795        68.2023
69.0172        68.2023
69.3228        68.1566
68.6807        68.1566
68.424        68.1566
68.4012        68.1566
68.5471        68.1566
68.6561        68.1566
68.9664        68.1566
68.9827        68.1566
68.8817        68.1566
68.895        68.1566
69.251        68.1566
68.9713        68.1566
68.942        68.1566
68.9638        68.1566
68.7399        68.1566
68.6524        68.1566
69.2545        68.1566
69.3856        68.1566
69.0479        68.1566
69.4157        68.1566
69.0369        68.1566
68.8263        68.1566
69.3639        68.1566
69.2242        68.1566
69.2275        68.1566
68.8134        68.1566
68.8272        68.1566
68.4774        68.1566
68.7591        68.1566
68.8431        68.1566
68.4782        68.1566
68.687        68.1566
68.5805        68.1566
68.9131        68.1566
68.5322        68.1566
69.0144        68.1566
69.0673        68.1566
68.6463        68.1566
69.068        68.1566
68.934        68.1566
69.1854        67.7905
68.9009        67.7905
69.4713        67.7905
69.066        67.7905
68.6685        67.7905
69.0554        67.7905
69.0517        67.7905
68.9971        67.7905
68.8403        67.7905
68.4844        67.7905
68.2094        67.7905
68.5452        67.7905
68.3788        67.7905
68.5561        67.7905
68.5992        67.7905
68.6227        67.7905
68.6461        67.7905
68.5991        67.7905
68.7759        67.7905
68.364        67.7905
68.3931        67.7905
68.1546        67.7905
68.5119        67.7905
68.1547        67.7905
68.2024        67.7905
68.357        67.7905
68.1432        67.7905
68.057        67.7905
68.0363        67.7905
68.2794        67.7905
68.3464        67.7905
68.2477        67.7905
68.4638        67.7905
68.1966        67.7905
68.9959        67.7905
68.8188        67.7905
68.4764        67.7905
68.1489        67.7905
68.0358        67.7905
68.6224        67.7905
68.3339        67.7905
68.5706        67.7905
68.4831        67.7905
68.6269        67.7905
68.8781        67.7905
68.6487        67.7905
68.5109        67.7905
69.0458        67.7905
68.6844        67.7905
68.3339        67.7905
68.339        67.7905
68.4762        67.7905
68.2744        67.7905
68.4755        67.7905
68.1857        67.7905
68.3685        67.7905
68.5653        67.7905
68.4371        67.7905
68.9136        67.7905
68.3791        67.7905
68.5702        67.7905
68.6309        67.7905
68.2873        67.7905
68.4522        67.7905
68.9298        67.7905
68.5944        67.7905
68.2156        67.7905
68.2134        67.7905
68.3012        67.7905
68.4255        67.7905
68.2149        67.7905
68.6561        67.7905
68.6158        67.7905
68.5895        67.7905
68.3528        67.7905
68.5778        67.7905
68.9303        67.7905
68.8054        67.7905
68.6098        67.7905
68.2693        67.7905
68.2736        67.7905
68.3031        67.7905
68.9001        67.7905
68.4767        67.7905
68.4396        67.7905
68.6623        67.7905
69.0448        67.7905
68.6517        67.7905
68.3489        67.7905
68.2882        67.7905
68.5407        67.7905
68.3456        67.7905
68.2758        67.7905
68.3163        67.7905
68.2096        67.7905
68.3476        67.7905
68.4184        67.7905
68.4179        67.7905
68.8524        67.7905
68.609        67.7905
69.0308        67.7905
68.5107        67.7905
68.6531        67.7905
68.3231        67.7905
68.278        67.7905
68.2932        67.7905
68.2252        67.7905
68.3307        67.7905
68.3445        67.7905
68.3849        67.7905
68.588        67.7905
69.0245        67.7905
68.4582        67.7905
68.7719        67.7905
68.491        67.7905
68.4238        67.7905
68.5034        67.7905
68.3963        67.7905
68.5927        67.7905
68.3632        67.7905
68.5118        67.7905
68.5333        67.7905
68.9586        67.7905
68.7637        67.7905
68.2917        67.7905
68.5267        67.7905
68.6701        67.7905
68.574        67.7905
68.4631        67.7905
68.9233        67.7905
68.6692        67.7905
68.4956        67.7905
68.3651        67.7905
68.3826        67.7905
68.3131        67.7905
68.5494        67.7905
69.127        67.7905
68.7865        67.7905
68.3345        67.7905
68.6032        67.7905
68.8491        67.7905
68.7504        67.7905
68.2684        67.7905
68.0142        67.7905
67.9705        67.7905
68.2587        67.7905
68.2432        67.7905
68.3907        67.7905
68.3989        67.7905
68.1558        67.7905
67.8657        67.7905
68.0174        67.7905
68.1502        67.7905
68.2935        67.7905
68.1766        67.7905
68.2291        67.7905
68.2926        67.7905
68.2361        67.7905
68.472        67.7905
68.5016        67.7905
68.4697        67.7905
68.045        67.7905
68.2209        67.7905
68.3944        67.7905
68.2421        67.7905
68.1264        67.7905
68.2747        67.7905
68.0733        67.7905
68.2034        67.7339
68.3808        67.7339
68.4859        67.7339
68.7207        67.7339
68.6284        67.7339
68.3883        67.7339
68.7234        67.7339
68.4949        67.7339
68.6889        67.7339
68.4219        67.7339
68.6092        67.7339
68.2404        67.7339
68.3036        67.7339
68.1825        67.7339
68.085        67.7339
68.6626        67.7339
68.3728        67.7339
68.1096        67.7339
68.5879        67.7339
68.171        67.7339
68.1799        67.7339
68.5262        67.7339
68.5303        67.7339
68.3013        67.7266
68.8056        67.7266
68.7268        67.7266
68.6099        67.7266
68.6463        67.7266
68.0075        67.7266
68.4285        67.7266
68.235        67.7266
68.5467        67.7266
68.2767        67.7266
68.0849        67.7266
68.3856        67.7266
68.1754        67.7266
68.3514        67.7266
68.4091        67.7266
69.0768        67.7266
68.6999        67.7266
69.0183        67.7266
68.652        67.7266
68.6131        67.7266
68.5695        67.7266
68.0805        67.7266
68.4007        67.7266
68.3381        67.7266
68.262        67.7266
68.4258        67.7266
68.3937        67.7266
68.8769        67.7266
68.2969        67.7266
68.3592        67.7266
68.6373        67.7266
68.7505        67.7266
68.7315        67.7266
68.6085        67.7266
68.6581        67.7266
69.0297        67.7266
68.9902        67.7266
68.8773        67.7266
68.541        67.7266
68.5975        67.7266
68.6214        67.7266
68.8391        67.7266
68.537        67.7266
68.3677        67.7266
68.356        67.7266
68.5925        67.7266
68.319        67.7266
68.6723        67.7266
68.1974        67.7266
68.4458        67.7266
68.5341        67.7266
68.4532        67.7266
68.6523        67.7266
68.9659        67.7266
68.7311        67.7266
68.6855        67.7266
68.5367        67.7266
68.3633        67.7266
68.5122        67.7266
68.4094        67.7266
68.2399        67.7266
68.1044        67.7266
68.3289        67.7266
68.6308        67.7266
68.5022        67.7266
68.4911        67.7266
68.5865        67.7266
68.4312        67.7266
68.3225        67.7266
68.0357        67.7266
68.214        67.7266
68.2048        67.7266
68.2381        67.7266
68.5905        67.7266
68.07        67.7266
68.285        67.7266
68.5406        67.7266
68.3479        67.7266
68.1135        67.7266
68.3394        67.7266
68.2218        67.7266
68.8873        67.7266
68.3564        67.7266
68.6216        67.7266
68.6515        67.7266
68.3025        67.7266
68.3923        67.7266
68.7911        67.7266
68.7822        67.7266
68.4283        67.7266
68.2853        67.7266
68.3913        67.7266
68.7327        67.7266
68.4913        67.7266
68.3868        67.7266
68.2848        67.7266
68.0321        67.7266
67.8653        67.7266
68.1496        67.7266
68.0306        67.7266
68.4554        67.7266
68.9894        67.7266
68.2288        67.7266
68.098        67.7266
68.1819        67.7266
68.2877        67.7266
68.2115        67.7266
68.2105        67.7266
68.4008        67.7266
68.2074        67.7266
68.197        67.7266
68.3627        67.7266
68.2213        67.7266
68.1954        67.7266
68.4759        67.7266
68.1527        67.7266
68.3254        67.7266
68.2581        67.7266
68.1522        67.7266
68.358        67.7266
67.9088        67.7266
68.2071        67.7266
68.2414        67.7266
68.015        67.7266
67.9811        67.7266
68.4786        67.7266
68.4196        67.7266
68.5578        67.7266
68.5911        67.7266
68.2345        67.7266
68.3082        67.7266
68.7874        67.7266
68.0967        67.7266
68.0272        67.7266
67.8972        67.7266
68.0133        67.7266
68.1896        67.7266
68.5741        67.7266
68.479        67.7266
68.4693        67.7266
68.3393        67.7266
68.6119        67.7266
68.2615        67.7266
68.0049        67.7266
68.202        67.7266
68.251        67.7266
68.4336        67.7266
68.5951        67.7266
68.2213        67.7266
68.1111        67.7266
68.2788        67.7266
68.4329        67.7266
68.1592        67.7266
68.3926        67.7266
68.8509        67.7266
68.6226        67.7266
68.6493        67.7266
68.6424        67.7266
68.5632        67.7266
68.4093        67.7266
68.0103        67.7266
68.1633        67.7266
68.4586        67.7266
68.6067        67.7266
68.23        67.7266
68.3047        67.7266
68.5376        67.7266
68.5946        67.7266
68.3239        67.7266
68.1738        67.7266
68.145        67.7266
68.3261        67.7266
68.4538        67.7266
68.5576        67.7266
67.9814        67.7266
68.1142        67.7266
68.2991        67.7266
68.2246        67.7266
68.4197        67.7266
68.5662        67.7266
68.6217        67.7266
68.2948        67.7266
68.1923        67.7266
68.1417        67.7266
68.3609        67.7266
68.3913        67.7266
68.4527        67.7266
68.841        67.7266
69.0242        67.7266
68.2535        67.7266
68.4208        67.7266
68.2581        67.7266
68.3797        67.7266
68.8774        67.7266
68.9221        67.7266
68.6241        67.7266
68.5472        67.7266
68.2222        67.7266
68.4929        67.7266
68.4141        67.7266
68.3191        67.7266
68.443        67.7266
68.2483        67.7266
68.1611        67.7266
68.442        67.7266
68.402        67.7266
68.4953        67.7266
68.4804        67.7266
68.7215        67.7266
68.3462        67.7266
68.1541        67.7266
68.0167        67.7266
68.1975        67.7266
68.6243        67.7266
68.8279        67.7266
68.2502        67.7266
68.4762        67.7266
68.61        67.7266
68.7695        67.7266
68.3589        67.7266
68.6679        67.7266
68.3223        67.7266
68.2995        67.7266
68.6433        67.7266
68.3438        67.7266
68.9329        67.7266
68.8066        67.7266
68.6253        67.7266
68.628        67.7266
68.3315        67.7266
68.0263        67.7266
68.0735        67.7266
68.4302        67.7266
68.3623        67.7266
68.4539        67.7266
68.7227        67.7266
69.0012        67.7266
68.5099        67.7266
68.1677        67.7266
68.4424        67.7266
68.4698        67.7266
68.7307        67.7266
68.7699        67.7266
68.6201        67.7266
68.0624        67.7266
68.2524        67.7266
68.4762        67.7266
68.4112        67.7266
68.4568        67.7266
68.7631        67.7266
68.5188        67.7266
68.4016        67.7266
68.6237        67.7266
68.5662        67.7266
68.7228        67.7266
68.3198        67.7266
68.2385        67.7266
67.988        67.7266
68.4592        67.7266
68.8832        67.7266
68.9226        67.7266
68.5769        67.7266
68.7714        67.7266
68.5664        67.7266
68.1203        67.7266
68.2587        67.7266
68.3586        67.7266
68.528        67.7266
68.4604        67.7266
68.1725        67.7266
68.3707        67.7266
68.3417        67.7266
68.2185        67.7266
68.1965        67.7266
68.1855        67.7266
68.3478        67.7266
68.3529        67.7266
68.4525        67.7266
68.1526        67.7266
68.825        67.7266
68.7141        67.7266
68.5733        67.7266
68.6051        67.7266
68.3458        67.7266
68.3073        67.7266
68.2414        67.7266
68.4417        67.7266
68.138        67.7266
68.0379        67.7266
68.1915        67.7266
68.7197        67.7266
68.5284        67.7266
68.4859        67.7266
68.2869        67.7266
68.1953        67.7266
68.0941        67.7266
68.2195        67.7266
68.6289        67.7266
68.6138        67.7266
68.7073        67.7266
68.4443        67.7266
68.4658        67.7266
68.1552        67.7266
68.3959        67.7266
68.3282        67.7266
68.2688        67.7266
68.1494        67.7266
68.1078        67.7266
67.9856        67.7266
68.4357        67.7266
68.2272        67.7266
68.5072        67.7266
68.5866        67.7266
68.4294        67.7266
68.1957        67.7266
68.1242        67.7266
68.4126        67.7266
68.7111        67.7266
68.5413        67.7266
68.0977        67.7266
68.3416        67.7266
68.8009        67.7266
68.4938        67.7266
68.6378        67.7266
68.4039        67.7266
68.6515        67.7266
68.284        67.7266
68.7796        67.7266
68.5885        67.7266
68.8176        67.7266
68.549        67.7266
68.5629        67.7266
68.588        67.7266
68.2754        67.7266
68.2376        67.7266
68.7995        67.7266
68.7694        67.7266
68.6712        67.7266
69.1655        67.7266
68.3882        67.7266
68.3453        67.7266
68.3915        67.7266
68.2889        67.7266
68.3857        67.7266
68.4081        67.7266
68.3108        67.7266
68.2964        67.7266
68.0435        67.7266
68.0066        67.7266
68.1449        67.7266
68.165        67.7266
68.2067        67.7266
68.3075        67.7266
68.6823        67.7266
68.7391        67.7266
68.524        67.7266
68.0587        67.7266
68.1703        67.7266
68.1069        67.7266
68.166        67.7266
68.2879        67.7266
68.5697        67.7266
68.3796        67.7266
68.0893        67.7266
68.7344        67.7266
68.6051        67.7266
68.273        67.7266
68.2001        67.7266
68.3532        67.7266
68.2259        67.7266
68.361        67.7266
68.7664        67.7266
68.5951        67.7266
68.3294        67.7266
68.0857        67.7266
68.292        67.7266
68.0258        67.7266
68.0415        67.7266
68.0836        67.7266
68.2525        67.7266
68.4246        67.7266
68.6162        67.7266
68.4044        67.7266
68.4077        67.7266
68.0844        67.7266
67.9815        67.7266
68.1402        67.7266
68.1887        67.7266
68.2992        67.7266
68.2601        67.7266
68.2376        67.7266
68.5638        67.7266
68.7713        67.7266
68.4944        67.7266
68.6234        67.7266
68.6829        67.7266
68.4533        67.7266
68.7934        67.7266
68.4659        67.7266
68.2653        67.7266
68.4098        67.7266
68.6745        67.7266
68.6071        67.7266
68.7144        67.7266
68.676        67.7266
68.3685        67.7266
68.3812        67.7266
68.0314        67.7266
68.0637        67.7266
68.0451        67.7266
68.2928        67.7266
68.3163        67.7266
68.2096        67.7266
67.9035        67.7266
68.0123        67.7266
68.4995        67.7266
68.1737        67.7266
68.2006        67.7266
68.4512        67.7266
68.4951        67.7266
68.4076        67.7266
68.2371        67.7266
68.1018        67.7266
68.1975        67.7266
68.0652        67.7266
68.4758        67.7266
68.4035        67.7266
68.161        67.7266
68.657        67.7266
68.5509        67.7266
68.5597        67.7266
68.2882        67.7266
68.2012        67.7266
68.6529        67.7266
68.768        67.7266
69.0288        67.7266
69.0443        67.7266
68.6826        67.7266
68.7955        67.7266
68.424        67.7266
68.3856        67.7266
68.5045        67.7266
68.8393        67.7266
68.9195        67.7266
68.6682        67.7266
68.4098        67.7266
68.3427        67.7266
68.4957        67.7266
68.1637        67.7266
68.1469        67.7266
68.1636        67.7266
68.6288        67.7266
68.3486        67.7266
68.481        67.7266
68.4554        67.7266
68.2157        67.7266
68.1296        67.7266
68.3021        67.7266
68.5236        67.7266
68.5604        67.7266
68.305        67.7266
68.1149        67.7266
68.0314        67.7266
67.9533        67.7266
68.1017        67.7266
68.261        67.7266
68.3874        67.7266
68.412        67.7266
68.4028        67.7266
68.4166        67.7266
68.3325        67.7266
68.4138        67.7266
68.3418        67.7266
68.4963        67.7266
68.0566        67.7266
68.1739        67.7266
68.4562        67.7266
68.2021        67.7266
68.2032        67.7266
68.3289        67.7266
68.0402        67.7266
67.7739        67.7266
67.9254        67.7266
68.0191        67.7266
68.0989        67.7266
68.2228        67.7266
68.1884        67.7266
68.1756        67.7266
68.1421        67.7266
68.1252        67.7266
68.1057        67.7266
68.4648        67.7266
68.673        67.7266
68.6518        67.7266
68.8571        67.7266
69.2235        67.7266
68.6807        67.7266
68.5192        67.7266
68.3684        67.7266
68.5404        67.7266
68.3641        67.7266
68.1124        67.7266
68.2139        67.7266
68.1        67.7266
68.3278        67.7266
68.8451        67.7266
69.2831        67.7266
68.6448        67.7266
68.4666        67.7266
68.634        67.7266
68.2076        67.7266
68.1308        67.7266
68.0599        67.7266
68.406        67.7266
68.2546        67.7266
68.4907        67.7266
69.1833        67.7266
68.5495        67.7266
68.9108        67.7266
68.6715        67.7266
68.4636        67.7266
68.1854        67.7266
68.2554        67.7266
68.3485        67.7266
68.3401        67.7266
68.2771        67.7266
68.2952        67.7266
68.2402        67.7266
68.4718        67.7266
68.5336        67.7266
68.5354        67.7266
68.8391        67.7266
69.0863        67.7266
69.0276        67.7266
68.7968        67.7266
68.7156        67.7266
68.8852        67.7266
68.9881        67.7266
69.0148        67.7266
68.3819        67.7266
68.1991        67.7266
68.7433        67.7266
68.7404        67.7266
68.6186        67.7266
68.6097        67.7266
68.7474        67.7266
68.9528        67.7266
68.625        67.7266
68.6175        67.7266
68.7583        67.7266
68.4099        67.7266
68.5498        67.7266
68.6441        67.7266
68.6413        67.7266
68.2298        67.7266
68.056        67.7266
68.628        67.7266
68.4947        67.7266
68.81        67.7266
68.7754        67.7266
68.6066        67.7266
68.4926        67.7266
68.5266        67.7266
68.5816        67.7266
68.534        67.7266
68.2563        67.7266
68.3973        67.7266
68.5442        67.7266
68.4077        67.7266
68.5428        67.7266
68.4668        67.7266
68.3832        67.7266
68.4081        67.7266
68.7413        67.7266
68.2089        67.7266
68.0863        67.7266
68.5076        67.7266
68.5589        67.7266
69.0676        67.7266
68.9158        67.7266
68.5592        67.7266
68.7295        67.7266
68.646        67.7266
68.1779        67.7266
68.5144        67.7266
68.0731        67.7266
68.5637        67.7266
68.6584        67.7266
68.1492        67.7266
68.1059        67.7266
68.5943        67.7266
68.6598        67.7266
68.074        67.7266
68.2908        67.7266
68.6232        67.7266
68.575        67.7266
68.1736        67.7266
68.3123        67.7266
68.2516        67.7266
68.8304        67.7266
68.4447        67.7266
68.429        67.7266
68.2864        67.7266
68.2015        67.7266
68.1138        67.7266
68.2038        67.7266
68.6848        67.7266
68.4219        67.7266
68.0717        67.7266
68.404        67.7266
68.4912        67.7266
68.4361        67.7266
68.3189        67.7266
68.3815        67.7266
68.5987        67.7266
68.9719        67.7266
68.773        67.7266
68.4511        67.7266
68.6574        67.7266
68.4489        67.7266
68.1203        67.7266
68.4539        67.7266
68.2377        67.7266
68.3022        67.7266
68.7354        67.7266
68.9181        67.7266
68.9265        67.7266
68.7309        67.7266
68.6834        67.7266
68.345        67.7266
68.0852        67.7266
67.9007        67.7266
68.2289        67.7266
68.1367        67.7266
68.2279        67.7266
68.5316        67.7266
68.723        67.7266
68.3182        67.7266
68.3248        67.7266
68.3339        67.7266
68.158        67.7266
67.9973        67.7266
68.013        67.7266
68.1405        67.7266
68.265        67.7266
68.3482        67.7266
68.2694        67.7266
68.439        67.7266
68.6346        67.7266
68.7449        67.7266
68.6592        67.7266
68.5648        67.7266
68.3296        67.7266
68.0251        67.7266
68.1228        67.7266
68.0854        67.7266
68.2366        67.7266
68.4545        67.7266
68.4512        67.7266
68.1843        67.7266
68.2215        67.7266
67.9005        67.7266
67.9559        67.7266
68.1544        67.7266
68.2596        67.7266
68.497        67.7266
68.9333        67.7266
68.9836        66.7409
68.6995        66.7409
68.7297        66.7409
68.0891        66.7409
68.1432        66.2438
67.7037        66.2438
67.4752        66.2438
66.9419        66.2438
66.8321        66.2438
66.8385        66.2438
66.807        66.2438
66.7431        66.2438
66.9993        66.2438
67.2164        66.2438
66.809        66.2438
66.8689        66.2438
66.7476        66.2438
66.6858        66.2438
66.8351        66.2438
67.296        66.2438
67.2244        66.2438
66.8283        66.2438
66.8093        66.2438
66.9074        66.2438
67.0409        66.2438
66.7886        66.2438
66.8672        66.2438
66.904        66.2438
66.7286        66.2438
66.8269        66.2438
66.9659        66.2438
67.3456        66.2438
67.4679        66.2438
67.4041        66.2438
67.4244        66.2438
67.1189        66.2438
67.2123        66.2438
67.4073        66.2438
67.3419        66.2438
67.1197        66.2438
66.7592        66.2438
66.6311        66.2438
66.8088        66.2438
66.7333        66.2438
67.3242        66.2438
67.0642        66.2438
67.0227        66.2438
67.362        66.2438
67.08        66.2438
66.9987        66.2438
66.7097        66.2438
66.8277        66.2438
66.7299        66.2438
66.9721        66.2438
66.9009        66.2438
66.5849        66.2438
67.1048        66.2438
66.8651        66.2438
67.1253        66.2438
67.1487        66.2438
67.0767        66.2438
67.4537        66.2438
67.2679        66.2438
67.0452        66.2438
66.8108        66.2438
66.7983        66.2438
66.8722        66.2438
67.0668        66.2438
66.9496        66.2438
67.0115        66.2438
67.3619        66.2438
67.265        66.2438
66.9948        66.2438
67.0367        66.2438
67.2797        66.2438
66.6664        66.2438
66.8578        66.2438
67.0294        66.2438
66.8549        66.2438
66.9473        66.2438
67.1894        66.2438
67.0319        66.2438
66.832        66.2438
66.9396        66.2438
67.2485        66.2438
67.0147        66.2438
67.0327        66.2438
66.9646        66.2438
66.8888        66.2438
66.95        66.2438
66.6212        66.2438
66.5416        66.2438
66.9604        66.2438
66.9063        66.2438
67.3713        66.2438
67.6727        66.2438
67.2518        66.2438
67.1486        66.2438
67.4412        66.2438
67.1931        66.2438
66.981        66.2438
66.8257        66.2438
66.8266        66.2438
67.0434        66.2438
66.8347        66.2438
66.8476        66.2438
67.0661        66.2438
66.9041        66.2438
67.2353        66.2438
67.1789        66.2438
67.5656        66.2438
67.6816        66.2438
67.0263        66.2438
66.9309        66.2438
66.8645        66.2438
66.5763        66.2438
66.4995        66.2438
66.6503        66.2438
66.6718        66.2438
66.7983        66.2438
66.6908        66.2438
67.1561        66.2438
67.5943        66.2438
67.4653        66.2438
67.071        66.2438
67.1811        66.2438
66.9256        66.2438
66.8236        66.2438
66.6341        66.2438
66.6379        66.2438
66.8393        66.2438
67.1666        66.2438
67.3759        66.2438
67.2499        66.2438
66.7857        66.2438
66.9506        66.2438
66.6974        66.2438
66.944        66.2438
66.6022        66.2438
66.4576        66.2438
66.4402        66.2438
66.6648        66.2438
67.0842        66.2438
66.8307        66.2438
66.6038        66.2438
66.5862        66.2438
67.1081        66.2438
66.5941        66.2438
66.8789        66.2438
67.2126        66.2438
66.9371        66.2438
67.0139        66.2438
67.1729        66.2438
67.1204        66.2438
67.007        66.2438
66.8668        66.2438
66.5757        66.2438
66.4497        66.2438
66.7221        66.2438
66.9086        66.2438
66.8652        66.2438
66.7942        66.2438
67.0156        66.2438
66.816        66.2438
66.6969        66.2438
66.604        66.2438
66.8687        66.2438
66.5011        66.2438
66.7655        66.2438
66.9631        66.2438
66.8996        66.2438
66.6491        66.2438
66.6928        66.2438
66.6825        66.2438
66.5569        66.2438
66.5289        66.2438
66.7236        66.2438
67.0038        66.2438
67.0105        66.2438
66.7849        66.2438
67.0653        66.2438
67.05        66.2438
67.3485        66.2438
67.0975        66.2438
67.0238        66.2438
66.9456        66.2438
66.9762        66.2438
66.8112        66.2438
66.8762        66.2438
66.8159        66.2438
67.1315        66.2438
66.9807        66.2438
67.0993        66.2438
66.7332        66.2438
66.9153        66.2438
66.7815        66.2438
66.7553        66.2438
66.5473        66.2438
67.2643        66.2438
66.889        66.2438
66.9385        66.2438
66.8896        66.2438
66.9607        66.2438
66.7537        66.2438
66.6489        66.2438
66.7307        66.2438
66.7805        66.2438
67.0116        66.2438
66.7879        66.2438
67.0112        66.2438
67.2604        66.2438
66.907        66.2438
67.2825        66.2438
66.9816        66.2438
66.7936        66.2438
66.5565        66.2438
66.4191        66.2438
66.5472        66.2438
66.5447        66.2438
66.498        66.2438
66.4981        66.2438
66.7227        66.2438
66.7295        66.2438
67.0291        66.2438
67.0295        66.2438
66.9027        66.2438
66.531        66.2438
66.5362        66.2438
66.7346        66.2438
66.7311        66.2438
66.8482        66.2438
67.0101        66.2438
67.1853        66.2438
66.8874        66.2438
67.0682        66.2438
67.1918        66.2438
67.4423        66.2438
67.3243        66.2438
67.1471        66.2438
67.0639        66.2438
66.9859        66.2438
66.6136        66.2438
66.4748        66.2438
66.6813        66.2438
66.8231        66.2438
66.8657        66.2438
66.8733        66.2438
67.0941        66.2438
67.2105        66.2438
67.2166        66.2438
67.2423        66.2438
67.3109        66.2438
66.8405        66.2438
67.323        66.2438
67.2578        66.2438
67.0504        66.2438
67.297        66.2438
67.0097        66.2438
66.7595        66.2438
66.951        66.2438
67.0224        66.2438
67.6352        66.2438
67.8697        66.2438
67.1474        66.2438
67.3979        66.2438
67.1095        66.2438
67.0416        66.2438
67.1449        66.2438
66.6671        66.2438
66.639        66.2438
66.5223        66.2438
66.6589        66.2438
66.8155        66.2438
66.4878        66.2438
66.4892        66.2438
66.5055        66.2438
66.5992        66.2438
66.8413        66.2438
66.738        66.2438
66.6722        66.2438
66.5293        66.2438
66.5889        66.2438
66.5791        66.2438
66.7154        66.2438
66.7052        66.2438
67.0794        66.2438
67.1566        66.2438
67.1313        66.2438
66.7064        66.2438
66.7818        66.2438
66.8509        66.2438
66.8016        66.2438
66.7173        66.2438
66.7626        66.2438
67.1701        66.2438
67.113        66.2438
67.3269        66.2438
66.7728        66.2438
66.7795        66.2438
66.6085        66.2438
67.2973        66.2438
66.8169        66.2438
67.0566        66.2438
66.694        66.2438
66.9162        66.2438
67.2273        66.2438
66.9841        66.2438
67.2599        66.2438
67.5095        66.2438
67.3813        66.2438
67.0009        66.2438
66.8077        66.2438
66.4969        66.2438
66.525        66.2438
66.7415        66.2438
66.9306        66.2438
66.8634        66.2438
66.979        66.2438
66.8017        66.2438
67.0778        66.2438
66.8965        66.2438
66.5159        66.2438
66.5261        66.2438
66.4893        66.2438
66.7334        66.2438
66.8687        66.2438
66.8698        66.2438
67.1551        66.2438
66.8409        66.2438
67.146        66.2438
67.009        66.2438
67.3511        66.2438
67.4561        66.2438
67.3855        66.2438
66.9156        66.2438
66.8637        66.2438
66.9904        66.2438
66.5779        66.2438
66.8189        66.2438
66.6067        66.2438
66.8416        66.2438
66.9608        66.2438
67.0444        66.2438
66.8662        66.2438
66.8719        66.2438
67.3079        66.2438
67.0426        66.2438
67.1793        66.2438
66.975        66.2438
67.1257        66.2438
67.0894        66.2438
66.6781        66.2438
66.7632        66.2438
66.8519        66.2438
66.8342        66.2438
66.8448        66.2438
66.7015        66.2438
66.6341        66.2438
66.7029        66.2438
66.8141        66.2438
66.7513        66.2438
66.8622        66.2438
67.3279        66.2438
67.007        66.2438
66.8783        66.2438
66.5795        66.2438
66.3713        66.2438
66.4918        66.2438
66.7482        66.2438
66.8919        66.2438
66.6981        66.2438
67.0631        66.2438
66.6714        66.2438
66.8586        66.2438
66.5232        66.2438
66.7796        66.2438
66.8644        66.2438
67.2735        66.2438
67.5392        66.2438
67.3284        66.2438
67.2596        66.2438
67.5083        66.2438
67.1535        66.2438
66.7374        66.2438
67.145        66.2438
67.2193        66.2438
66.9588        66.2438
66.6865        66.2438
66.6792        66.2438
66.5817        66.2438
66.6842        66.2438
66.7176        66.2438
66.5677        66.2438
66.6186        66.2438
67.1204        66.2438
66.5621        66.2438
66.7022        66.2438
66.9399        66.2438
67.1239        66.2438
66.9528        66.2438
67.0206        66.2438
66.9195        66.2438
66.7865        66.2438
67.2338        66.2438
67.2639        66.2438
67.0744        66.2438
67.2014        66.2438
66.8354        66.2438
66.7256        66.2438
66.7637        66.2438
67.0004        66.2438
67.1543        66.2438
66.8744        66.2438
67.1476        66.2438
66.8809        66.2438
67.0081        66.2438
67.0159        66.2438
66.9406        66.2438
67.059        66.2438
67.3879        66.2438
66.9255        66.2438
66.7517        66.2438
66.9204        66.2438
66.8949        66.2438
66.8266        66.2438
66.8738        66.2438
67.0553        66.2438
67.3307        66.2438
67.0858        66.2438
66.8608        66.2438
66.8709        66.2438
66.6837        66.2438
66.7558        66.2438
66.765        66.2438
66.745        66.2438
67.0035        66.2438
66.9495        66.2438
66.7442        66.2438
66.9483        66.2438
66.9901        66.2438
67.1382        66.2438
66.9808        66.2438
66.8012        66.2438
66.8589        66.2438
67.0325        66.2438
67.7904        66.2438
67.5089        66.2438
66.7503        66.2438
66.9857        66.2438
66.7338        66.2438
66.6509        66.2438
66.4465        66.2438
66.874        66.2438
66.9432        66.2438
66.8397        66.2438
66.5375        66.2438
66.5986        66.2438
67.1208        66.2438
66.8031        66.2438
66.9542        66.2438
66.8709        66.2438
67.5923        66.2438
67.467        66.2438
67.262        66.2438
67.1203        66.2438
66.932        66.2438
67.4525        66.2438
66.9075        66.2438
67.0609        66.2438
66.6807        66.2438
66.8352        66.2438
66.821        66.2438
66.7434        66.2438
67.3132        66.2438
66.8865        66.2438
67.108        66.2438
66.9142        66.2438
67.0345        66.2438
67.4187        66.2438
67.5825        66.2438
67.5354        66.2438
66.618        66.2438
67.0094        66.2438
67.1359        66.2438
66.7338        66.2438
66.7786        66.2438
67.6014        66.2438
67.4843        66.2438
67.2095        66.2438
67.5697        66.2438
67.0452        66.2438
67.012        66.2438
67.0647        66.2438
66.8853        66.2438
66.7179        66.2438
66.5469        66.2438
66.5438        66.2438
66.7186        66.2438
66.7195        66.2438
67.0793        66.2438
66.7711        66.2438
66.564        66.2438
66.5834        66.2438
66.6908        66.2438
66.8691        66.2438
67.3029        66.2438
66.7959        66.2438
67.1406        66.2438
66.8177        66.2438
66.9705        66.2438
66.9681        66.2438
66.7048        66.2438
66.5876        66.2438
66.8766        66.2438
66.6681        66.2438
66.8384        66.2438
66.9043        66.2438
66.4084        66.2438
66.4979        66.2438
66.7297        66.2438
66.9245        66.2438
66.9386        66.2438
66.9983        66.2438
66.7155        66.2438
67.0247        66.2438
66.8109        66.2438
66.7879        66.2438
67.3949        66.2438
66.5566        66.2438
66.5461        66.2438
66.9923        66.2438
66.9373        66.2438
66.5265        66.2438
66.6135        66.2438
66.9376        66.2438
66.8834        66.2438
66.5742        66.2438
67.0154        66.2438
67.2076        66.2438
66.9089        66.2438
66.7711        66.2438
66.9266        66.2438
66.9544        66.2438
67.8301        66.2438
67.2678        66.2438
66.9223        66.2438
67.1218        66.2438
66.978        66.2438
66.8532        66.2438
67.2156        66.2438
66.9636        66.2438
67.7657        66.2438
67.1312        66.2438
67.1463        66.2438
67.124        66.2438
66.7814        66.2438
67.0205        66.2438
67.1325        66.2438
67.0043        66.2438
67.0688        66.2438
67.1641        66.2438
67.0064        66.2438
67.1273        66.2438
66.9829        66.2438
66.5479        66.2438
67.1178        66.2438
67.0031        66.2438
66.9447        66.2438
67.4575        66.2438
67.4655        66.2438
67.5485        66.2438
67.0991        66.2438
66.714        66.2438
66.4599        66.2438
66.5052        66.2438
66.8001        66.2438
66.9268        66.2438
67.1864        66.2438
66.9663        66.2438
66.986        66.2438
67.3917        66.2438
67.433        66.2438
66.725        66.2438
66.8774        66.2438
66.7038        66.2438
66.6385        66.2438
67.2639        66.2438
67.1375        66.2438
67.559        66.2438
67.4544        66.2438
67.0449        66.2438
66.9376        66.2438
66.6701        66.2438
66.6645        66.2438
66.5968        66.2438
66.9994        66.2438
66.6815        66.2438
66.496        66.2438
66.5613        66.2438
66.4183        66.2438
66.6594        66.2438
67.0005        66.2438
66.53        66.2438
66.8855        66.2438
66.6288        66.2438
66.4862        66.2438
66.6778        66.2438
66.952        66.2438
66.8953        66.2438
66.6415        66.2438
67.0149        66.2438
66.8183        66.2438
66.6274        66.2438
67.0844        66.2438
66.7037        66.2438
67.0564        66.2438
66.6044        66.2438
66.8084        66.2438
66.844        66.2438
66.9304        66.2438
67.0404        66.2438
66.9776        66.2438
66.9432        66.2438
66.8997        66.2438
66.8462        66.2438
67.0439        66.2438
66.6471        66.2438
66.9211        66.2438
66.867        66.2438
66.9222        66.2438
66.903        66.2438
66.8457        66.2438
67.0649        66.2438
67.0422        66.2438
66.8052        66.2438
66.648        66.2438
67.3626        66.2438
67.2547        66.2438
67.02        66.2438
67.0734        66.2438
66.8885        66.2438
67.0975        66.2438
67.216        66.2438
66.7714        66.2438
66.5339        66.2438
66.4852        66.2438
67.0649        66.2438
66.9185        66.2438
67.255        66.2438
66.9341        66.2438
67.133        66.2438
66.5812        66.2438
66.5654        66.2438
66.8518        66.2438
66.854        66.2438
66.5872        66.2438
66.8238        66.2438
67.0728        66.2438
67.1458        66.2438
67.2065        66.2438
67.091        66.2438
66.9721        66.2438
66.7281        66.2438
66.6455        66.2438
66.774        66.2438
66.5272        66.2438
66.5189        66.2438
66.724        66.2438
66.586        66.2438
66.8701        66.2438
66.9331        66.2438
66.8585        66.2438
66.7792        66.2438
66.7065        66.2438
66.4713        66.2438
66.7333        66.2438
67.2037        66.2438
67.0512        66.2438
66.9754        66.2438
66.7564        66.2438
66.8071        66.2438
67.0316        66.2438
67.236        66.2438
66.6553        66.2438
67.1337        66.2438
67.2112        66.2438
67.306        66.2438
67.1537        66.2438
67.2992        66.2438
67.0082        66.2438
66.9707        66.2438
66.9124        66.2438
67.4566        66.2438
67.2673        66.2438
67.2239        66.2438
66.8665        66.2438
67.2336        66.2438
67.0329        66.2438
67.2276        66.2438
67.1647        66.2438
66.9893        66.2438
67.0272        66.2438
67.1044        66.2438
67.1237        66.2438
66.889        66.2438
67.2769        66.2438
67.3421        66.2438
67.2989        66.2438
67.0845        66.2438
67.6481        66.2438
67.3434        66.2438
66.7688        66.2438
66.8356        66.2438
66.8338        66.2438
66.815        66.2438
67.0498        66.2438
66.8183        66.2438
67.0191        66.2438
66.9818        66.2438
67.146        66.2438
67.8236        66.2438
67.174        66.2438
67.3782        66.2438
66.709        66.2438
67.0471        66.2438
67.3403        66.2438
67.1501        66.2438
66.9009        66.2438
66.9008        66.2438
66.8838        66.2438
66.8818        66.2438
66.861        66.2438
67.3038        66.2438
67.0459        66.2438
66.9264        66.2438
66.5634        66.2438
67.0341        66.2438
67.2462        66.2438
67.0349        66.2438
67.0347        66.2438
66.9874        66.2438
66.901        66.2438
66.8526        66.2438
66.9226        66.2438
66.7663        66.2438
66.69        66.2438
66.466        66.2438
66.9419        66.2438
66.7335        66.2438
66.6295        66.2438
66.9296        66.2438
67.3429        66.2438
67.4557        66.2438
67.2283        66.2438
67.2439        66.2438
67.0909        66.2438
66.8191        66.2438
66.6455        66.2438
67.2453        66.2438
66.7767        66.2438
67.0107        66.2438
66.9628        66.2438
66.9246        66.2438
67.0448        66.2438
67.141        66.2438
67.0312        66.2438
66.9592        66.2438
67.3731        66.2438
67.4609        66.2438
67.1353        66.2438
66.8172        66.2438
66.8698        66.2438
66.9505        66.2438
66.9208        66.2438
67.1898        66.2438
67.0209        66.2438
67.0259        66.2438
67.6796        66.2438
67.4661        66.2438
66.8654        66.2438
67.1573        66.2438
67.5059        66.2438
67.1509        66.2438
66.8634        66.2438
66.7152        66.2438
66.6354        66.2438
66.7976        66.2438
66.8425        66.2438
66.8883        66.2438
67.3289        66.2438
67.047        66.2438
66.8284        66.2438
66.8093        66.2438
66.9236        66.2438
67.2861        66.2438
66.8801        66.2438
66.7237        66.2438
66.7271        66.2438
66.916        66.2438
66.9635        66.2438
66.6624        66.2438
66.872        66.2438
67.2233        66.2438
66.7942        66.2438
66.9103        66.2438
67.237        66.2438
66.8626        66.2438
66.9184        66.2438
67.2139        66.2438
67.6467        66.2438
67.4607        66.2438
67.1628        66.2438
67.1937        66.2438
67.0825        66.2438
66.7845        66.2438
66.9004        66.2438
67.6133        66.2438
67.2292        66.2438
67.2896        66.2438
67.3777        66.2438
67.1946        66.2438
67.7991        66.2438
67.0229        66.2438
67.0516        66.2438
67.1126        66.2438
67.152        66.2438
67.1237        66.2438
67.952        66.2438
67.2483        66.2438
67.0744        66.2438
66.7979        66.2438
66.8407        66.2438
66.5561        66.2438
67.0261        66.2438
66.9237        66.2438
67.1115        66.2438
66.9021        66.2438
67.0474        66.2438
66.605        66.2438
66.6362        66.2438
66.7494        66.2438
66.7529        66.2438
66.9133        66.2438
67.0064        66.2438
66.8612        66.2438
67.2427        66.2438
67.0416        66.2438
67.4551        66.2438
67.1472        66.2438
67.2022        66.2438
67.1814        66.2438
66.8199        66.2438
66.7204        66.2438
67.2002        66.2438
66.9087        66.2438
66.9074        66.2438
67.1242        66.2438
66.7871        66.2438
66.6338        66.2438
66.9563        66.2438
66.5933        66.2438
66.4152        66.2438
66.439        66.2438
66.8421        66.2438
66.7887        66.2438
66.8326        66.2438
66.504        66.2438
66.8931        66.2438
67.1125        66.2438
67.2446        66.2438
67.1203        66.2438
66.8014        66.2438
66.7154        66.2438
67.2725        66.2438
67.3473        66.2438
66.9558        66.2438
67.1962        66.2438
66.993        66.2438
66.9381        66.2438
67.4934        66.2438
67.1919        66.2438
67.0654        66.2438
67.1197        66.2438
66.7338        66.2438
66.9833        66.2438
67.0708        66.2438
66.7516        66.2438
66.7063        66.2438
66.8514        66.2438
66.9748        66.2438
67.1046        66.2438
67.1193        66.2438
66.9242        66.2438
66.981        66.2438
67.1274        66.2438
66.8487        66.2438
66.6782        66.2438
66.5785        66.2438
66.8561        66.2438
67.0856        66.2438
67.1685        66.2438
67.0915        66.2438
67.034        66.2438
67.0421        66.2438
66.927        66.2438
67.1334        66.2438
67.5098        66.2438
67.3159        66.2438
66.7991        66.2438
66.9348        66.2438
67.1649        66.2438
67.1649        66.2438
67.0524        66.2438
66.7886        66.2438
66.8466        66.2438
66.8836        66.2438
66.7975        66.2438
66.3972        66.2438
66.4167        66.2438
66.5762        66.2438
66.768        66.2438
66.8037        66.2438
66.9778        66.2438
66.8566        66.2438
67.0321        66.2438
66.8611        66.2438
66.7916        66.2438
66.8168        66.2438
67.0526        66.2438
66.9256        66.2438
67.3365        66.2438
67.4129        66.2438
67.4365        66.2438
66.616        66.2438
66.887        66.2438
66.6588        66.2438
66.8346        66.2438
66.775        66.2438
66.9274        66.2438
66.7435        66.2438
66.5697        66.2438
66.784        66.2438
66.892        66.2438
67.0622        66.2438
66.7077        66.2438
66.7038        66.2438
67.0709        66.2438
67.3193        66.2438
67.0403        66.2438
66.8551        66.2438
67.0134        66.2438
67.3179        66.2438
67.6955        66.2438
67.3723        66.2438
67.0503        66.2438
67.1608        66.2438
67.3261        66.2438
66.9099        66.2438
66.9025        66.2438
66.8947        66.2438
66.8324        66.2438
66.9317        66.2438
66.7436        66.2438
67.1786        66.2438
67.1274        66.2438
66.9945        66.2438
66.9007        66.2438
66.8977        66.2438
67.5001        66.2438
66.9172        66.2438
67.1217        66.2438
66.9575        66.2438
67.1223        66.2438
67.1179        66.2438
67.0103        66.2438
67.1005        66.2438
66.6975        66.2438
66.9053        66.2438
67.0877        66.2438
67.0398        66.2438
66.9411        66.2438
66.5764        66.2438
66.6627        66.2438
66.6535        66.2438
66.5557        66.2438
66.8209        66.2438
67.1343        66.2438
66.6575        66.2438
66.8015        66.2438
66.7868        66.2438
66.9012        66.2438
66.8441        66.2438
66.7305        66.2438
66.7653        66.2438
66.8596        66.2438
66.8807        66.2438
67.0429        66.2438
67.1692        66.2438
67.0965        66.2438
67.1141        66.2438
67.3725        66.2438
67.2715        66.2438
67.0377        66.2438
66.7496        66.2438
66.7581        66.2438
66.7572        66.2438
66.7232        66.2438
66.7743        66.2438
66.8343        66.2438
66.8174        66.2438
66.9277        66.2438
66.6925        66.2438
66.9626        66.2438
67.3321        66.2438
66.9796        66.2438
67.0012        66.2438
67.1815        66.2438
67.2515        66.2438
67.0743        66.2438
67.0174        66.2438
67.4913        66.2438
67.3138        66.2438
67.3602        66.2438
67.0068        66.2438
66.7947        66.2438
66.7212        66.2438
66.6227        66.2438
66.433        66.2438
66.9689        66.2438
66.8837        66.2438
67.0025        66.2438
66.9149        66.2438
67.118        66.2438
66.5498        66.2438
66.5195        66.2438
66.6315        66.2438
66.5587        66.2438
66.7351        66.2438
66.9419        66.2438
67.1536        66.2438
66.7829        66.2438
66.7992        66.2438
66.7572        66.2438
66.804        66.2438
66.9038        66.2438
67.2093        66.2438
67.1559        66.2438
67.2265        66.2438
66.9526        66.2438
66.7037        66.2438
66.825        65.6756
67.3048        65.6756
67.0722        65.6756
66.6295        65.6756
66.7283        65.6756
66.6454        65.6756
66.2944        65.6756
65.955        65.6756
66.4287        65.6756
66.272        65.6756
66.7231        65.6756
67.1096        65.6756
66.9104        65.6756
66.5754        65.6756
66.3547        65.6756
66.876        65.6756
67.288        65.6756
66.7088        65.6756
66.7792        65.6756
66.8148        65.6756
66.9017        65.6756
66.2482        65.6756
65.8632        65.6756
65.9457        65.6756
66.2071        65.6756
66.603        65.6756
66.6309        65.6756
66.5742        65.6756
66.752        65.6756
66.1919        65.6756
66.1497        65.6756
66.0695        65.6756
66.2537        65.6756
66.1639        65.6756
66.1954        65.6756
66.1721        65.6756
66.3146        65.6756
66.3167        65.6756
66.4021        65.6756
66.1514        65.6756
66.7179        65.6756
66.7879        65.6756
66.7194        65.6756
66.6384        65.6756
66.5828        65.6756
66.6831        65.6756
66.7067        65.6756
66.2724        65.6756
66.0773        65.6756
66.2622        65.6756
66.4524        65.6756
66.2066        65.6756
66.1507        65.6756
66.0332        65.6756
66.1413        65.6756
66.1314        65.6756
65.9443        65.6756
66.0478        65.6756
65.9287        65.6756
66.1367        65.6756
66.0923        65.6756
66.036        65.6756
66.222        65.6756
66.8051        65.6756
66.927        65.6756
66.6804        65.6756
66.647        65.6756
66.6923        65.6756
66.6169        65.6756
66.8125        65.6756
66.8503        65.6756
66.5557        65.6756
67.0372        65.6756
67.0561        65.6756
66.775        65.6756
66.8928        65.6756
66.7201        65.6756
66.4017        65.6756
66.0774        65.6756
66.1406        65.6756
66.1577        65.6756
65.9344        65.6756
66.2723        65.6756
66.2708        65.6756
66.072        65.6756
66.0257        65.6756
66.3585        65.6756
66.3161        65.6756
66.6158        65.6756
66.1609        65.6756
65.9082        65.6756
66.3551        65.6756
66.5154        65.6756
66.4107        65.6756
66.3161        65.6756
66.42        65.6756
66.7928        65.6756
66.7735        65.6756
66.6928        65.6756
66.8671        65.6756
66.637        65.6756
66.4675        65.6756
66.7604        65.6756
66.4977        65.6756
66.4371        65.6756
66.2675        65.6756
66.6889        65.6756
66.579        65.6756
66.5128        65.6756
66.0065        65.6756
66.1782        65.6756
66.1691        65.6756
66.8219        65.6756
66.7624        65.6756
66.7035        65.6756
66.219        65.6756
66.2865        65.6756
66.6901        65.6756
66.4585        65.6756
66.536        65.6756
66.2644        65.6756
66.1652        65.6756
66.5485        65.6756
66.3654        65.6756
66.1777        65.6756
66.272        65.6756
66.0062        65.6756
66.543        65.6756
66.5351        65.6756
66.0473        65.6756
66.1045        65.6756
66.3402        65.6756
66.5544        65.6756
66.7075        65.6756
66.4378        65.6756
66.0677        65.6756
66.3614        65.6756
66.2184        65.6756
66.108        65.6756
66.0129        65.6756
65.844        65.6756
66.0383        65.6756
66.2339        65.6756
66.166        65.6756
66.2763        65.6756
65.9933        65.6756
66.7207        65.6756
66.652        65.6756
66.1427        65.6756
66.3621        65.6756
66.2156        65.6756
66.6132        65.6756
66.1825        65.6756
66.1999        65.6756
66.29        65.6756
66.1437        65.6756
66.1289        65.6756
66.1101        65.6756
66.2653        65.6756
66.2099        65.6756
66.7228        65.6756
66.7788        65.6756
66.674        65.6756
66.6455        65.6756
66.1273        65.6756
66.0223        65.6756
66.1811        65.6756
66.4747        65.6756
66.3359        65.6756
66.6207        65.6756
66.5487        65.6756
66.389        65.6756
66.5773        65.6756
67.0619        65.6756
66.6819        65.6756
66.5851        65.6756
66.3812        65.6756
66.4959        65.6756
66.8499        65.6756
66.6022        65.6756
66.3073        65.6756
66.4169        65.6756
66.6112        65.6756
66.4828        65.6756
66.4189        65.6756
66.361        65.6756
66.9379        65.6756
66.4845        65.6756
66.7208        65.6756
66.1336        65.6756
66.0898        65.6756
66.3086        65.6756
66.4387        65.6756
66.6248        65.6756
66.7062        65.6756
66.7723        65.6756
66.7242        65.6756
66.6055        65.6756
66.3858        65.6756
66.2032        65.6756
66.5584        65.6756
66.4706        65.6756
66.1392        65.6756
66.385        65.6756
66.2942        65.6756
66.3635        65.6756
66.7641        65.6756
66.3063        65.6756
66.4073        65.6756
66.2442        65.6756
66.3593        65.6756
66.3324        65.6756
66.6231        65.6756
66.3275        65.6756
66.2429        65.6756
66.1828        65.6756
66.2571        65.6756
66.6148        65.6756
66.3609        65.6756
66.1365        65.6756
66.5411        65.6756
66.3589        65.6756
66.5581        65.6756
66.6824        65.6756
66.8272        65.6756
66.8367        65.6756
66.6466        65.6756
66.7997        65.6756
66.5785        65.6756
66.2854        65.6756
66.1214        65.6756
66.1339        65.6756
66.0879        65.6756
66.4072        65.6756
66.0784        65.6756
66.1583        65.6756
66.0543        65.6756
66.4513        65.6756
66.5399        65.6756
66.4565        65.6756
66.5579        65.6756
66.6629        65.6756
66.5685        65.6756
66.3928        65.6756
66.5908        65.6756
66.0713        65.6756
66.1275        65.6756
65.9633        65.6756
65.9341        65.6756
66.6702        65.6756
66.6266        65.6756
66.5062        65.6756
66.7096        65.6756
66.0909        65.6756
65.8671        65.6756
65.8635        65.6756
66.0619        65.6756
66.3008        65.6756
66.6725        65.6756
66.6243        65.6756
66.7674        65.6756
66.6994        65.6756
66.4883        65.6756
66.2126        65.6756
66.183        65.6756
66.2765        65.6756
66.7672        65.6756
66.1884        65.6756
66.6874        65.6756
66.3007        65.6756
66.281        65.6756
66.0399        65.6756
66.0909        65.6756
66.4817        65.6756
66.4718        65.6756
66.5549        65.6756
66.5843        65.6756
66.4583        65.6756
66.8115        65.6756
66.6953        65.6756
66.9339        65.1879
66.991        65.1879
66.7326        65.1879
67.0405        65.1879
66.7062        65.1879
66.1333        65.1879
65.7565        65.1879
65.942        65.1879
66.1178        65.1879
66.0663        65.1879
66.0168        65.1879
65.9164        65.1879
65.5781        65.1879
65.8509        65.1879
66.2606        65.1879
66.1777        65.1879
66.3675        65.1879
66.2071        65.1879
65.8816        65.1879
65.4557        65.1879
65.7788        65.1879
65.5343        65.1879
65.9811        65.1879
65.8957        65.1879
65.667        65.1879
65.7319        65.1879
65.7762        65.1879
65.9982        65.1879
66.2277        65.1879
65.8775        65.1879
66.3715        65.1879
66.2736        65.1879
65.8162        65.1879
65.5283        65.1879
65.5458        65.1879
65.8777        65.1879
65.6414        65.1879
65.82        65.1879
65.9309        65.1879
65.9935        65.1879
66.2467        65.1879
66.1466        65.1879
65.5988        65.1879
65.6307        65.1879
65.8409        65.1879
65.7136        65.1879
65.8617        65.1879
65.6449        65.1879
65.6014        65.1879
65.9137        65.1879
66.0881        65.1879
66.0442        65.1879
65.9008        65.1879
65.4818        65.1879
65.4731        65.1879
65.9166        65.1879
65.5221        65.1879
65.7122        65.1879
65.7687        65.1879
65.6257        65.1879
65.9639        65.1879
66.3913        65.1879
66.3068        65.1879
65.7165        65.1879
65.6154        65.1879
65.706        65.1879
65.8109        65.1879
66.104        65.1879
66.1048        65.1879
65.9024        65.1879
65.8097        65.1879
65.7013        65.1879
65.7052        65.1879
65.7705        65.1879
65.7607        65.1879
65.8055        65.1879
65.8266        65.1879
66.1749        65.1879
66.8285        65.1879
66.7183        65.1879
66.1628        65.1879
65.9367        65.1879
66.0448        65.1879
65.8026        65.1879
65.6408        65.1879
65.7242        65.1879
65.5159        65.1879
65.5732        65.1879
65.5492        65.1879
65.8917        65.1879
65.6176        65.1879
65.734        65.1879
65.8861        65.1879
65.8014        65.1879
65.7396        65.1879
65.7833        65.1879
65.8026        65.1879
66.0179        65.1879
65.6385        65.1879
66.0791        65.1879
66.376        65.1879
65.9294        65.1879
66.1518        65.1879
65.9384        65.1879
66.0047        65.1879
66.1743        65.1879
66.4283        65.1879
66.2215        65.1879
66.1098        65.1879
65.9262        65.1879
65.8816        65.1879
65.7383        65.1879
66.0423        65.1879
65.839        65.1879
65.5556        65.1879
65.9444        65.1879
65.9534        65.1879
65.7779        65.1879
65.7778        65.1879
65.7711        65.1879
65.6757        65.1879
65.7974        65.1879
65.5259        65.1879
65.3197        65.1879
65.3815        65.1879
65.5853        65.1879
65.4951        65.1879
65.9924        65.1879
66.2235        65.1879
66.0618        65.1879
65.9566        65.1879
65.9774        65.1879
65.8099        65.1879
65.72        65.1879
65.5286        65.1879
65.7754        65.1879
65.9139        65.1879
65.8668        65.1879
66.3248        65.1879
65.8598        65.1879
65.918        65.1879
66.3492        65.1879
66.2365        65.1879
66.2707        65.1879
66.0062        65.1879
66.0428        65.1879
66.2836        65.1879
66.0189        65.1879
66.009        65.1879
66.0584        65.1879
65.8841        65.1879
65.8894        65.1879
65.609        65.1879
65.7975        65.1879
65.7428        65.1879
65.5954        65.1879
65.6068        65.1879
65.8725        65.1879
66.6055        65.1879
66.0014        65.1879
65.8376        65.1879
65.7363        65.1879
65.6399        65.1879
65.7262        65.1879
66.0388        65.1879
65.9646        65.1879
65.5277        65.1879
65.8773        65.1879
65.7387        65.1879
65.9838        65.1879
66.1147        65.1879
66.2568        65.1879
66.4502        65.1879
66.5487        65.1879
66.0923        65.1879
65.944        65.1879
66.1092        65.1879
65.9947        65.1879
66.266        65.1879
66.4355        65.1879
66.1698        65.1879
65.8044        65.1879
65.9578        65.1879
65.8461        65.1879
65.7864        65.1879
66.1931        65.1879
65.7184        65.1879
65.6029        65.1879
65.9193        65.1879
65.7428        65.1879
65.7155        65.1879
65.7795        65.1879
65.5708        65.1879
65.8569        65.1879
65.8671        65.1879
66.2838        65.1879
66.0875        65.1879
66.0487        65.1879
65.9939        65.1879
65.8652        65.1879
65.9096        65.1879
65.721        65.1879
65.5669        65.1879
65.5855        65.1879
65.9783        65.1879
65.9302        65.1879
65.6865        65.1879
65.8779        65.1879
65.7111        65.1879
65.8313        65.1879
66.3886        64.8528
65.6307        64.8528
65.8929        64.8528
65.6062        64.8528
65.7392        64.8528
65.4714        64.8528
65.7945        64.8528
65.5952        64.8528
65.8466        64.8528
65.7468        64.8528
65.9064        64.8528
66.0869        64.8528
65.6029        64.8528
65.2309        64.8528
65.3197        64.8528
65.4425        64.8528
65.3337        64.8528
65.4754        64.8528
65.5114        64.8528
65.2875        64.8528
65.2544        64.8528
65.1708        64.8528
65.1724        64.8528
65.3706        64.8528
65.5578        64.8528
65.9314        64.8528
66.4707        64.8528
66.6144        64.8528
66.2683        64.8528
66.0987        64.8528
66.1831        64.8528
66.2864        64.8528
65.8058        64.8528
65.9177        64.8528
65.5909        64.8528
65.1588        64.8528
65.4377        64.8528
65.3221        64.8528
65.5151        64.8528
65.1863        64.8528
65.1601        64.8528
65.545        64.8528
65.6649        64.8528
65.5989        64.8528
65.7189        64.8528
65.4674        64.8528
65.4133        64.8528
65.5204        64.8528
65.4016        64.8528
65.4482        64.8528
65.5431        64.8528
65.5859        64.8528
66.14        64.8528
66.0441        64.8528
65.4261        64.8528
65.6498        64.8528
66.2188        64.8528
65.9002        64.8528
65.758        64.8528
65.1496        64.8528
65.233        64.8528
65.2351        64.8528
65.5817        64.8528
65.4382        64.8528
65.5123        64.8528
65.4463        64.8528
65.6737        64.8528
65.543        64.8528
65.6027        64.8528
65.176        64.8528
65.21        64.8528
65.1165        64.8528
65.1603        64.8528
65.4731        64.8528
65.4359        64.8528
65.6429        64.8528
65.7515        64.8528
65.7909        64.8528
65.9813        64.8528
65.7195        64.8528
65.7695        64.8528
65.1956        64.8528
65.1727        64.8528
65.5981        64.8528
65.8447        64.8528
65.3869        64.8528
65.7519        64.8528
65.5016        64.8528
65.5109        64.8528
65.4051        64.8528
65.8101        64.8528
66.1176        64.8528
65.785        64.8528
65.4932        64.8528
65.1696        64.8528
65.5169        64.8528
65.5888        64.8528
66.2371        64.8528
66.2607        64.8528
65.8411        64.8528
65.6826        64.8528
65.5795        64.8528
65.6006        64.8528
65.3765        64.8528
65.6807        64.8528
65.3808        64.8528
65.5006        64.8528
65.403        64.8528
65.994        64.8528
65.8817        64.8528
66.1999        64.8528
65.5912        64.8528
65.3182        64.8528
65.2138        64.8528
65.5449        64.8528
65.22        64.8528
65.5272        64.8528
65.1777        64.8528
65.2432        64.8528
65.4021        64.8528
65.3435        64.8528
65.4431        64.8528
66.0464        64.8528
65.7044        64.8528
65.7563        64.8528
66.2753        64.8528
66.3372        64.8528
65.8877        64.8528
65.919        64.8528
65.529        64.8528
65.7557        64.8528
65.2827        64.8528
65.5429        64.8528
65.4173        64.8528
65.1609        64.8528
65.0773        64.8528
64.9699        64.8528
65.3839        64.8528
65.3598        64.8528
65.1754        64.8528
65.4267        64.8528
65.7431        64.8528
65.6335        64.8528
65.4798        64.8528
66.2459        64.8528
65.5871        64.8528
65.4485        64.8528
65.4388        64.8528
65.8293        64.8528
65.795        64.8528
65.3745        64.8528
65.231        64.8528
65.3175        64.8528
65.5392        64.8528
65.4547        64.8528
65.2933        64.8528
65.5986        64.8528
65.3549        64.8528
65.928        64.8528
65.5722        64.8528
65.441        64.8528
65.547        64.8528
65.5136        64.8528
65.7851        64.8528
66.0009        64.8528
65.958        64.8528
65.674        64.8528
65.2381        64.8528
65.5154        64.8528
65.3962        64.8528
65.4613        64.8528
65.7118        64.8528
65.4101        64.8528
65.5992        64.8528
65.5759        64.8528
65.5494        64.8528
65.6737        64.8528
65.3628        64.8528
65.3152        64.8528
65.2617        64.8528
65.3327        64.8528
65.536        64.8528
65.4129        64.8528
65.5529        64.8528
65.3138        64.8528
65.2839        64.8528
64.9427        64.8528
65.1442        64.8528
65.3097        64.8528
65.3376        64.8528
65.2671        64.8528
65.2046        64.8528
65.2854        64.8528
65.2625        64.8528
65.3937        64.8528
65.4977        64.8528
65.3906        64.8528
65.42        64.8528
65.3434        64.8528
65.6364        64.8528
65.3839        64.8528
65.3342        64.8528
65.2214        64.8528
65.8285        64.8528
65.7014        64.8528
65.5461        64.8528
65.0726        64.8528
65.0701        64.8528
65.1501        64.8528
65.3228        64.8528
65.4584        64.8528
65.3705        64.8528
65.298        64.8528
65.1558        64.8528
65.8438        64.8528
65.7338        64.8528
66.1019        64.8528
65.5214        64.8528
65.7701        64.8528
65.426        64.8528
65.3143        64.8528
65.6051        64.8528
65.4041        64.8528
65.5637        64.8528
65.3357        64.8528
65.646        64.8528
65.4031        64.8528
65.3728        64.8528
65.4202        64.8528
65.1026        64.8528
65.3676        64.8528
65.4715        64.8528
65.6067        64.8528
65.6031        64.8528
65.4142        64.8528
65.6041        64.8528
65.7177        64.8528
65.7652        64.8528
65.6626        64.8528
65.4526        64.8528
65.2425        64.8528
65.4707        64.8528
65.5611        64.8528
65.3528        64.8528
65.4281        64.8528
65.559        64.8528
65.5808        64.8528
65.8072        64.8528
65.9957        64.8528
65.9293        64.8528
65.7025        64.8528
65.4049        64.8528
65.5389        64.8528
65.711        64.8528
65.8663        64.8528
65.6038        64.8528
65.3116        64.8528
65.7718        64.8528
65.3095        64.8528
65.5939        64.8528
65.7262        64.8528
65.5645        64.8528
65.8935        64.8528
65.8077        64.8528
65.8574        64.8528
65.7287        64.8528
65.6958        64.8528
65.5481        64.8528
65.3071        64.8528
65.3979        64.8528
65.4085        64.8528
65.7665        64.8528
65.3893        64.8528
65.5941        64.8528
65.246        64.8528
65.5341        64.8528
65.7192        64.8528
65.8898        64.8528
65.659        64.8528
65.499        64.8528
65.5874        64.8528
65.5331        64.8528
65.5129        64.8528
65.7002        64.8528
65.4309        64.8528
65.467        64.8528
65.4583        64.8528
65.6921        64.8528
65.5754        64.8528
65.5749        64.8528
65.6561        64.8528
65.4487        64.8528
65.5874        64.8528
65.6339        64.8528
65.9112        64.8528
65.6114        64.8528
65.3407        64.8528
65.692        64.8528
65.3346        64.8528
65.2744        64.8528
65.422        64.8528
65.7077        64.8528
65.4836        64.8528
65.7588        64.8528
65.4607        64.8528
65.747        64.8528
66.1166        64.8528
65.9675        64.8528
66.0806        64.8528
66.6042        64.8528
66.4828        64.8528
65.991        64.8528
66.138        64.8528
65.9932        64.8528
65.5284        64.8528
65.4073        64.8528
65.6921        64.8528
65.5804        64.8528
65.7904        64.8528
65.5225        64.8528
65.8453        64.8528
65.6295        64.8528
65.568        64.8528
65.3555        64.8528
65.1226        64.8528
65.1642        64.8528
65.3036        64.8528
65.2087        64.8528
64.955        64.8528
65.0798        64.8528
65.0687        64.8528
65.0673        64.8528
65.2699        64.8528
65.5213        64.8528
66.1647        64.8528
65.8104        64.8528
65.0655        64.8528
65.0812        64.8528
65.1572        64.8528
65.2907        64.8528
65.2512        64.8528
65.3925        64.8528
65.5195        64.8528
65.2266        64.8528
65.3696        64.8528
65.1948        64.8528
65.205        64.8528
65.4285        64.8528
65.7363        64.8528
65.7046        64.8528
66.2879        64.8528
65.6142        64.8528
65.2115        64.8528
65.5429        64.8528
65.3759        64.8528
65.5575        64.8528
65.5371        64.8528
65.2652        64.8528
65.1522        64.8528
65.4653        64.8528
65.2799        64.8528
65.7723        64.8528
65.7667        64.8528
65.6372        64.8528
65.7238        64.8528
66.032        64.8528
65.6499        64.8528
65.5785        64.8528
65.3352        64.8528
65.3169        64.8528
65.5051        64.8528
65.6207        64.8528
65.4899        64.8528
65.3601        64.8528
65.3961        64.8528
65.1885        64.8528
65.2945        64.8528
65.4764        64.8528
65.4469        64.8528
65.599        64.8528
65.4682        64.8528
65.5629        64.8528
65.6608        64.8528
65.699        64.8528
65.8155        64.8528
65.4666        64.8528
65.5782        64.8528
65.317        64.8528
65.1927        64.8528
65.1049        64.8528
65.5368        64.8528
65.5589        64.8528
66.1614        64.8528
66.0776        64.8528
65.8392        64.8528
65.5024        64.8528
65.9851        64.8528
65.5357        64.8528
65.7157        64.8528
65.3832        64.8528
65.8814        64.8528
65.6331        64.8528
65.865        64.8528
66.1141        64.8528
66.1308        64.8528
65.6732        64.8528
65.7411        64.8528
65.6585        64.8528
65.5503        64.8528
65.6432        64.8528
65.367        64.8528
65.5789        64.8528
65.8744        64.8528
65.6526        64.8528
65.7774        64.8528
66.1948        64.8528
65.8965        64.8528
65.4896        64.8528
65.3429        64.8528
65.8743        64.8528
65.6691        64.8528
65.9033        64.8528
65.7421        64.8528
65.475        64.8528
65.3946        64.8528
65.3483        64.8528
65.1665        64.8528
65.4545        64.8528
65.6072        64.8528
66.0851        64.8528
65.7809        64.8528
65.7241        64.8528
65.5113        64.8528
65.9729        64.8528
66.3955        64.8528
65.7081        64.8528
65.7105        64.8528
65.5464        64.8528
65.5527        64.8528
65.794        64.8528
65.8239        64.8528
65.338        64.8528
65.3573        64.8528
65.4633        64.8528
65.2865        64.8528
65.6289        64.8528
65.7133        64.8528
65.8711        64.8528
65.7705        64.8528
65.7786        64.8528
66.0047        64.8528
65.7878        64.8528
65.6841        64.8528
66.0026        64.8528
65.8548        64.8528
65.449        64.8528
65.5938        64.8528
65.3359        64.8528
65.3735        64.8528
65.4725        64.8528
65.4661        64.8528
65.6382        64.8528
65.4167        64.8528
66.1757        64.8528
65.971        64.8528
65.83        64.8528
65.7643        64.8528
65.6397        64.8528
65.8867        64.8528
65.348        64.8528
65.34        64.8528
65.6924        64.8528
65.8003        64.8528
66.2656        64.8528
65.8254        64.8528
65.4099        64.8528
65.3264        64.8528
65.6704        64.8528
65.7273        64.8528
65.8345        64.8528
65.5841        64.8528
65.6416        64.8528
65.6037        64.8528
65.5938        64.8528
65.4399        64.8528
65.5899        64.8528
65.5305        64.8528
65.3467        64.8528
65.4282        64.8528
65.4682        64.8528
65.4176        64.8528
65.3479        64.8528
65.5349        64.8528
65.6634        64.8528
65.5399        64.8528
65.4965        64.8528
65.6386        64.8528
65.4528        64.8528
65.6925        64.8528
65.2694        64.8528
65.54        64.8528
65.6793        64.8528
65.4587        64.8528
65.4972        64.8528
65.6311        64.8528
65.2338        64.8528
65.5864        64.8528
65.6819        64.8528
65.5619        64.8528
65.3483        64.8528
65.796        64.8528
66.0495        64.8528
66.0306        64.8528
65.8526        64.8528
65.7022        64.8528
65.4049        64.8528
65.3801        64.8528
65.6201        64.8528
65.7953        64.8528
66.0696        64.8528
66.1206        64.8528
65.9079        64.8528
65.8        64.8528
65.3186        64.8528
65.2178        64.8528
65.4731        64.8528
65.9779        64.8528
65.7122        64.8528
65.7036        64.8528
65.4091        64.8528
65.9431        64.8528
65.2576        64.8528
65.2294        64.8528
65.5594        64.8528
65.4679        64.8528
65.9431        64.8528
66.4807        64.8528
65.9454        64.8528
66.0276        64.8528
65.5219        64.8528
65.2826        64.8528
65.6355        64.8528
65.1537        64.8528
65.3936        64.8528
65.5025        64.8528
65.4793        64.8528
65.5439        64.8528
65.6529        64.8528
65.6201        64.8528
65.6609        64.8528
65.8799        64.8528
65.818        64.8528
65.8402        64.8528
65.7206        64.8528
65.8491        64.8528
65.6434        64.8528
65.4796        64.8528
65.6442        64.8528
65.529        64.8528
65.271        64.8528
65.2092        64.8528
65.4865        64.8528
65.4956        64.8528
65.4392        64.8528
65.3405        64.8528
65.0866        64.8528
65.0923        64.8528
65.0892        64.8528
65.6801        64.8528
65.6564        64.8528
65.3973        64.8528
65.4125        64.8528
65.0262        64.8528
65.061        64.8528
65.1558        64.8528
65.6296        64.8528
65.6126        64.8528
65.337        64.8528
65.5673        64.8528
65.5718        64.8528
65.8989        64.8528
65.6301        64.8528
65.283        64.8528
65.3386        64.8528
65.3904        64.8528
65.9388        64.8528
65.8837        64.8528
65.5337        64.8528
65.6633        64.8528
65.6722        64.8528
65.4284        64.8528
65.3809        64.8528
65.3999        64.8528
65.1633        64.8528
65.4565        64.8528
65.3957        64.8528
65.5063        64.8528
65.9207        64.8528
65.7266        64.8528
65.6656        64.8528
65.3801        64.8528
65.2465        64.8528
65.2979        64.8528
65.2843        64.8528
65.312        64.8528
65.2256        64.8528
65.4827        64.8528
65.531        64.8528
65.5444        64.8528
65.344        64.8528
65.4355        64.8528
65.8788        64.8528
65.5824        64.8528
65.5052        64.8528
65.5002        64.8528
65.4672        64.8528
65.4324        64.8528
65.3039        64.8528
65.2535        64.8528
65.4139        64.8528
65.8853        64.8528
65.6994        64.8528
65.4256        64.8528
65.849        64.8528
65.6449        64.8528
65.4465        64.8528
65.9234        64.8528
66.0154        64.8528
65.6528        64.8528
65.8397        64.8528
66.0502        64.8528
65.7598        64.8528
65.4914        64.8528
65.4802        64.8528
65.4612        64.8528
65.1491        64.8528
65.1527        64.8528
65.4705        64.8528
65.4626        64.8528
65.4886        64.8528
65.0132        64.8528
65.1701        64.8528
65.5543        64.8528
66.1741        64.8528
65.6417        64.8528
65.3946        64.8528
65.3665        64.8528
65.7057        64.8528
65.6851        64.8528
65.7627        64.8528
65.7578        64.8528
65.6647        64.8528
65.6354        64.8528
65.8772        64.8528
65.6482        64.8528
65.8163        64.8528
65.3848        64.8528
65.3291        64.8528
65.5522        64.8528
65.8353        64.8528
65.8873        64.8528
65.9381        64.8528
65.901        64.8528
65.1537        64.8528
65.1733        64.8528
64.914        64.8528
65.1316        64.8528
65.3121        64.8528
65.1442        64.8528
65.3224        64.8528
65.6922        64.8528
65.5481        64.8528
65.4868        64.8528
65.5589        64.8528
65.3163        64.8528
65.3153        64.8528
65.4535        64.8528
65.1965        64.8528
65.2062        64.8528
65.3067        64.8528
65.5157        64.8528
65.2762        64.8528
65.5986        64.8528
65.372        64.8528
65.1973        64.8528
65.4037        64.8528
65.2767        64.8528
65.1496        64.8528
65.3562        64.8528
65.5665        64.8528
65.4734        64.8528
65.7704        64.8528
65.5634        64.8528
65.7557        64.8528
65.6422        64.8528
65.9532        64.8528
65.3528        64.8528
65.3905        64.8528
65.2619        64.8528
65.5313        64.8528
65.6575        64.8528
65.5905        64.8528
65.8112        64.8528
65.6393        64.8528
65.5203        64.8528
65.6801        64.8528
65.4751        64.8528
65.3163        64.8528
65.3487        64.8528
65.6574        64.8528
65.7798        64.8528
65.8979        64.8528
65.5785        64.8528
65.9675        64.8528
65.8362        64.8528
65.3847        64.8528
65.6198        64.8528
65.4509        64.8528
66.0168        64.8528
65.7924        64.8528
66.2013        64.8528
65.5993        64.8528
65.3356        64.8528
65.4355        64.8528
65.4695        64.8528
65.2586        64.8528
65.1896        64.8528
65.2315        64.8528
65.2648        64.8528
65.238        64.8528
65.1726        64.8528
65.6657        64.8528
65.4878        64.8528
65.5734        64.8528
65.8268        64.8528
65.6047        64.8528
65.4913        64.8528
65.2502        64.8528
65.285        64.8528
65.0731        64.8528
65.6559        64.8528
65.5944        64.8528
65.4681        64.8528
65.3334        64.8528
65.5305        64.8528
65.5359        64.8528
65.4794        64.8528
65.3042        64.8528
65.4783        64.8528
65.3048        64.8528
65.6586        64.8528
65.6706        64.8528
65.8681        64.8528
65.9641        64.8528
65.4558        64.8528
65.5615        64.8528
65.4395        64.8528
65.5626        64.8528
65.2629        64.8528
65.0632        64.8528
65.3834        64.8528
65.7495        64.8528
65.7959        64.8528
66.412        64.8528
65.6517        64.8528
66.005        64.8528
65.5858        64.8528
65.1769        64.8528
65.2253        64.8528
65.3181        64.8528
65.5307        64.8528
65.3696        64.8528
65.5496        64.8528
65.5838        64.8528
65.721        64.8528
65.8974        64.8528
65.7617        64.8528
65.4965        64.8528
65.5338        64.8528
65.2111        64.8528
65.3497        64.8528
65.3596        64.8528
65.5092        64.8528
65.8047        64.8528
65.5694        64.8528
65.8537        64.8528
65.8026        64.8528
65.9941        64.8528
65.6835        64.8528
65.8812        64.8528
65.8494        64.8528
65.5927        64.8528
65.6607        64.8528
65.5946        64.8528
65.6586        64.8528
65.6338        64.8528
65.4614        64.8528
66.0002        64.8528
65.7242        64.8528
65.5541        64.8528
65.2321        64.8528
65.0725        64.8528
65.6209        64.8528
65.5493        64.8528
66.1291        64.8528
65.605        64.8528
65.9893        64.8528
66.0448        64.8528
66.2144        64.8528
66.2764        64.8528
66.3581        64.8528
66.1414        64.8528
66.414        64.8528
65.7291        64.8528
65.9281        64.8528
66.0014        64.8528
65.8478        64.8528
65.6314        64.8528
65.5042        64.8528
65.7475        64.8528
65.9755        64.8528
65.7535        64.8528
65.8488        64.8528
65.761        64.8528
65.6856        64.8528
65.6448        64.8528
65.7608        64.8528
65.2766        64.8528
65.6336        64.8528
65.5181        64.8528
66.1501        64.8528
65.5334        64.8528
65.3018        64.8528
65.1105        64.8528
65.4157        64.8528
65.5699        64.8528
65.4776        64.8528
65.3528        64.8528
65.1832        64.8528
65.3355        64.8528
65.6363        64.8528
65.8745        64.8528
66.0741        64.8528
66.049        64.8528
65.7262        64.8528
65.9338        64.8528
65.5319        64.8528
65.4889        64.8528
65.4992        64.8528
65.777        64.8528
65.7723        64.8528
65.382        64.8528
65.2986        64.8528
65.5141        64.8528
65.5201        64.8528
65.1918        64.8528
65.2621        64.8528
65.6579        64.8528
65.8004        64.8528
65.354        64.8528
65.4854        64.8528
65.3222        64.8528
65.6984        64.8528
65.5862        64.8528
65.2588        64.8528
65.6223        64.8528
65.2718        64.8528
65.3319        64.8528
65.081        64.8528
65.6554        64.8528
65.7627        64.8528
65.1972        64.8528
65.4214        64.8528
65.8943        64.8528
65.7439        64.8528
65.689        64.8528
65.468        64.8528
65.3629        64.8528
65.8392        64.8528
65.9352        64.8528
65.5577        64.8528
65.8069        64.8528
65.4572        64.8528
65.5297        64.8528
65.3048        64.8528
65.5166        64.8528
65.3915        64.8528
65.6093        64.8528
65.4794        64.8528
65.1444        64.8528
65.0613        64.8528
65.2528        64.8528
65.3014        64.8528
65.514        64.8528
65.6031        64.8528
65.737        64.8528
65.6363        64.8528
65.4788        64.8528
65.4619        64.8528
65.512        64.8528
65.4993        64.8528
65.3134        64.8528
65.281        64.8528
65.5087        64.8528
65.2998        64.8528
65.2532        64.8528
65.2745        64.8528
65.2706        64.8528
65.3775        64.8528
65.2511        64.8528
65.4154        64.8528
65.4681        64.8528
65.5048        64.8528
65.5641        64.8528
65.4328        64.8528
65.5196        64.8528
65.2606        64.8528
65.0795        64.8528
65.1909        64.8528
65.7474        64.8528
65.3362        64.8528
65.3814        64.8528
65.1844        64.8528
65.1608        64.8528
65.3468        64.8528
65.331        64.8528
65.1851        64.8528
65.2085        64.8528
65.3091        64.8528
65.4236        64.8528
65.5489        64.8528
65.5131        64.8528
65.6595        64.8528
65.4694        64.8528
65.7591        64.8528
65.5307        64.8528
65.6991        64.8528
65.687        64.8528
65.6684        64.8528
65.7157        64.8528
65.4738        64.8528
65.514        64.8528
65.616        64.8528
65.7006        64.8528
66.0069        64.8528
65.8354        64.8528
65.7378        64.8528
65.4208        64.8528
65.3893        64.8528
65.9113        64.8528
65.6        64.8528
65.5119        64.8528
65.2934        64.8528
65.2655        64.8528
65.4178        64.8528
65.3007        64.8528
65.6926        64.8528
65.7886        64.8528
65.4358        64.8528
65.2047        64.8528
65.1123        64.8528
65.3524        64.8528
65.9308        64.8528
66.1857        64.8528
66.2685        64.8528
65.4437        64.8528
65.7402        64.8528
65.4097        64.8528
65.4255        64.8528
65.5362        64.8528
65.8099        64.8528
65.6806        64.8528
66.0896        64.8528
66.1413        64.8528
65.8776        64.8528
65.871        64.8528
66.0513        64.8528
66.0539        64.8528
65.5496        64.8528
65.4278        64.8528
65.2756        64.8528
65.3727        64.8528
65.5331        64.8528
65.8185        64.8528
66.0301        64.8528
65.5478        64.8528
65.6294        64.8528
65.6204        64.8528
65.6704        64.8528
