1 2 12 3 21 9 7 19 25 4 15 23 13 33 17 31 5 11 22 20 32 24 10 29 30 28 6 27 34 18 26 8 14 16 
1 32 13 12 17 34 16 8 24 10 14 7 9 19 4 6 5 28 2 20 25 26 21 3 15 30 33 23 27 22 18 29 31 11 
1 17 25 4 2 22 10 23 33 27 19 30 3 31 20 15 9 34 24 14 12 8 21 11 7 5 13 26 16 28 6 32 18 29 
1 4 7 32 19 16 33 31 12 6 18 30 2 22 24 29 9 17 23 14 8 15 13 26 28 21 34 25 27 3 11 10 20 5 
1 25 18 24 27 4 3 34 5 16 20 31 9 14 33 12 8 21 11 7 17 19 30 22 13 2 26 15 10 28 23 6 32 29 
1 29 24 4 22 3 34 5 25 31 20 15 9 14 33 27 12 16 11 19 6 8 13 2 21 10 23 26 32 7 17 30 28 18 
1 25 29 24 27 4 3 34 5 31 20 15 9 14 33 12 8 21 11 7 17 19 30 22 16 18 2 26 32 10 23 13 28 6 
1 29 24 4 3 34 5 25 31 20 15 28 11 17 9 16 26 32 10 23 13 2 12 7 33 19 22 30 18 6 8 21 27 14 
1 29 24 4 3 34 5 25 31 20 15 28 11 17 18 22 9 16 26 32 10 23 13 2 12 7 33 19 30 6 8 21 27 14 
1 29 24 4 3 34 5 25 6 20 15 28 11 17 9 16 26 32 10 23 13 2 12 7 33 19 14 31 8 21 22 30 27 18 
1 4 25 5 29 24 22 3 34 18 31 20 15 30 28 11 17 9 16 26 32 10 23 13 2 12 7 33 19 6 8 21 27 14 
1 29 24 4 3 34 5 25 18 22 31 20 7 12 15 28 11 17 9 16 26 32 10 23 13 2 33 19 14 6 8 21 30 27 
1 31 25 5 34 3 24 29 4 14 21 8 6 30 22 19 33 7 28 15 10 18 20 11 17 9 16 26 32 23 13 2 12 27 
1 29 4 34 30 22 24 18 25 14 27 21 5 31 20 15 28 11 17 9 16 26 32 10 23 13 2 12 7 33 19 3 6 8 
1 29 4 25 18 24 22 30 34 14 27 21 8 6 3 19 33 7 12 2 13 23 10 32 26 16 9 17 11 28 15 20 31 5 
1 34 30 22 24 29 32 25 4 14 27 21 3 18 5 31 20 26 16 17 9 11 28 15 10 23 13 2 12 7 33 19 8 6 
1 29 34 30 22 24 18 25 4 5 31 20 15 28 11 17 9 16 26 3 27 32 10 21 8 6 23 13 2 12 7 33 19 14 
1 34 30 22 24 29 18 12 2 13 23 6 8 21 10 26 32 27 3 9 17 11 16 28 15 20 31 5 4 25 7 33 19 14 
1 4 25 34 29 30 22 24 18 5 31 20 15 17 11 28 9 16 3 27 32 26 10 21 8 6 23 13 14 2 12 7 33 19 
1 34 30 22 24 29 18 25 4 5 31 20 15 28 11 17 9 16 3 27 32 26 10 21 8 6 23 13 2 12 7 33 19 14 
1 34 29 30 22 24 18 25 4 5 31 20 15 28 16 11 17 9 3 27 32 26 10 21 8 6 23 13 2 12 7 33 19 14 
1 29 34 30 22 24 18 25 4 5 31 20 15 14 19 33 7 12 2 13 23 6 8 21 10 11 17 9 3 28 16 26 27 32 
1 29 18 24 22 30 34 14 19 33 7 12 2 13 16 11 17 9 3 27 32 26 10 21 8 6 23 28 15 20 31 5 25 4 
1 29 18 24 22 30 34 14 19 33 7 12 2 13 16 11 17 9 32 27 3 26 10 21 8 6 23 28 15 20 31 5 4 25 
1 6 8 21 10 26 3 27 32 9 17 11 16 13 2 12 7 33 19 14 34 30 22 24 18 29 4 28 15 20 31 5 25 23 
1 29 18 24 32 9 17 11 16 13 2 12 7 33 19 14 34 30 22 27 3 26 10 21 8 6 23 28 15 20 31 5 25 4 
1 29 18 24 32 9 17 11 16 13 2 12 7 33 22 30 34 14 19 26 3 27 10 21 8 6 23 28 15 20 31 5 25 4 
1 29 18 24 22 30 34 14 19 33 7 12 2 26 16 11 17 9 32 3 27 13 10 21 8 6 23 28 15 20 31 5 25 4 
1 29 18 24 22 30 34 14 32 9 17 11 16 13 2 12 7 33 19 20 15 28 23 6 27 3 26 10 21 8 31 5 25 4 
1 5 17 9 32 14 27 13 10 21 8 6 2 26 16 11 31 20 15 28 23 12 7 33 19 3 34 30 22 24 18 29 4 25 
1 29 18 24 22 30 34 14 19 33 7 12 2 26 16 11 31 20 15 28 23 6 8 21 10 13 27 3 32 9 17 5 25 4 
1 29 18 24 22 30 34 14 19 33 7 12 2 26 16 11 31 20 15 28 23 6 8 21 10 13 27 3 32 9 17 5 25 4 
1 29 18 24 22 30 34 14 19 33 7 12 2 26 16 11 31 17 9 32 3 27 13 10 21 8 6 23 28 15 20 5 25 4 
1 6 8 21 10 13 27 3 32 9 17 11 16 26 2 12 7 33 19 14 34 30 22 24 18 29 4 25 5 15 20 28 31 23 
1 27 3 32 9 17 31 11 16 26 2 12 7 33 19 14 34 30 22 24 18 29 4 10 21 8 6 23 28 15 20 5 25 13 
1 29 18 24 22 30 34 14 19 26 2 7 12 33 16 11 31 17 9 32 3 5 13 10 21 8 6 23 28 15 20 27 25 4 
1 29 18 24 22 30 34 14 26 19 33 7 12 2 16 11 31 17 9 32 3 27 13 10 21 8 6 23 28 15 20 5 25 4 
1 29 18 24 22 30 34 14 26 19 33 7 12 2 16 11 31 17 9 32 3 27 13 10 21 8 6 23 28 15 20 5 25 4 
1 29 18 24 20 15 28 23 6 8 21 10 13 27 3 32 9 17 31 11 16 2 12 7 33 19 26 14 34 30 22 5 25 4 
1 29 18 24 3 32 9 17 31 11 16 2 12 7 33 19 26 14 34 30 22 27 13 10 21 8 6 23 28 15 20 5 25 4 
1 29 18 24 22 30 34 14 3 32 9 17 31 11 16 2 12 7 33 19 26 27 13 10 21 8 6 23 28 15 20 5 25 4 
1 29 18 24 3 32 9 17 31 11 16 2 12 7 33 19 26 14 34 30 22 27 13 10 21 8 6 23 28 15 20 5 25 4 
1 18 29 4 25 5 20 15 28 9 17 31 11 16 2 12 7 33 19 26 14 34 30 24 3 32 22 27 13 10 21 8 6 23 
1 20 15 28 29 18 24 22 3 32 9 17 31 11 16 2 12 7 33 19 26 14 34 30 27 13 4 10 21 8 6 23 5 25 
1 29 18 24 3 32 9 17 31 11 16 2 12 7 33 19 26 14 34 30 22 27 13 10 21 8 6 23 28 15 20 5 25 4 
1 29 18 24 3 32 9 17 31 11 16 2 12 7 33 19 26 14 34 30 22 27 13 10 21 8 6 23 28 15 20 5 25 4 
1 29 18 24 3 8 21 10 13 27 22 30 34 14 32 9 17 31 11 16 2 12 7 33 19 26 28 6 23 15 20 5 25 4 
1 29 18 24 3 32 9 14 26 19 16 7 12 2 33 11 31 17 34 30 22 27 13 10 28 8 6 23 21 15 20 5 25 4 
1 5 20 15 28 23 6 8 21 10 13 27 22 30 18 24 3 32 9 17 31 11 33 2 12 7 16 19 26 14 34 29 4 25 
1 29 18 24 3 32 9 17 31 11 33 2 12 7 16 19 26 14 34 30 22 27 13 10 28 8 6 23 21 15 20 5 25 4 
1 2 12 7 16 19 29 34 14 26 33 11 31 17 9 32 3 24 18 30 22 27 13 10 28 8 6 23 21 15 20 5 25 4 
1 29 18 24 34 14 26 19 16 7 12 2 33 11 31 17 9 32 3 30 4 22 27 13 10 28 8 6 23 21 15 20 5 25 
1 29 18 24 34 14 26 19 16 7 12 2 33 11 31 17 9 32 3 30 22 27 13 10 28 8 6 23 21 15 20 5 25 4 
1 29 18 24 34 14 26 19 16 7 12 2 33 11 31 17 9 32 3 30 22 27 13 10 28 8 6 23 21 15 20 5 25 4 
1 29 18 24 34 14 26 19 16 7 12 2 33 11 31 17 9 32 3 30 22 27 13 10 28 8 6 23 21 15 20 5 25 4 
1 29 18 24 34 14 26 19 16 7 12 2 33 11 31 17 9 32 3 30 22 27 13 10 28 8 6 23 21 15 20 5 25 4 
1 29 18 24 34 14 26 19 16 7 12 2 33 4 31 17 9 32 3 30 22 27 13 10 28 8 6 23 21 15 20 5 25 11 
1 29 18 24 34 14 26 19 16 7 2 12 33 11 31 17 9 32 3 30 22 27 13 10 28 8 6 23 21 15 20 5 25 4 
1 29 18 24 34 14 26 19 16 7 2 12 33 11 31 17 9 32 3 30 22 27 13 10 28 8 6 23 21 15 20 5 25 4 
1 29 18 24 34 14 26 19 16 7 2 12 33 11 31 17 9 32 3 30 22 27 13 10 28 8 6 23 21 15 20 5 25 4 
1 2 7 16 19 26 14 34 24 18 29 12 33 11 31 17 9 32 3 30 22 27 13 10 28 8 6 23 21 15 20 5 25 4 
1 29 4 24 34 14 26 19 16 7 2 12 33 11 31 17 9 32 3 30 22 27 13 10 28 8 6 23 21 15 20 5 25 18 
1 29 18 24 34 14 26 19 16 2 7 12 33 11 31 17 9 32 3 30 22 27 13 10 28 8 6 23 21 15 20 5 25 4 
1 29 18 24 34 14 26 19 16 2 7 12 33 11 31 17 9 32 3 30 22 27 13 10 28 8 6 23 21 15 20 5 25 4 
1 29 18 24 34 14 26 19 16 2 7 12 33 11 31 17 9 32 3 30 22 27 13 10 28 8 23 6 21 15 20 5 25 4 
1 29 18 24 34 14 26 19 16 2 28 12 33 11 31 17 9 32 3 30 22 27 13 10 7 8 23 6 21 15 20 5 25 4 
1 29 18 24 34 14 26 19 16 2 7 12 33 11 31 17 9 32 3 30 22 27 13 10 28 8 23 6 21 15 20 5 25 4 
1 29 18 24 34 14 26 19 16 2 7 12 33 11 31 17 9 32 3 30 22 27 13 10 28 8 23 6 21 15 20 5 25 4 
1 29 18 24 34 15 21 6 23 8 28 10 13 27 22 30 3 32 9 17 31 11 33 12 14 26 20 7 2 16 19 5 25 4 
1 29 18 24 34 14 26 15 21 6 23 8 28 10 13 27 22 30 3 32 19 16 2 7 12 33 11 31 17 9 20 5 25 4 
1 29 18 24 34 14 26 15 21 6 23 8 28 10 13 27 22 30 3 32 20 9 19 16 2 7 12 33 11 31 17 5 25 4 
1 29 18 24 34 32 26 15 21 23 14 6 8 28 10 13 27 22 30 3 20 9 19 16 2 7 12 33 11 31 25 5 17 4 
1 29 18 24 34 14 26 15 21 6 23 8 28 10 13 27 22 30 3 32 20 9 19 16 2 7 12 33 11 31 17 5 25 4 
1 20 14 3 30 22 26 15 21 6 23 8 28 10 13 27 32 34 24 18 29 4 5 9 19 16 2 7 12 33 11 31 17 25 
1 29 18 24 34 32 26 15 21 6 23 8 28 10 13 27 22 30 3 14 20 9 19 16 2 7 12 33 11 31 17 5 25 4 
1 29 18 24 34 14 26 15 13 6 23 8 28 10 21 27 22 30 3 32 20 9 19 16 2 12 7 33 11 31 17 5 25 4 
1 29 18 24 34 32 26 15 13 6 23 8 28 10 21 27 22 30 3 14 20 9 19 16 2 12 7 33 11 31 17 5 25 4 
1 29 18 24 34 14 26 15 13 6 23 8 28 10 21 27 22 30 3 32 20 9 19 16 2 12 7 33 11 31 17 5 25 4 
1 29 18 24 34 32 14 26 15 13 6 23 8 28 10 21 9 20 30 3 22 27 19 16 2 12 7 33 11 31 17 5 25 4 
1 29 18 24 34 14 26 15 13 6 23 8 28 10 21 27 22 30 3 32 20 9 19 16 2 12 7 33 11 31 17 5 25 4 
1 29 18 24 34 32 26 15 13 6 23 8 28 10 21 27 22 30 3 14 20 9 19 16 2 12 7 33 11 31 17 5 25 4 
1 29 18 24 34 32 26 15 13 6 23 8 28 10 21 22 27 30 3 14 20 16 9 19 2 12 7 33 11 31 17 5 25 4 
1 29 18 24 34 32 26 15 13 6 33 7 12 2 16 19 9 20 3 14 30 27 22 21 10 28 8 23 11 31 17 5 25 4 
1 29 18 24 34 32 26 15 27 13 6 23 8 28 10 21 22 30 3 14 20 9 19 16 2 12 7 33 11 31 17 5 25 4 
1 29 18 24 34 32 26 15 27 6 23 8 28 10 21 13 22 30 3 14 5 20 9 19 16 2 12 7 33 11 31 17 25 4 
1 29 18 24 34 32 26 15 13 6 23 8 28 10 21 22 27 30 3 14 20 9 19 16 2 12 7 33 11 31 17 5 25 4 
1 29 18 24 34 32 26 15 27 6 23 8 28 10 21 14 13 4 25 5 17 22 31 3 20 9 19 16 2 12 7 33 11 30 
1 29 18 24 34 32 26 15 27 6 23 8 28 10 21 13 22 30 3 14 20 9 19 16 2 12 7 33 11 31 17 5 25 4 
1 29 18 24 34 32 26 15 27 6 23 8 28 10 21 13 22 30 3 14 20 9 19 16 2 12 7 33 11 31 17 5 25 4 
1 29 18 24 34 32 26 15 27 6 23 8 28 10 21 13 22 30 3 14 20 9 19 16 2 12 7 33 11 31 17 5 25 4 
1 29 18 24 34 32 26 15 27 6 23 8 28 10 21 13 22 30 3 14 20 9 19 16 2 12 7 33 11 31 17 5 25 4 
1 29 18 24 34 32 26 15 27 6 23 8 28 21 7 12 2 16 19 9 20 14 3 30 22 13 10 33 11 31 17 5 25 4 
1 29 18 24 34 32 26 15 27 6 23 8 28 21 10 13 22 30 3 14 20 9 19 16 2 12 7 33 11 31 17 5 25 4 
1 29 18 24 34 32 26 15 27 6 23 8 28 21 10 13 22 30 3 14 20 9 19 16 2 12 7 33 11 31 17 5 25 4 
1 29 18 24 34 32 26 15 27 22 6 23 8 28 21 10 13 30 3 14 20 9 19 16 2 12 7 33 11 31 17 5 25 4 
1 29 18 24 34 32 26 15 27 22 6 23 8 28 21 10 13 30 3 14 20 9 19 16 2 12 7 33 11 31 17 5 25 4 
1 29 18 24 34 32 26 15 27 22 6 23 8 28 10 21 13 3 30 14 20 9 19 16 2 12 7 33 11 31 17 5 25 4 
1 29 18 24 34 32 26 15 27 22 6 23 8 28 21 10 13 30 3 14 20 9 19 16 2 12 7 33 11 31 17 5 25 4 
1 9 20 14 3 30 12 10 21 28 29 18 24 34 32 26 15 27 22 6 5 8 13 19 16 2 7 33 11 31 17 23 25 4 
1 29 18 24 34 32 26 15 27 22 6 23 8 28 21 10 13 3 30 14 20 9 19 16 2 12 7 33 11 31 17 5 25 4 
1 29 18 24 34 32 26 15 27 22 6 23 8 28 21 10 13 3 30 14 20 9 19 16 2 12 7 33 11 31 17 5 25 4 
1 29 18 24 34 32 26 30 27 22 6 23 8 28 21 10 13 3 15 14 20 9 19 16 2 12 7 33 11 31 17 5 25 4 
1 29 18 24 34 32 26 30 27 22 6 23 8 28 21 10 13 3 15 14 20 9 19 16 2 12 33 7 11 31 17 5 25 4 
1 29 18 24 34 32 26 15 27 30 22 6 23 8 28 21 10 13 3 14 20 9 19 16 2 12 7 33 11 31 17 5 25 4 
1 29 18 10 34 32 26 30 27 22 6 23 8 28 21 24 13 3 15 14 20 9 19 16 2 12 7 33 11 31 17 5 25 4 
1 29 18 24 34 32 26 15 27 30 22 6 23 8 28 21 10 13 3 14 20 9 19 16 2 12 7 33 11 31 17 5 25 4 
1 29 18 24 34 32 26 15 27 30 22 6 23 8 28 21 10 13 3 14 20 9 19 16 2 12 7 33 11 31 17 5 25 4 
1 29 18 24 34 32 26 15 27 30 22 6 23 8 28 21 10 13 3 14 20 9 19 16 2 12 7 33 11 31 17 5 25 4 
1 29 18 24 34 32 26 3 27 30 22 6 23 8 28 15 21 10 13 14 20 9 19 16 2 12 7 33 11 31 17 5 25 4 
1 29 18 24 34 32 26 3 27 30 22 6 23 8 28 21 10 13 15 14 20 9 19 16 2 12 7 33 11 31 17 5 25 4 
1 29 18 24 34 32 26 15 27 30 22 6 28 8 23 31 21 10 13 3 14 20 9 19 16 2 12 7 33 11 17 5 25 4 
1 29 18 24 34 32 26 3 15 27 30 22 6 23 8 28 21 10 13 14 20 9 19 16 2 12 7 33 11 31 17 5 25 4 
1 29 18 24 34 32 15 3 27 30 22 6 23 8 28 21 10 13 26 14 20 9 19 16 2 12 7 33 11 31 17 5 25 4 
1 29 18 24 34 32 2 16 19 9 20 14 26 13 10 21 28 8 23 6 22 30 27 3 15 12 7 33 11 31 17 5 25 4 
1 29 18 24 34 32 15 3 27 30 22 6 23 8 28 21 13 10 26 14 20 9 19 16 2 12 7 33 11 31 17 5 25 4 
1 29 18 24 34 32 15 3 27 30 22 6 23 8 28 21 13 10 26 14 20 9 19 16 2 12 7 33 11 31 17 5 25 4 
1 29 18 24 34 32 15 3 27 30 22 6 23 8 28 21 13 10 26 14 20 9 19 16 2 12 7 33 11 31 17 5 25 4 
1 29 18 24 34 32 15 3 27 30 22 6 23 8 28 21 13 10 26 14 20 9 19 16 2 17 12 7 33 11 31 5 25 4 
1 29 18 24 34 32 15 3 27 30 22 6 23 8 28 21 13 10 26 14 20 9 19 16 2 12 7 33 11 31 17 5 25 4 
1 9 20 14 26 10 13 21 28 8 23 6 22 30 27 3 15 29 18 24 34 32 19 16 2 12 7 33 11 31 17 5 25 4 
1 29 18 24 34 32 15 3 27 30 22 14 26 10 13 21 28 8 23 6 12 20 9 19 16 2 7 33 11 31 17 5 25 4 
1 29 18 24 34 32 15 3 27 30 22 6 23 8 28 21 13 10 26 14 20 9 19 16 2 12 7 33 11 31 17 5 25 4 
1 29 18 24 34 32 15 3 27 30 22 6 23 8 28 21 13 10 26 14 20 9 19 16 2 12 7 33 11 31 17 5 25 4 
1 29 18 24 34 32 15 3 27 30 22 6 23 8 28 21 13 10 26 14 20 9 19 16 2 12 7 33 11 31 17 5 25 4 
1 29 18 13 21 28 8 23 6 30 22 27 3 15 32 34 24 10 26 14 20 9 19 16 2 12 7 33 11 31 17 5 25 4 
1 3 18 24 34 32 15 29 4 25 5 17 31 11 33 7 12 2 16 19 9 20 14 26 10 13 21 28 8 23 6 22 30 27 
1 29 18 24 34 32 15 3 27 30 22 6 23 8 28 21 13 10 26 14 20 9 19 16 2 12 7 33 11 31 17 5 25 4 
1 29 18 24 34 32 15 3 27 30 22 6 23 9 28 21 13 10 26 14 20 8 19 16 2 12 7 33 11 31 17 5 25 4 
1 29 18 24 27 3 15 32 34 30 22 6 23 8 28 21 13 10 26 14 20 9 19 16 2 12 7 33 11 31 17 5 25 4 
1 29 18 24 34 32 15 3 27 30 22 6 23 8 28 21 13 10 26 14 20 9 19 16 2 12 7 33 11 31 17 5 25 4 
1 4 25 5 17 31 11 33 7 12 2 16 19 9 29 18 24 34 32 15 3 30 27 22 6 23 8 28 21 13 10 26 14 20 
1 9 25 5 17 31 11 33 7 12 29 18 24 34 32 15 3 27 30 22 6 23 8 28 21 13 10 26 14 20 4 19 16 2 
1 4 25 5 17 31 11 33 7 12 2 16 19 9 20 14 26 10 13 21 28 8 23 6 22 27 30 3 15 32 34 29 18 24 
1 17 18 24 34 4 25 5 29 21 10 26 14 19 20 9 13 12 2 16 7 32 15 3 27 30 22 6 23 8 28 33 11 31 
1 4 25 5 17 31 11 33 7 12 2 16 19 9 20 14 26 10 13 21 28 8 23 6 22 27 30 3 15 32 34 24 18 29 
1 4 25 5 17 31 11 33 7 12 2 16 19 9 20 14 26 10 13 21 28 8 23 6 24 27 30 3 15 32 34 22 18 29 
1 4 25 5 17 31 11 33 7 12 2 16 19 9 20 14 26 10 13 21 28 8 23 6 22 27 30 3 15 32 34 24 18 29 
1 27 22 6 23 8 28 21 7 12 2 16 19 9 20 14 26 10 13 33 11 31 17 5 25 4 29 18 24 34 32 15 3 30 
1 33 25 5 17 31 11 4 7 12 2 16 19 9 20 14 26 10 13 21 28 8 23 6 22 27 15 3 30 29 32 34 24 18 
1 4 25 5 17 31 11 33 7 12 2 16 19 9 20 14 26 10 13 21 28 8 23 6 22 27 30 3 15 32 34 24 18 29 
1 4 25 5 17 31 11 33 7 12 2 16 19 9 20 14 26 10 13 21 28 8 23 6 22 27 30 3 15 32 34 24 18 29 
1 4 25 5 17 31 11 33 7 12 2 16 19 9 20 14 26 10 13 21 28 8 23 6 22 27 30 3 15 32 34 24 18 29 
1 4 25 5 17 31 11 33 7 12 2 16 19 9 20 14 26 10 13 21 28 8 23 6 22 27 30 3 15 32 34 24 18 29 
1 4 25 5 17 31 11 33 7 12 2 16 19 9 20 14 26 10 13 21 28 8 23 6 22 27 30 3 15 32 34 24 18 29 
1 4 25 5 17 31 11 33 7 12 2 16 19 9 20 14 26 10 13 21 28 8 23 6 22 27 30 3 15 32 34 24 18 29 
1 4 25 5 17 31 11 33 7 12 2 16 19 9 20 14 26 10 13 21 28 8 23 6 22 27 30 3 15 32 34 24 18 29 
1 4 25 5 17 31 11 33 7 12 2 16 19 9 20 14 26 10 13 21 28 8 23 6 22 27 30 3 15 32 34 24 18 29 
1 4 25 5 17 31 11 33 7 12 2 16 19 9 20 14 26 10 13 21 28 8 23 6 22 27 30 3 15 32 34 24 18 29 
1 4 25 5 17 31 11 33 7 12 2 16 19 9 10 14 26 20 13 21 28 8 23 6 22 27 30 3 15 32 34 24 18 29 
1 7 33 11 31 23 8 28 21 32 15 3 30 27 20 14 26 10 13 34 24 18 29 4 16 5 17 22 6 9 19 25 2 12 
1 4 25 5 17 31 11 33 7 12 2 16 19 9 20 14 26 10 21 13 28 8 23 6 22 27 30 3 15 32 34 24 18 29 
1 4 25 5 17 31 11 33 7 12 2 16 19 9 20 14 26 10 21 13 28 8 23 6 22 27 30 3 15 32 34 24 18 29 
1 4 25 5 17 31 11 33 7 12 2 16 19 9 20 14 26 10 21 13 28 8 23 6 22 27 30 3 15 32 34 24 18 29 
1 4 25 5 17 31 11 33 7 12 2 16 19 9 20 14 26 10 21 13 28 8 23 6 22 27 30 3 15 32 34 24 18 29 
1 4 25 5 17 31 11 33 7 12 2 16 19 9 20 14 26 10 21 13 28 8 23 6 22 27 30 3 15 32 34 24 18 29 
1 4 25 5 17 31 11 33 7 12 2 16 19 9 20 27 26 10 21 13 28 8 23 6 22 14 30 3 15 32 34 24 18 29 
1 4 25 5 17 31 11 33 7 12 2 16 19 9 20 14 26 10 21 13 28 8 23 6 22 27 30 3 15 32 34 24 18 29 
1 4 25 5 17 31 11 33 7 12 2 16 19 9 20 14 26 10 21 13 28 8 23 6 22 27 30 3 15 32 34 24 18 29 
1 4 25 5 17 31 11 33 7 12 2 16 19 9 20 14 26 10 21 13 28 18 8 23 6 22 27 30 3 15 32 34 24 29 
1 4 25 5 17 31 11 33 7 12 2 16 19 9 20 14 26 10 21 13 28 8 23 6 22 27 30 3 15 32 34 24 18 29 
1 4 25 5 17 31 11 33 7 12 2 16 19 9 20 14 28 10 21 13 26 8 23 6 22 27 30 3 15 32 34 24 18 29 
1 4 25 5 17 31 11 33 7 12 2 16 19 9 20 14 26 10 21 13 28 8 23 6 22 27 30 3 15 32 34 24 18 29 
1 4 25 5 17 31 11 33 7 12 2 16 19 9 20 14 26 10 21 13 28 8 23 6 22 27 30 3 15 32 34 24 18 29 
1 4 25 5 17 31 11 33 7 12 2 16 19 9 20 14 26 10 21 13 28 8 23 6 22 27 30 3 15 32 34 24 18 29 
1 4 33 5 17 31 11 25 7 12 2 16 19 9 20 14 26 10 21 13 28 8 23 6 22 27 30 3 15 32 34 24 18 29 
1 4 25 5 17 31 11 33 7 12 2 16 19 9 20 14 26 10 21 13 28 8 23 6 22 27 30 3 15 32 34 24 18 29 
1 5 25 4 29 18 24 34 32 15 3 30 27 22 6 23 8 28 13 21 10 26 14 20 9 19 16 2 12 7 33 11 31 17 
1 4 25 5 17 31 11 33 7 12 2 16 19 9 20 14 26 10 21 13 28 8 23 6 22 27 30 3 15 32 34 24 18 29 
1 4 25 5 17 31 11 34 32 15 3 30 27 22 6 23 8 28 21 13 10 26 14 20 9 19 16 2 12 7 33 24 18 29 
1 4 25 5 17 31 11 33 7 12 2 16 19 9 20 14 26 10 21 13 28 8 23 6 22 27 30 3 15 32 34 24 18 29 
1 4 25 5 17 31 11 33 7 3 30 27 22 6 23 8 28 13 21 10 26 14 20 9 19 16 2 12 15 32 34 24 18 29 
1 4 25 5 17 31 11 33 7 12 2 16 19 9 20 14 26 10 21 13 28 8 23 6 22 27 30 3 15 32 34 24 18 29 
1 4 25 5 17 31 11 33 7 12 2 16 19 9 20 14 26 10 21 13 28 8 23 6 22 27 30 3 15 32 34 24 18 29 
1 4 25 5 17 31 11 33 7 12 2 16 19 9 20 14 26 10 21 13 28 8 23 6 22 27 30 3 15 24 32 34 18 29 
1 4 25 5 17 31 11 33 7 12 2 3 30 27 8 28 13 16 19 9 20 14 26 10 21 23 6 22 15 32 34 24 18 29 
1 12 7 33 11 31 17 5 25 4 29 18 24 34 32 15 3 30 27 22 28 8 23 6 13 21 10 26 14 20 9 19 16 2 
1 4 25 5 17 31 11 33 7 12 2 16 19 9 20 14 26 10 21 13 28 8 23 6 22 27 30 3 15 32 34 24 18 29 
1 4 25 5 17 31 11 33 7 12 2 16 19 9 20 14 26 10 21 13 28 8 23 6 22 27 30 3 15 32 34 24 18 29 
1 4 25 5 17 31 11 33 7 12 2 16 19 9 20 14 26 10 21 13 28 8 23 6 22 27 30 3 15 32 34 24 18 29 
1 4 25 5 17 31 11 33 7 12 2 16 19 9 20 14 26 10 21 13 28 8 23 6 22 18 24 34 32 15 29 27 30 3 
1 4 25 5 17 31 11 33 7 12 2 16 19 9 20 14 26 10 21 13 28 8 23 6 22 27 30 3 15 32 34 24 18 29 
1 4 25 5 17 31 11 33 7 12 2 16 19 9 20 14 26 10 21 13 28 8 23 6 22 27 30 3 15 32 34 24 18 29 
1 4 25 5 17 31 11 33 7 12 2 16 19 9 20 14 26 10 21 13 28 8 23 6 22 27 30 3 15 32 34 24 18 29 
1 4 25 5 17 31 11 33 7 12 2 16 19 9 20 14 26 10 21 22 28 8 23 6 13 27 30 3 15 32 34 24 18 29 
1 4 25 5 17 31 11 33 7 12 2 16 19 9 20 14 26 10 21 13 28 8 23 6 22 27 30 3 15 32 34 24 18 29 
1 4 25 5 17 31 11 33 7 12 2 16 19 9 20 14 26 10 21 13 28 8 23 6 22 27 30 3 15 32 34 24 18 29 
1 4 25 5 17 31 11 33 7 12 2 16 19 9 20 14 26 10 21 13 28 8 23 6 22 27 30 3 15 32 34 24 18 29 
1 4 34 32 15 3 30 27 22 6 23 8 28 13 21 10 26 14 20 9 19 16 2 12 7 33 11 31 17 5 25 24 18 29 
1 4 25 5 17 31 11 33 7 12 2 16 19 9 20 14 26 10 21 13 28 8 23 6 22 27 30 3 15 32 34 24 18 29 
1 4 25 5 17 31 11 33 7 12 2 16 19 9 20 14 26 10 21 29 18 24 34 32 22 13 28 8 23 15 6 27 30 3 
1 4 25 5 17 31 11 33 7 12 2 16 19 9 20 14 26 10 21 13 28 8 23 6 22 27 30 3 15 32 34 24 18 29 
1 4 25 5 17 31 11 33 7 12 2 16 19 9 20 14 26 10 21 13 28 8 23 6 22 27 30 3 15 32 34 24 18 29 
1 4 25 5 17 31 11 33 7 12 2 16 19 9 20 14 26 10 21 13 28 8 23 6 22 27 30 3 15 32 34 24 18 29 
1 4 25 5 17 31 11 33 7 12 2 16 19 9 20 14 26 10 21 13 28 8 23 6 22 27 30 3 15 32 34 24 18 29 
1 4 25 5 17 31 11 33 7 28 2 16 21 10 26 14 20 9 19 13 12 8 23 6 22 27 30 3 15 32 34 24 18 29 
1 4 25 5 17 31 11 33 7 12 2 16 19 9 20 14 26 10 21 13 28 8 23 6 22 27 30 3 15 32 34 24 18 29 
1 29 18 24 34 32 15 3 30 27 22 6 23 8 20 14 26 10 21 13 28 9 19 16 2 12 7 33 11 31 17 5 25 4 
1 4 25 5 17 31 11 33 7 12 2 16 19 9 20 14 26 10 21 13 28 8 23 6 22 27 30 3 15 32 34 24 18 29 
1 4 25 5 17 31 11 33 7 12 2 16 19 9 20 14 26 10 21 13 28 8 23 6 22 27 30 3 15 32 34 24 18 29 
1 4 25 5 17 31 11 33 7 12 2 16 19 9 20 14 26 10 21 13 28 8 23 6 22 27 30 3 15 32 34 24 18 29 
1 4 25 5 17 31 11 33 7 12 2 16 19 9 20 14 26 10 21 13 28 8 23 6 22 27 30 3 15 32 34 24 18 29 
1 4 25 5 17 31 11 33 7 12 29 18 24 34 32 15 2 16 19 9 20 14 26 10 21 13 28 8 23 6 22 27 30 3 
1 25 4 29 18 24 34 32 15 3 30 27 22 6 23 8 28 10 21 13 26 14 20 9 19 16 2 12 7 33 11 31 17 5 
1 4 25 5 17 31 11 33 7 14 2 16 19 9 20 12 26 10 21 13 28 8 23 6 22 27 30 3 15 32 34 24 18 29 
1 4 25 5 17 31 11 33 7 12 2 16 19 9 20 14 26 10 21 13 28 8 23 6 22 27 30 3 15 32 34 24 18 29 
1 4 25 5 17 31 11 33 7 12 2 16 19 9 20 14 26 8 21 13 28 10 23 6 22 27 30 3 15 32 34 24 18 29 
1 4 25 5 17 31 11 33 7 12 2 16 19 9 20 14 26 10 21 13 28 8 23 6 22 27 30 3 15 32 34 24 18 29 
1 4 25 5 17 31 11 9 19 16 2 12 7 33 20 14 26 10 21 13 28 8 23 6 22 27 30 3 15 32 34 24 18 29 
1 4 25 5 17 31 11 33 7 12 2 16 19 9 20 14 26 10 21 13 28 8 23 6 22 27 30 3 15 32 34 24 18 29 
1 4 25 5 17 31 11 33 7 12 2 16 19 9 20 14 26 10 21 13 28 8 23 6 22 27 30 3 15 32 34 24 18 29 
1 4 25 5 17 31 11 33 7 12 2 16 19 9 20 14 26 10 21 13 28 8 23 6 22 27 30 3 15 32 34 24 18 29 
1 4 25 5 17 31 11 33 7 12 2 16 19 9 20 14 26 10 21 13 28 8 23 6 22 27 30 3 15 32 34 24 18 29 
1 4 25 5 17 31 11 33 7 12 2 16 19 9 20 14 26 10 21 13 28 8 23 6 22 27 30 3 15 32 34 24 18 29 
1 4 25 7 17 31 11 33 5 12 2 16 19 9 20 14 26 10 21 13 28 8 23 6 22 27 30 3 15 32 34 24 18 29 
1 4 25 5 17 31 11 33 7 12 2 16 19 9 20 14 26 10 21 13 28 8 23 6 22 27 30 3 15 32 34 24 18 29 
1 4 25 5 21 31 11 33 7 12 2 16 19 9 20 14 26 10 17 13 28 8 23 6 22 27 30 3 15 32 34 24 18 29 
1 4 25 5 17 31 11 33 7 12 2 16 19 9 20 14 26 10 21 13 28 8 23 6 22 27 30 3 15 32 34 24 18 29 
1 4 25 5 17 31 11 33 7 12 2 16 19 9 20 14 26 10 21 13 28 8 23 6 22 27 30 3 15 32 34 24 18 29 
1 4 25 5 17 31 11 33 7 12 2 16 19 9 20 14 26 10 21 13 28 8 23 6 22 27 30 3 15 32 34 24 18 29 
1 4 31 5 17 25 11 33 7 12 2 16 19 9 20 14 26 10 21 13 28 8 23 6 22 27 30 3 15 32 34 24 18 29 
1 4 25 5 17 31 11 33 7 12 2 16 19 9 20 14 26 10 21 13 28 8 23 6 22 27 30 3 15 32 34 24 18 29 
1 10 25 5 17 31 11 33 7 12 2 16 19 9 20 14 26 4 21 13 28 8 23 6 22 27 24 3 15 32 34 30 18 29 
1 4 25 5 17 31 11 33 7 12 2 16 19 9 20 14 26 10 21 13 28 8 23 6 22 27 30 3 15 32 34 24 18 29 
1 4 25 5 17 31 11 33 7 12 2 16 19 9 20 14 26 10 21 13 28 8 23 6 22 27 30 3 15 32 34 24 18 29 
1 4 25 5 17 31 11 33 8 28 13 21 10 26 22 20 9 23 19 16 2 12 7 14 6 27 30 3 15 32 34 24 18 29 
1 4 25 5 17 31 11 33 7 12 2 16 19 9 20 14 26 10 21 13 28 8 23 6 22 27 30 3 15 32 34 24 18 29 
1 4 25 5 17 31 11 33 7 12 2 16 19 9 20 14 26 10 21 18 24 34 32 15 3 30 13 28 8 23 6 22 27 29 
1 4 25 5 17 31 11 30 7 12 2 16 19 9 20 14 26 10 21 13 28 8 23 6 22 27 33 3 15 32 34 24 18 29 
1 4 25 23 17 31 11 33 7 12 2 16 19 9 20 14 26 10 21 13 28 8 5 6 22 27 30 3 15 32 34 24 18 29 
1 4 25 5 17 31 11 33 7 12 2 16 19 9 20 14 26 10 21 13 28 8 23 6 22 27 30 3 15 32 34 24 18 29 
1 4 25 5 17 31 11 33 7 12 2 16 19 9 20 14 26 10 21 13 28 8 23 6 22 27 30 3 15 32 34 24 18 29 
1 4 25 5 17 31 11 33 7 12 2 16 19 9 20 14 26 10 21 13 28 8 23 6 22 27 30 3 15 32 34 24 18 29 
1 22 29 15 3 30 27 4 6 5 8 28 13 17 31 11 33 7 12 2 16 19 9 20 14 26 10 21 23 32 34 24 25 18 
1 4 25 5 17 31 11 33 7 12 2 16 19 9 20 14 26 10 21 13 28 8 23 6 3 27 30 22 15 32 34 24 18 29 
1 4 25 5 17 31 11 33 7 12 2 16 19 9 20 22 6 23 8 13 28 21 10 26 14 27 30 3 15 32 34 24 18 29 
1 27 22 5 17 31 11 33 7 12 2 16 19 9 20 14 26 10 21 13 28 8 23 30 25 4 29 18 24 34 32 15 3 6 
1 4 25 5 17 31 11 33 7 12 2 16 19 9 20 14 26 10 21 13 28 8 23 6 22 27 30 3 15 32 34 24 18 29 
1 4 25 5 17 31 11 33 7 12 2 16 19 9 20 14 26 10 21 13 28 8 23 6 22 27 30 3 15 32 34 24 18 29 
1 4 25 5 17 31 11 33 7 12 2 16 19 9 20 14 26 10 21 13 28 8 23 6 22 27 30 3 15 32 34 24 18 29 
1 4 25 5 17 31 11 33 7 12 2 16 19 9 20 14 26 10 21 13 28 8 23 6 22 27 30 3 15 32 34 24 18 29 
1 4 25 5 17 31 11 33 7 12 2 16 19 9 20 14 26 10 21 13 28 8 23 6 22 27 30 3 15 32 34 24 18 29 
1 4 25 5 17 31 11 33 7 12 2 16 19 9 20 14 26 10 21 13 28 8 23 6 22 27 30 3 15 32 34 24 18 29 
1 4 25 5 17 31 11 33 7 12 2 16 19 9 20 14 26 10 21 13 28 8 23 6 22 27 30 3 15 32 34 24 18 29 
1 4 25 5 17 31 11 33 7 12 2 16 19 9 20 14 26 10 21 13 28 8 23 6 22 27 30 3 15 32 34 24 18 29 
1 4 25 5 17 31 11 33 7 12 2 16 19 9 20 14 26 10 21 13 28 8 23 6 22 27 30 3 15 32 34 24 18 29 
1 10 26 14 20 9 19 16 7 12 2 33 11 31 17 5 25 4 29 18 24 34 32 15 3 30 27 22 6 23 8 28 13 21 
1 4 25 5 17 31 11 33 7 12 2 16 19 9 20 14 26 10 21 13 28 8 23 6 22 27 30 3 15 32 34 24 18 29 
1 4 25 5 17 31 11 33 7 12 2 16 19 9 20 14 26 10 21 13 28 8 23 6 22 27 30 3 15 32 34 24 18 29 
1 4 25 5 17 31 11 33 7 12 2 16 19 9 20 14 26 10 21 13 28 8 23 6 22 27 30 3 15 32 34 24 18 29 
1 4 25 5 17 31 11 33 7 12 2 16 19 9 20 14 26 10 21 13 28 8 23 6 22 27 30 3 15 32 34 24 18 29 
1 4 25 5 17 31 11 33 7 12 2 16 19 9 20 14 26 10 21 13 28 8 23 6 22 27 30 3 15 32 34 24 18 29 
1 4 25 5 17 31 11 33 7 12 2 16 19 9 20 14 26 10 21 13 28 8 23 6 22 27 30 3 15 32 34 24 18 29 
1 4 25 5 17 31 11 33 10 12 2 7 16 19 9 20 14 26 21 13 28 8 23 6 22 27 30 3 15 32 34 24 18 29 
1 4 25 5 17 31 11 33 7 12 2 16 19 9 20 14 26 10 21 13 28 8 23 6 22 27 30 3 15 32 34 24 18 29 
1 4 25 5 17 31 11 33 7 12 2 16 19 9 20 14 26 10 21 13 28 8 23 6 22 27 30 3 15 32 34 24 18 29 
1 4 25 8 17 31 11 33 7 12 2 16 19 9 20 14 26 10 21 13 28 5 23 6 22 27 30 3 15 32 34 24 18 29 
1 4 25 5 17 31 11 33 7 12 2 16 19 9 20 14 26 10 21 13 28 8 23 6 22 27 30 3 15 32 34 24 18 29 
1 4 25 5 17 31 11 33 7 12 2 16 19 9 20 14 26 10 21 13 28 8 23 6 22 27 30 15 3 32 34 24 18 29 
1 4 25 5 17 31 11 33 7 12 2 16 19 9 20 14 26 10 21 13 28 8 23 6 22 27 30 3 15 32 34 24 18 29 
1 19 16 2 12 7 33 11 34 17 5 25 4 29 18 24 15 32 31 3 30 27 22 6 23 8 28 13 21 10 26 14 20 9 
1 4 25 5 17 31 11 33 7 12 2 16 19 9 20 14 26 10 21 13 28 8 23 6 22 27 30 3 15 32 34 24 18 29 
1 4 25 5 17 31 11 33 7 12 2 16 19 9 20 14 26 10 21 13 28 8 23 6 22 27 30 3 15 32 34 24 18 29 
1 4 25 5 17 31 11 33 7 12 2 16 19 9 28 13 21 10 26 14 20 29 18 24 34 30 15 3 32 27 22 6 23 8 
1 6 23 8 28 30 21 4 25 5 17 31 11 33 7 12 2 16 19 9 20 14 26 10 13 22 27 3 15 32 34 24 18 29 
1 4 25 5 17 31 11 33 7 12 2 16 19 9 20 14 26 10 21 13 28 8 23 6 22 27 30 3 15 32 34 24 18 29 
1 4 25 5 17 31 11 33 7 12 2 16 14 9 20 19 26 10 21 13 28 8 23 6 22 27 30 3 15 32 34 24 18 29 
1 4 25 5 17 31 11 33 7 12 2 16 19 9 20 14 26 10 21 13 28 8 23 6 22 27 30 3 15 32 34 24 18 29 
1 18 25 5 17 31 11 33 7 12 2 16 19 9 20 14 26 10 21 13 28 8 23 6 22 27 30 3 15 32 34 24 4 29 
1 4 25 5 17 31 11 33 7 12 2 16 19 9 20 14 26 10 21 13 28 8 23 6 22 27 30 3 15 32 34 24 18 29 
1 4 25 5 17 31 11 33 7 12 2 16 19 9 20 14 26 10 21 13 28 8 23 6 22 27 30 3 15 32 34 24 18 29 
1 4 25 5 17 31 11 33 7 12 2 16 19 9 20 14 26 10 21 13 28 8 23 6 22 27 30 3 15 32 34 24 18 29 
1 4 25 5 17 31 11 33 7 12 2 16 19 9 20 14 26 10 21 13 28 8 23 6 22 27 30 3 15 32 34 24 18 29 
1 4 25 5 17 31 11 33 7 12 2 16 19 9 20 14 26 10 21 13 28 8 23 6 22 27 30 3 15 32 34 24 18 29 
1 4 25 5 17 31 11 33 7 12 2 16 19 9 20 14 26 10 21 13 28 8 23 6 22 27 30 3 15 32 34 24 18 29 
1 4 25 5 17 31 11 33 7 12 2 16 19 9 23 8 28 13 21 10 26 14 20 6 22 27 30 3 15 32 34 24 18 29 
1 4 25 5 17 31 11 33 7 12 2 16 19 9 20 14 26 8 21 13 28 10 23 6 22 27 30 3 15 32 34 24 18 29 
1 4 25 5 17 31 11 33 7 12 2 16 19 9 20 14 26 10 21 13 28 8 23 6 22 27 30 3 15 32 34 24 18 29 
1 4 25 5 17 31 11 33 7 12 2 16 19 9 20 14 26 10 21 13 28 8 23 6 22 27 30 3 15 32 34 24 18 29 
1 4 25 5 17 31 11 33 7 12 2 16 19 9 20 14 26 10 21 13 28 8 23 6 22 27 30 3 15 32 34 24 18 29 
1 4 25 5 17 31 11 33 7 12 2 16 19 9 20 14 26 10 21 13 28 8 23 6 22 27 24 3 15 32 34 30 18 29 
1 30 27 22 6 23 8 28 13 21 10 26 14 9 20 19 16 2 12 7 33 11 31 4 5 25 17 3 15 32 34 24 18 29 
1 4 25 5 17 31 11 33 7 12 2 16 19 9 20 14 26 10 21 13 28 8 23 6 22 27 30 3 15 32 34 24 18 29 
1 4 25 5 17 31 11 33 7 12 2 16 19 9 20 14 26 10 21 13 28 8 23 6 22 27 30 3 15 32 34 24 18 29 
1 4 25 5 17 31 11 33 7 12 2 16 19 9 20 14 26 10 21 13 28 8 23 6 22 27 30 3 15 32 34 24 18 29 
1 4 25 5 17 31 11 33 7 12 2 16 19 9 20 14 26 10 21 13 28 8 23 6 22 27 30 3 15 32 34 24 18 29 
1 4 25 5 17 31 11 33 7 12 2 16 19 9 20 14 26 10 21 13 28 8 23 6 22 27 30 3 15 18 34 24 32 29 
1 4 25 5 17 31 11 33 7 12 2 16 19 9 20 14 26 10 21 13 28 8 23 6 22 27 30 3 15 32 34 24 18 29 
1 4 25 5 17 31 11 33 7 12 2 16 19 9 20 14 26 10 21 13 28 8 23 6 22 27 30 3 15 32 34 24 18 29 
1 4 25 5 17 31 11 33 7 12 2 16 19 9 20 14 26 10 21 13 28 8 23 6 22 27 30 3 15 32 34 24 18 29 
1 4 25 5 17 31 11 33 7 12 2 16 19 9 20 14 26 10 21 13 28 8 23 6 22 27 30 3 15 32 34 24 18 29 
1 4 25 5 17 31 11 33 7 12 2 16 19 9 20 14 26 10 21 13 28 8 23 6 22 27 30 3 15 32 34 24 18 29 
1 4 25 5 17 31 11 33 7 29 18 21 10 26 14 20 30 9 3 15 32 34 24 13 28 8 23 6 22 27 19 16 2 12 
1 4 25 5 17 31 11 33 7 12 2 16 19 9 20 14 26 10 21 13 28 8 23 6 22 27 30 3 15 32 34 24 18 29 
1 4 25 5 17 31 11 33 7 12 2 16 19 9 20 14 26 10 21 13 28 8 23 6 22 27 30 3 15 32 34 24 18 29 
1 4 25 5 17 31 11 33 7 12 2 16 19 9 20 14 26 10 21 13 28 8 23 6 22 27 30 3 15 32 34 24 18 29 
1 4 25 5 17 31 11 33 7 12 2 16 19 9 20 14 26 10 21 13 28 8 23 6 22 27 30 3 15 32 34 24 18 29 
1 4 25 5 17 31 11 33 7 12 2 16 19 9 20 14 26 10 21 13 28 8 23 6 22 27 30 3 15 32 34 24 18 29 
1 4 25 5 17 31 11 33 7 12 2 16 19 9 20 14 26 10 21 13 28 8 23 6 22 27 30 3 15 32 34 24 18 29 
1 4 25 5 17 31 11 33 7 12 2 16 19 9 20 3 26 10 21 13 28 8 23 6 22 27 30 14 15 32 34 24 18 29 
1 4 14 20 9 19 16 2 7 12 33 11 31 17 5 25 26 10 21 13 28 8 23 6 22 27 30 3 15 32 34 24 18 29 
1 4 25 5 17 31 11 33 7 12 2 16 22 19 9 20 14 26 10 21 13 28 8 23 6 27 30 3 15 32 34 24 18 29 
1 4 25 5 17 31 11 33 7 12 2 16 19 9 20 14 26 10 21 13 28 8 23 6 22 27 30 3 15 32 34 24 18 29 
1 4 25 5 17 31 11 33 7 12 2 16 19 9 20 14 26 10 21 13 28 8 23 6 22 27 30 3 15 32 34 24 18 29 
1 4 25 5 17 31 13 11 33 7 12 2 16 19 9 20 14 26 10 21 28 8 23 6 22 27 30 3 15 32 34 24 18 29 
1 4 25 5 17 31 11 33 7 12 2 16 19 9 20 14 26 10 21 13 28 8 23 6 22 27 30 3 15 32 34 24 18 29 
1 4 25 5 17 31 11 13 21 10 26 14 20 9 19 16 2 12 7 33 28 8 23 6 22 27 30 3 15 32 34 24 18 29 
1 4 25 5 17 31 11 33 7 12 2 16 19 9 20 14 26 10 21 13 28 8 23 6 22 27 30 3 15 32 34 24 18 29 
1 4 25 5 17 31 11 33 7 12 2 16 19 9 20 14 26 10 21 13 28 8 23 6 22 27 30 3 15 32 34 24 18 29 
1 4 25 5 17 31 11 33 7 12 2 16 19 9 20 14 26 10 21 13 28 8 29 6 22 27 30 3 15 32 34 24 18 23 
1 4 25 5 17 31 11 33 7 12 2 16 19 9 20 14 26 10 21 13 28 8 23 6 22 27 30 3 15 32 34 24 18 29 
1 4 12 7 33 31 11 17 5 25 2 16 19 9 20 14 26 10 21 13 28 8 23 6 22 27 30 3 15 32 34 24 18 29 
1 4 25 5 17 31 11 33 7 12 2 16 19 9 20 14 26 10 21 13 28 8 23 6 22 27 30 3 15 32 34 24 18 29 
1 4 25 5 17 31 11 33 7 12 2 16 19 9 20 14 26 10 21 13 28 8 23 6 22 27 30 3 15 32 34 24 18 29 
1 4 25 5 17 31 11 33 7 12 2 16 19 9 20 14 26 10 21 13 28 8 23 6 22 27 30 3 15 32 34 24 18 29 
1 20 9 19 16 2 13 7 33 11 31 17 5 25 4 29 18 24 34 32 15 3 30 27 22 6 23 8 28 12 21 10 26 14 
1 4 25 5 17 31 11 33 7 12 2 16 19 9 20 14 26 10 21 13 28 8 23 6 22 27 30 3 15 32 34 24 18 29 
1 4 25 5 17 31 10 33 7 6 22 27 30 3 15 32 34 24 18 29 20 9 19 16 2 12 23 8 28 13 21 11 26 14 
1 4 25 5 17 31 11 33 7 12 2 16 19 9 20 14 26 10 21 13 28 8 23 6 22 27 30 3 15 32 34 24 18 29 
1 4 25 5 17 31 11 33 7 12 2 16 19 9 20 14 26 10 21 13 28 8 23 6 22 27 30 3 15 32 34 24 18 29 
1 4 25 5 17 31 11 33 7 12 2 16 19 9 20 14 26 10 21 13 28 8 23 29 18 24 34 32 15 6 22 27 30 3 
1 4 25 5 17 31 11 33 7 12 2 16 19 9 20 14 26 10 21 13 28 8 23 6 22 27 30 3 15 32 34 24 18 29 
1 18 24 5 17 31 11 33 7 12 2 16 19 9 20 14 26 10 21 13 28 8 23 6 22 27 30 3 15 32 34 25 4 29 
1 14 20 9 19 16 2 12 7 33 11 31 17 5 25 4 26 28 21 13 10 8 23 6 22 27 30 3 15 32 34 24 18 29 
1 4 25 5 17 31 11 33 7 12 2 16 19 9 20 14 26 10 21 13 28 8 23 6 22 27 30 3 15 32 34 24 18 29 
1 4 25 5 17 31 11 33 7 12 2 16 19 9 20 14 26 10 21 13 28 8 23 6 22 27 30 3 15 32 34 24 18 29 
1 4 25 5 17 31 11 33 7 12 2 16 19 9 20 14 26 10 21 13 28 8 23 6 22 27 30 3 15 32 34 24 18 29 
1 4 25 5 17 31 11 33 7 12 2 16 23 8 28 13 21 10 26 14 20 9 19 6 22 27 30 3 15 32 34 24 18 29 
1 4 25 5 17 31 11 33 7 12 2 16 19 9 20 14 26 10 21 13 28 8 23 6 22 27 30 3 15 32 34 24 18 29 
1 4 25 5 17 31 11 33 7 12 2 16 19 9 20 14 26 10 21 13 28 8 23 6 22 27 30 3 15 32 34 24 18 29 
1 4 25 5 17 31 11 33 7 12 2 16 19 9 20 14 26 10 21 13 28 8 23 6 22 27 30 3 15 32 34 24 18 29 
1 4 25 5 17 31 11 33 7 12 2 16 19 9 20 14 26 10 21 13 28 8 23 6 22 27 30 3 15 32 34 24 18 29 
1 4 25 5 17 31 11 33 7 12 2 16 19 9 20 14 26 10 21 13 28 8 23 6 22 27 30 3 15 32 34 24 18 29 
1 4 25 5 17 31 11 33 7 12 2 16 19 9 20 14 26 10 21 13 28 8 23 6 22 27 30 3 15 32 34 24 18 29 
1 4 25 5 17 31 11 33 7 12 2 16 19 9 20 14 26 10 21 13 28 8 23 6 22 27 30 3 15 32 34 24 18 29 
1 19 16 2 12 7 33 11 31 17 5 25 4 29 18 24 34 32 15 3 30 27 22 6 23 8 28 13 21 10 26 14 20 9 
1 4 25 5 17 31 11 33 7 12 2 16 19 9 20 14 26 10 21 13 28 8 23 6 22 27 30 3 15 32 34 24 18 29 
1 4 25 5 17 31 11 33 7 12 2 16 19 9 20 14 26 10 21 13 28 8 23 6 22 27 30 3 15 32 34 24 18 29 
1 4 25 5 17 31 11 33 7 12 2 16 19 9 20 14 26 10 21 13 28 8 23 6 22 27 30 3 15 32 34 24 18 29 
1 4 25 5 17 31 11 33 7 12 3 16 19 9 20 14 26 10 21 13 28 8 23 6 22 27 30 2 15 32 34 24 18 29 
1 4 25 5 17 31 11 33 7 12 2 16 19 9 20 14 26 10 21 13 28 8 23 6 22 27 30 3 15 32 34 24 18 29 
1 4 25 5 17 31 11 33 7 12 2 16 19 9 20 14 26 10 21 13 28 8 23 6 22 27 30 3 15 32 34 24 18 29 
1 4 25 5 17 31 11 33 7 12 2 16 19 9 20 14 26 10 21 13 28 8 23 6 22 27 30 3 15 32 34 24 18 29 
1 4 25 5 17 31 11 33 7 12 2 16 19 9 20 14 26 10 21 13 28 8 23 6 22 27 30 3 15 32 34 24 18 29 
1 4 25 5 17 31 11 33 7 12 2 16 19 9 20 14 26 10 21 13 28 8 23 6 22 27 30 3 15 32 34 24 18 29 
1 4 25 5 17 31 11 33 7 12 2 16 19 9 20 14 26 10 21 13 28 8 23 6 22 27 30 3 15 32 34 24 18 29 
1 4 25 5 17 31 11 33 7 12 2 16 19 9 20 14 26 10 21 13 28 8 23 6 22 27 30 3 15 32 34 24 18 29 
1 4 25 5 17 31 11 33 7 12 2 16 19 9 20 14 26 10 21 13 28 8 23 6 22 27 30 3 15 32 34 24 18 29 
1 4 25 5 17 31 11 33 7 12 2 16 19 9 20 14 26 10 21 13 28 8 23 6 22 27 30 3 15 32 34 24 18 29 
1 4 25 5 17 31 11 33 7 12 2 16 19 29 18 24 34 32 15 3 30 27 22 6 23 8 28 13 21 10 26 14 20 9 
1 4 25 5 17 31 11 33 7 12 2 16 19 9 24 14 20 26 10 21 13 28 8 23 6 22 27 30 3 15 32 34 18 29 
1 9 25 5 17 31 23 33 7 12 2 16 19 4 29 28 24 34 32 15 3 30 27 22 6 11 8 18 13 21 10 26 14 20 
1 4 25 5 17 31 11 33 7 12 2 16 19 9 20 14 26 10 21 13 28 8 23 6 22 27 30 3 15 32 34 24 18 29 
1 4 25 5 17 31 11 33 7 12 2 16 19 9 20 14 26 10 21 13 28 8 23 6 22 27 30 3 15 32 34 24 18 29 
1 4 25 5 17 31 11 33 7 12 2 16 19 9 20 14 26 10 21 13 28 8 23 6 22 27 30 3 15 32 34 24 18 29 
1 4 25 5 17 31 11 33 7 12 2 16 19 9 20 14 26 10 21 13 28 8 23 6 22 27 30 32 15 3 34 24 18 29 
1 4 25 5 17 31 11 6 23 8 28 20 33 7 12 22 16 19 9 14 26 10 21 13 29 18 24 34 32 15 3 30 27 2 
1 4 25 5 17 31 11 33 7 12 2 16 19 9 20 14 26 10 21 13 28 8 23 6 22 27 30 3 15 32 34 24 18 29 
1 4 25 5 17 31 11 33 7 12 2 16 19 9 20 14 26 10 21 13 28 8 23 6 22 27 30 3 15 32 34 24 18 29 
1 4 25 5 17 31 11 33 7 12 2 16 19 9 20 14 26 10 21 13 28 8 23 6 22 27 30 3 15 32 34 24 18 29 
1 4 25 5 17 31 11 33 7 12 2 16 19 9 20 14 26 10 21 13 28 8 23 6 22 27 30 3 15 32 34 24 18 29 
1 4 25 5 17 31 11 33 7 12 2 16 19 9 20 14 26 10 21 13 28 8 23 6 22 27 30 3 15 32 34 24 18 29 
1 4 25 5 17 31 22 33 7 12 2 16 19 9 20 14 26 10 21 13 28 8 23 6 11 27 30 3 15 32 34 24 18 29 
1 2 12 7 33 11 31 17 5 25 4 29 18 24 34 32 15 3 30 13 28 8 23 6 22 27 21 10 26 14 20 9 19 16 
1 4 25 5 17 31 2 33 7 12 11 16 19 9 20 14 26 10 21 13 28 8 23 6 22 27 30 3 15 32 34 24 18 29 
1 4 25 5 17 31 11 33 7 12 2 16 19 9 20 14 26 10 21 13 28 8 23 6 22 27 30 3 15 32 34 24 18 29 
1 4 25 5 17 31 11 33 7 12 2 16 19 9 20 14 26 10 21 13 28 8 23 6 22 27 30 3 15 32 34 24 18 29 
1 4 25 5 17 31 11 33 7 12 2 16 19 9 20 14 26 10 21 13 28 8 23 6 22 27 30 3 15 32 34 24 18 29 
1 4 25 5 17 31 11 33 7 12 2 16 19 9 20 14 26 10 21 13 28 8 23 6 22 27 30 3 15 32 34 24 18 29 
1 4 25 5 17 31 11 33 7 12 2 16 19 9 20 14 26 10 21 13 28 8 23 6 22 27 30 3 15 32 34 24 18 29 
1 4 25 5 17 31 11 33 7 12 2 16 19 9 20 14 26 10 21 13 28 8 23 6 22 27 30 3 15 32 34 24 18 29 
1 4 25 5 17 31 11 33 7 12 2 16 19 23 8 28 13 10 21 26 14 20 9 6 22 27 30 3 15 32 34 24 18 29 
1 4 25 5 17 31 11 33 7 12 2 16 19 9 20 14 26 10 21 13 28 8 23 6 22 27 30 3 15 32 34 24 18 29 
1 4 25 5 17 31 11 33 7 12 2 16 19 9 20 14 26 10 21 13 28 8 23 6 22 27 30 3 15 32 34 24 18 29 
1 4 25 5 17 31 23 33 7 12 2 16 19 27 20 14 26 10 21 13 28 8 11 6 22 9 30 3 15 32 34 24 18 29 
1 4 25 5 17 31 11 33 7 12 2 16 19 34 20 14 26 10 21 13 28 8 23 6 22 27 9 30 3 15 32 24 18 29 
1 4 25 5 17 31 11 33 7 12 2 16 19 9 20 14 26 10 21 13 28 8 23 6 22 27 30 3 15 32 34 24 18 29 
1 4 25 5 17 31 11 33 7 12 2 16 19 9 20 14 26 10 21 13 28 8 23 6 22 27 30 3 15 32 34 24 18 29 
1 4 25 5 17 31 11 33 7 12 2 16 19 9 20 14 26 10 21 13 28 8 23 6 22 27 30 3 15 32 34 24 18 29 
1 26 14 20 17 31 11 33 7 12 2 16 19 9 5 25 4 29 18 24 34 32 15 3 30 27 22 6 23 8 28 13 21 10 
1 4 25 5 17 31 11 33 7 12 2 16 19 9 20 14 26 10 21 13 28 8 23 6 22 27 30 3 15 32 34 24 18 29 
1 27 22 6 23 8 28 13 21 10 26 14 20 9 19 16 2 12 7 33 11 31 17 5 25 4 29 18 24 34 32 15 3 30 
1 4 25 5 17 31 11 33 7 12 2 16 19 9 20 14 26 10 21 13 28 8 23 6 22 27 30 3 15 32 34 24 18 29 
1 4 25 5 17 31 11 33 7 12 2 16 19 9 20 14 26 10 21 13 28 8 23 6 22 27 30 3 15 32 34 24 18 29 
1 4 25 5 17 31 11 33 7 12 2 16 19 9 20 14 26 10 21 13 28 8 23 6 22 27 30 3 15 32 34 24 18 29 
1 4 25 5 17 31 11 33 7 24 2 16 19 9 20 14 26 10 21 13 28 8 23 6 22 27 30 3 15 32 34 12 18 29 
1 4 25 5 17 31 11 33 7 12 2 16 19 9 20 14 26 10 21 13 28 8 23 6 22 27 30 3 15 32 34 24 18 29 
1 4 25 5 17 31 11 33 7 12 2 16 19 9 20 14 26 10 21 13 28 8 23 6 22 27 30 3 15 32 34 24 18 29 
1 27 22 6 23 8 28 13 21 10 26 14 20 9 19 16 2 12 7 33 11 31 17 5 25 4 29 18 15 32 34 24 3 30 
1 4 25 11 17 31 5 33 7 12 2 16 19 9 6 23 8 28 21 13 10 26 14 20 22 27 30 3 15 32 34 24 18 29 
1 4 25 5 17 31 11 33 7 12 2 16 19 9 20 14 26 10 21 13 28 8 23 6 22 27 30 3 15 32 34 24 18 29 
1 4 25 5 17 31 11 33 7 12 2 16 19 9 20 8 26 10 21 13 28 14 23 6 22 27 30 3 15 32 34 24 18 29 
1 4 25 5 17 31 11 33 7 12 2 16 19 9 20 14 26 10 21 13 28 8 23 6 22 27 30 3 15 32 34 24 18 29 
1 4 25 5 17 31 11 33 7 12 2 16 19 9 20 14 26 10 21 13 28 8 23 6 22 27 30 3 15 32 34 24 18 29 
1 4 25 5 17 31 11 33 7 12 2 16 19 9 20 14 26 10 21 13 28 8 23 6 22 27 30 3 15 32 34 24 18 29 
1 4 25 5 17 31 11 33 7 12 2 16 19 9 20 14 26 10 21 13 28 8 23 6 22 27 30 3 15 32 34 24 18 29 
1 15 3 30 27 4 25 5 17 31 11 33 7 12 2 16 19 9 20 14 26 10 21 13 28 8 23 6 22 32 34 24 18 29 
1 4 25 5 17 31 11 33 7 12 2 16 19 9 20 14 26 10 21 13 28 8 23 6 22 27 30 3 15 32 34 24 18 29 
1 4 25 5 17 31 11 33 7 12 2 16 19 9 20 14 26 10 21 13 28 8 23 6 22 27 30 3 15 32 34 24 18 29 
1 4 25 5 17 31 11 33 7 12 2 16 19 9 20 14 26 10 21 13 28 8 23 6 22 27 30 3 15 32 34 24 18 29 
1 4 25 5 17 31 11 33 7 12 2 16 19 9 20 14 26 10 21 13 28 8 23 6 22 27 30 3 15 32 34 24 18 29 
1 4 25 5 17 31 11 33 7 12 2 16 19 9 20 14 26 10 21 13 28 8 23 6 22 27 30 3 15 32 34 24 18 29 
1 9 4 25 5 17 31 11 33 7 12 2 16 19 20 14 26 10 21 13 28 8 23 6 22 27 30 3 15 32 34 24 18 29 
1 15 25 5 17 31 11 33 7 12 2 16 19 9 20 14 26 10 21 13 28 8 23 6 22 27 30 3 4 32 34 24 18 29 
1 4 25 5 17 31 11 33 7 12 2 16 19 9 20 14 26 10 21 13 28 8 23 6 22 27 30 3 15 32 34 24 18 29 
1 4 25 5 17 31 11 33 7 12 2 16 19 9 20 14 26 10 21 13 28 8 23 6 22 27 30 3 15 32 34 24 18 29 
1 4 25 5 17 31 11 33 7 12 2 16 19 9 20 14 26 10 21 13 28 8 23 6 22 27 30 3 15 32 34 24 18 29 
1 4 25 5 17 31 11 33 7 12 2 16 19 9 20 14 26 10 21 13 28 8 23 6 22 27 30 3 15 32 34 24 18 29 
1 4 25 5 17 31 11 33 7 12 2 16 19 9 20 14 26 10 21 13 28 8 23 6 22 27 30 3 15 32 34 24 18 29 
1 4 25 5 17 31 11 33 7 12 2 16 19 9 20 14 26 10 21 13 28 8 23 6 22 27 30 3 15 32 34 24 18 29 
1 4 25 5 17 31 11 33 7 12 2 16 19 9 20 14 26 10 21 13 28 8 23 6 22 27 30 3 15 32 34 24 18 29 
1 3 30 27 22 6 23 8 28 13 21 10 26 14 20 4 25 5 17 31 11 33 7 12 2 16 19 9 15 32 34 24 18 29 
1 4 25 5 17 31 11 33 7 12 2 16 19 9 20 14 26 10 21 13 28 8 23 6 22 27 30 3 15 32 34 24 18 29 
1 4 25 5 17 31 11 33 7 12 2 16 19 9 20 14 26 10 21 13 28 8 23 6 22 27 30 3 15 32 34 24 18 29 
1 4 25 5 17 31 11 33 7 12 2 16 19 9 20 14 26 10 21 13 28 8 23 6 22 27 30 3 15 32 34 24 18 29 
1 4 25 5 17 31 11 33 7 12 2 16 19 9 20 14 26 10 21 13 28 8 23 6 22 27 30 3 15 32 34 24 18 29 
1 4 25 5 17 31 11 33 7 12 2 16 19 9 20 14 26 10 21 13 28 8 23 6 22 27 30 3 15 32 34 24 18 29 
1 4 25 5 17 31 11 33 7 12 2 16 19 9 20 14 26 10 21 13 28 8 23 6 22 27 30 3 15 32 34 24 18 29 
1 4 25 2 17 31 11 5 33 7 12 16 19 9 20 14 26 10 21 13 28 8 23 6 22 27 30 3 15 32 34 24 18 29 
1 4 25 5 17 31 11 33 7 12 2 16 19 9 20 14 26 10 21 13 28 8 23 6 22 27 30 3 15 32 34 24 18 29 
1 4 25 5 17 31 11 33 7 12 2 16 19 9 20 14 26 10 21 13 28 8 23 6 22 27 30 3 15 32 34 24 18 29 
1 4 25 5 17 31 11 33 7 19 2 16 12 9 20 14 26 10 21 13 28 8 23 6 22 27 30 3 15 32 34 24 18 29 
1 4 11 5 17 31 25 33 7 12 2 16 19 9 20 14 26 10 21 13 28 8 23 6 22 27 30 3 15 32 34 24 18 29 
1 4 25 5 17 6 23 8 28 13 21 10 26 14 20 9 19 16 2 12 7 33 11 31 22 27 30 3 15 32 34 24 18 29 
1 4 25 5 17 31 11 33 7 12 2 16 19 9 20 14 26 10 21 13 28 8 23 6 22 27 30 3 15 32 34 24 18 29 
1 4 25 5 17 31 11 33 7 12 2 16 19 9 20 14 26 10 21 13 28 8 23 6 22 27 30 3 15 32 34 24 18 29 
1 4 25 5 17 31 11 33 7 12 2 16 19 9 20 14 26 10 21 13 28 8 23 6 22 27 30 3 15 32 34 24 18 29 
1 4 25 5 17 31 11 33 7 12 2 16 19 9 20 14 26 10 21 13 28 8 23 6 22 27 30 3 15 32 34 24 18 29 
1 4 25 5 17 31 11 33 7 12 2 16 19 9 20 14 26 10 21 13 6 8 23 28 22 27 30 3 15 32 34 24 18 29 
1 4 25 5 17 31 11 33 7 10 2 16 19 9 20 14 26 12 21 13 28 8 23 6 22 27 30 3 15 32 34 24 18 29 
1 2 12 7 33 31 11 17 16 25 4 5 19 9 20 14 29 18 24 34 32 15 3 30 27 22 6 23 8 28 13 21 10 26 
1 4 25 5 17 31 11 33 7 12 23 8 28 13 21 10 26 14 20 9 19 16 2 6 22 27 30 3 15 32 34 24 18 29 
1 4 25 5 10 31 11 33 7 12 2 16 19 9 20 14 26 17 21 13 28 8 23 6 22 27 30 3 15 32 34 24 18 29 
1 4 25 5 17 31 11 33 7 12 2 16 19 9 20 14 26 10 21 13 28 8 23 6 22 27 30 3 15 32 34 24 18 29 
1 4 25 5 17 31 11 33 7 12 2 16 19 9 20 14 26 10 21 13 28 8 23 6 22 27 30 3 15 32 34 24 18 29 
1 4 25 5 17 31 11 33 7 12 2 16 19 9 20 14 26 10 21 13 28 8 23 6 22 27 30 3 15 32 34 24 18 29 
1 4 25 5 17 31 11 33 7 12 2 16 19 9 20 14 26 10 21 13 28 8 23 6 22 27 30 3 15 32 34 24 18 29 
1 4 25 5 17 31 11 33 7 12 2 16 19 9 20 14 26 10 21 13 28 8 23 6 34 32 15 3 30 27 22 24 18 29 
1 23 25 5 17 31 11 33 7 12 2 16 19 9 20 14 26 10 21 13 28 8 4 29 18 24 34 32 15 3 30 27 22 6 
1 4 25 5 17 31 11 33 7 12 2 16 19 9 20 14 26 10 21 13 28 8 23 6 22 27 30 3 15 32 34 24 18 29 
1 4 25 30 17 31 11 33 7 12 2 16 19 9 20 14 26 10 21 13 28 8 23 6 22 27 5 3 15 32 34 24 18 29 
1 4 25 5 17 31 11 33 7 12 2 16 19 9 20 14 26 34 21 13 28 8 23 6 22 27 30 3 15 32 10 24 18 29 
1 4 25 5 17 31 11 33 7 12 2 16 19 18 24 34 32 15 3 30 27 22 23 6 8 28 13 21 10 26 14 20 9 29 
1 4 25 5 17 31 11 33 7 12 2 16 19 9 20 14 26 10 21 13 28 8 23 6 22 27 30 3 15 32 34 24 18 29 
1 4 25 5 17 31 11 33 7 12 2 16 19 9 20 14 26 10 21 13 28 8 23 6 22 27 30 3 15 32 34 24 18 29 
1 4 25 5 17 31 11 33 7 12 2 16 19 9 20 14 26 10 21 13 28 8 23 6 22 27 30 3 15 32 34 24 18 29 
1 4 25 5 17 31 11 33 7 12 2 16 19 9 20 14 26 10 21 13 28 8 23 6 22 27 30 3 15 32 34 24 18 29 
1 4 25 5 17 31 11 33 7 12 2 16 19 9 20 14 26 10 21 13 28 8 23 6 22 27 30 3 15 32 34 24 18 29 
1 4 25 5 17 31 11 33 7 12 2 32 19 9 20 16 14 26 10 21 13 28 8 23 6 22 27 30 3 15 34 24 18 29 
1 4 25 5 17 31 11 33 7 12 2 16 19 9 20 14 26 10 21 13 28 8 23 6 22 27 30 3 15 32 34 24 18 29 
1 4 25 5 17 31 11 33 7 12 2 16 19 9 20 14 26 10 21 13 28 8 23 6 22 27 30 3 15 32 34 24 18 29 
1 4 25 5 17 31 11 33 7 12 2 16 19 9 14 20 26 10 21 13 28 8 23 6 22 27 30 3 15 32 34 24 18 29 
1 4 25 5 17 31 11 33 7 12 2 16 19 9 20 14 26 10 21 13 28 8 23 6 22 27 30 3 15 32 34 24 18 29 
1 4 25 5 17 31 11 33 7 12 20 16 19 9 2 14 26 10 21 13 28 8 23 6 22 27 30 3 15 32 34 24 18 29 
1 4 25 5 17 31 11 33 7 12 2 16 19 9 20 14 26 10 21 13 28 8 23 6 22 27 30 3 15 32 34 24 18 29 
1 4 25 5 17 31 11 33 7 12 2 16 19 9 20 14 26 10 21 13 28 8 23 6 22 27 30 3 15 32 34 24 18 29 
1 4 25 5 17 31 11 33 7 12 2 16 19 9 20 14 26 10 21 13 28 8 23 6 22 27 30 3 15 32 34 24 18 29 
1 8 28 13 21 10 26 14 20 9 19 16 2 12 7 33 11 31 17 5 25 4 29 18 22 27 30 3 15 32 34 24 6 23 
1 4 25 5 17 31 11 33 7 12 2 16 19 9 20 14 26 10 21 13 28 8 23 6 22 27 30 3 15 32 34 24 18 29 
1 4 25 5 17 31 11 33 7 12 2 16 19 9 20 14 26 10 21 32 15 3 30 27 22 6 23 8 28 13 34 24 18 29 
1 4 25 5 17 31 11 33 7 12 2 16 19 9 20 14 26 10 21 13 28 8 23 6 22 27 30 3 15 32 34 24 18 29 
1 4 25 5 17 31 11 33 7 12 2 16 19 9 20 14 26 10 21 13 28 8 23 6 22 27 30 3 15 32 34 24 18 29 
1 4 25 5 17 31 11 33 7 12 2 16 19 9 20 14 26 10 21 13 28 8 23 6 22 27 30 3 32 15 34 24 18 29 
1 3 15 29 18 24 34 32 16 12 2 7 33 11 31 17 4 25 5 19 9 20 14 26 10 21 13 28 8 23 6 22 27 30 
1 4 25 5 17 31 11 33 7 12 2 16 19 9 20 14 26 10 21 13 28 8 23 6 22 27 30 3 15 32 34 24 18 29 
1 4 25 5 17 31 11 33 7 12 2 16 19 9 20 14 26 10 21 13 28 8 23 6 22 27 30 3 15 32 34 24 18 29 
1 4 25 5 17 31 11 33 7 12 2 16 19 9 20 14 26 10 21 13 28 8 23 6 22 27 30 3 15 32 34 24 18 29 
1 4 25 5 17 31 11 33 7 12 2 16 19 9 20 14 26 34 32 15 3 30 27 22 6 23 8 28 13 10 21 24 18 29 
1 4 25 5 17 31 11 33 7 12 2 16 19 9 20 14 26 10 21 13 28 8 23 6 22 27 30 3 15 32 34 24 18 29 
1 4 25 5 17 31 11 33 7 12 2 16 19 9 20 14 26 10 21 13 28 8 23 6 22 27 30 3 15 32 34 24 18 29 
1 4 25 5 17 31 11 33 7 12 2 16 19 9 20 14 26 10 21 13 28 8 23 6 22 27 30 3 15 32 34 24 18 29 
1 4 25 5 17 31 11 33 7 12 2 16 19 9 20 14 26 10 21 13 28 8 23 6 22 27 30 3 15 32 34 24 18 29 
1 4 25 5 17 31 11 33 7 12 2 16 19 9 20 14 26 10 21 13 28 8 23 6 22 27 30 3 15 32 34 24 18 29 
1 4 25 5 17 31 11 33 7 12 2 16 19 9 20 14 26 10 21 13 28 8 23 6 22 27 30 3 15 32 34 24 18 29 
1 4 25 5 17 31 11 33 7 12 2 16 19 9 20 14 26 10 21 13 28 8 23 6 22 27 30 3 15 32 34 24 18 29 
1 4 25 5 17 31 11 33 7 12 2 14 19 26 20 16 9 10 21 13 28 8 23 6 22 27 30 3 15 32 34 24 18 29 
1 23 25 5 17 31 11 33 7 12 2 16 19 9 20 14 26 10 21 13 28 8 4 6 22 27 30 3 15 32 34 24 18 29 
1 4 25 7 21 13 11 33 31 17 5 12 2 16 19 9 20 14 26 10 28 8 23 6 22 27 30 3 15 32 34 24 18 29 
1 4 25 5 17 31 11 33 7 12 2 16 19 9 20 14 26 10 21 13 28 8 23 6 22 27 30 3 15 32 34 24 18 29 
1 4 25 5 17 31 11 33 7 12 2 16 19 9 20 14 26 10 21 13 28 8 23 6 22 27 30 3 15 32 34 24 18 29 
1 4 25 5 17 31 11 33 7 12 2 16 19 9 20 14 26 10 21 13 28 8 23 6 22 27 30 3 15 32 34 24 18 29 
1 4 25 5 17 31 11 33 7 12 2 16 19 9 20 14 26 13 21 10 28 8 23 6 22 27 30 3 15 32 34 24 18 29 
1 28 25 5 17 31 11 33 7 12 2 16 19 9 20 14 26 10 21 13 4 8 23 6 22 27 30 3 15 32 34 24 18 29 
1 4 25 5 17 31 11 33 7 12 2 16 19 9 20 14 26 10 21 13 28 8 23 6 22 27 30 3 15 32 34 24 18 29 
1 4 25 5 17 31 11 33 7 12 2 16 19 9 20 14 26 10 21 13 28 8 23 6 22 27 30 3 15 32 34 24 18 29 
1 4 25 5 17 31 11 33 7 12 2 16 19 9 20 14 26 10 21 13 28 8 23 6 22 27 30 3 15 32 34 24 18 29 
1 4 25 5 17 31 11 33 7 12 2 16 19 9 20 14 26 10 21 13 28 8 23 6 22 27 30 3 15 32 34 24 18 29 
1 4 25 5 17 31 11 33 7 12 2 16 19 9 20 14 26 10 21 13 28 8 23 6 22 27 30 3 15 32 34 24 18 29 
1 9 19 16 2 12 7 33 11 31 17 5 25 4 29 14 26 10 21 13 28 8 23 6 22 27 30 3 15 32 34 24 18 20 
1 4 25 5 17 31 11 33 7 12 2 16 19 10 20 14 26 8 21 13 28 9 23 6 22 27 30 3 15 32 34 24 18 29 
1 4 25 5 17 31 11 33 7 12 2 16 19 9 20 14 26 10 21 13 28 8 23 6 22 27 30 3 15 32 34 24 18 29 
1 4 25 5 17 31 11 33 7 12 2 16 19 9 20 14 26 10 21 13 28 8 23 6 22 27 30 3 15 32 34 24 18 29 
1 4 25 5 17 31 11 33 7 12 2 16 19 9 20 14 26 10 21 13 28 8 23 6 22 27 30 3 15 32 34 24 18 29 
1 4 25 5 17 31 11 33 7 12 2 16 19 9 20 14 26 10 32 21 13 28 8 23 6 22 27 30 3 15 34 24 18 29 
1 4 25 5 17 31 11 33 7 12 2 16 19 9 20 14 29 26 10 21 13 28 8 23 6 22 27 30 3 15 32 34 24 18 
1 4 25 5 17 31 11 33 7 12 2 16 19 9 20 14 26 10 21 13 28 8 23 6 22 27 30 3 15 32 34 24 18 29 
1 4 25 5 17 31 11 33 7 12 2 16 19 9 20 14 26 10 21 13 28 8 23 6 22 27 30 3 15 32 34 24 18 29 
1 4 25 5 17 31 11 33 7 12 2 16 19 9 20 14 26 10 21 13 28 8 23 6 22 27 30 3 15 32 34 24 18 29 
1 4 25 5 17 31 10 33 7 12 2 16 19 9 20 14 26 11 21 13 28 8 23 6 22 27 30 3 15 32 34 24 18 29 
1 4 25 5 17 31 11 33 7 12 2 16 19 9 20 14 26 10 21 13 28 8 23 6 22 27 30 3 15 32 34 24 18 29 
1 4 25 5 17 31 11 33 7 12 2 16 19 9 20 14 26 10 21 13 34 24 18 29 22 27 6 23 8 28 32 15 3 30 
