95.28
106.26
123.58
110.4
114.56
143.52
87.46
99.34
107.14
93.4
102.3
102.64
80.88
109.5
81.86
97.4
117.56
85.98
85.12
74.72
105.3
74.7
111.58
89.72
113.58
106
96.3
104.28
102.38
98.38
94.8
101.18
105
104.42
85.26
83.54
130.88
107
90.5
91.48
76.46
101.16
101.32
114.3
119.28
86.94
111.42
87.38
98.96
92.52
107.8
97.56
124.18
95.86
87.66
92.2
87.26
103.42
107.54
90.06
94.18
106.8
107.4
113.16
90.84
119.16
98.16
108.64
118.2
91.82
92.14
98.3
97.5
112.3
97.06
99.58
83.52
111.54
105.98
117.84
105.82
90.56
107.94
84.52
110.46
89.06
68.66
119
110.76
81.66
133.34
94.08
69.38
93
68.14
85.04
89.26
105.26
117.24
115.44
