# VELOCITY:     AVE_POFV:        ERROR:
   0.0942809           0           0           0
    0.282843   0.0143877   0.0143877           0
    0.471405   0.0653337   0.0653337           0
    0.659966    0.101033    0.101033           0
    0.848528    0.141446    0.141446           0
     1.03709    0.163543    0.163543           0
     1.22565    0.270321    0.270321           0
     1.41421    0.333666    0.333666           0
     1.60278    0.306879    0.306879           0
     1.79134     0.35704     0.35704           0
      1.9799    0.395022    0.395022           0
     2.16846    0.346703    0.346703           0
     2.35702    0.393304    0.393304           0
     2.54558    0.697089    0.697089           0
     2.73415    0.419525    0.419525           0
     2.92271    0.346777    0.346777           0
     3.11127    0.285863    0.285863           0
     3.29983    0.190501    0.190501           0
     3.48839    0.160965    0.160965           0
     3.67696    0.106213    0.106213           0
     3.86552   0.0784447   0.0784447           0
     4.05408    0.050234    0.050234           0
     4.24264   0.0259764   0.0259764           0
      4.4312   0.0230546   0.0230546           0
     4.61976   0.0164009   0.0164009           0
     4.80833  0.00883883  0.00883883           0
     4.99689  0.00279896  0.00279896           0
     5.18545  0.00193963  0.00193963           0
     5.37401           0           0           0
     5.56257           0           0           0


   0.0942809   0.0130618  0.00653092  0.00461806
    0.282843   0.0321144    0.023251  0.00626736
    0.471405    0.128703   0.0970185   0.0224045
    0.659966    0.151144    0.126088    0.017717
    0.848528    0.157626    0.149536  0.00572049
     1.03709      0.2948    0.229171   0.0464062
     1.22565    0.308279      0.2893   0.0134201
     1.41421    0.436663    0.385165   0.0364149
     1.60278    0.534283    0.420581   0.0803993
     1.79134    0.496497    0.426768   0.0493056
      1.9799    0.500646    0.447834   0.0373438
     2.16846    0.388884    0.367794   0.0149132
     2.35702    0.312305    0.352805   0.0286372
     2.54558    0.334771     0.51593    0.128099
     2.73415    0.245965    0.332745   0.0613628
     2.92271    0.275772    0.311274   0.0251042
     3.11127    0.201501    0.243682   0.0298264
     3.29983    0.191803    0.191152 0.000460069
     3.48839    0.118367    0.139666   0.0150608
     3.67696   0.0600304   0.0831219   0.0163281
     3.86552   0.0370003   0.0577225   0.0146528
     4.05408   0.0519036   0.0510688 0.000590278
     4.24264   0.0229564   0.0244664  0.00106771
      4.4312  0.00822503   0.0156398  0.00524306
     4.61976           0  0.00820047  0.00579861
     4.80833           0  0.00441942    0.003125
     4.99689           0  0.00139948 0.000989583
     5.18545           0 0.000969817 0.000685764
     5.37401           0           0           0
     5.56257           0           0           0


   0.0942809  0.00238157   0.0051478  0.00327929
    0.282843   0.0465757   0.0310259  0.00759981
    0.471405   0.0762841    0.090107   0.0159668
    0.659966    0.170467    0.140881   0.0168935
    0.848528    0.357555    0.218876    0.056744
     1.03709    0.321807     0.26005   0.0399098
     1.22565    0.382771    0.320457   0.0269669
     1.41421    0.555693    0.442007   0.0523776
     1.60278    0.552746    0.464636   0.0645508
     1.79134    0.484884     0.44614   0.0364779
      1.9799    0.362785    0.419485   0.0339942
     2.16846    0.330327    0.355305   0.0142418
     2.35702    0.332046    0.345885   0.0199099
     2.54558    0.315964    0.449275    0.101267
     2.73415    0.265607    0.310366   0.0448041
     2.92271    0.180681    0.267743   0.0392863
     3.11127    0.135406     0.20759     0.03555
     3.29983    0.108816    0.163707   0.0224112
     3.48839    0.107073    0.128801   0.0133978
     3.67696   0.0806053    0.082283   0.0109069
     3.86552   0.0467476   0.0540642    0.010215
     4.05408   0.0586555   0.0535977  0.00210199
     4.24264   0.0228337   0.0239221 0.000839127
      4.4312  0.00405113   0.0117769  0.00470804
     4.61976 0.000540151  0.00564703  0.00439211
     4.80833           0  0.00294628  0.00240563
     4.99689           0 0.000932988 0.000761782
     5.18545           0 0.000646544 0.000527901
     5.37401           0           0           0
     5.56257           0           0           0


   0.0942809 0.000908436  0.00408796  0.00262515
    0.282843   0.0209677   0.0285114  0.00610169
    0.471405   0.0620437   0.0830912   0.0134283
    0.659966    0.160646    0.145822   0.0133733
    0.848528     0.29971    0.239084    0.046016
     1.03709    0.294137    0.268572   0.0308287
     1.22565    0.508012    0.367346   0.0453649
     1.41421    0.556797    0.470705   0.0464848
     1.60278    0.553949    0.486965    0.052132
     1.79134    0.410515    0.437234   0.0284249
      1.9799    0.417168    0.418906   0.0255006
     2.16846    0.404598    0.367628   0.0150992
     2.35702    0.360649    0.349576   0.0152707
     2.54558    0.259346    0.401793   0.0863676
     2.73415    0.284881    0.303995    0.034053
     2.92271    0.204521    0.251937   0.0324889
     3.11127    0.175083    0.199463   0.0275757
     3.29983   0.0950666    0.146547   0.0224359
     3.48839    0.117581    0.125996   0.0103379
     3.67696   0.0830114   0.0824651  0.00818173
     3.86552   0.0258536   0.0470116  0.00979794
     4.05408  0.00785674   0.0421625   0.0100279
     4.24264           0   0.0179416  0.00521739
      4.4312           0   0.0088327   0.0043554
     4.61976           0  0.00423527  0.00351366
     4.80833           0  0.00220971  0.00191366
     4.99689           0 0.000699741 0.000605994
     5.18545           0 0.000484908 0.000419943
     5.37401           0           0           0
     5.56257           0           0           0


   0.0942809  0.00542606  0.00435558  0.00211372
    0.282843    0.028137   0.0284365  0.00488181
    0.471405   0.0605215   0.0785772   0.0114763
    0.659966     0.13408    0.143474   0.0109029
    0.848528    0.197793    0.230826   0.0375465
     1.03709    0.250114     0.26488    0.024883
     1.22565    0.502463    0.394369   0.0436041
     1.41421    0.538138    0.484191   0.0390953
     1.60278    0.627999    0.515171   0.0487428
     1.79134     0.55719    0.461225   0.0312661
      1.9799    0.489892    0.433103   0.0240298
     2.16846    0.360158    0.366134   0.0121531
     2.35702    0.300913    0.339843   0.0150008
     2.54558    0.294137    0.380261   0.0717277
     2.73415    0.264993    0.296194   0.0281216
     2.92271    0.223205    0.246191   0.0264945
     3.11127    0.157822    0.191135   0.0232843
     3.29983    0.143975    0.146032   0.0179546
     3.48839   0.0706125     0.11492   0.0129056
     3.67696   0.0692621   0.0798245  0.00695847
     3.86552   0.0141176   0.0404328  0.00980123
     4.05408   0.0123498   0.0361999  0.00963323
     4.24264           0   0.0143533  0.00526521
      4.4312           0  0.00706616  0.00382584
     4.61976           0  0.00338822  0.00291124
     4.80833           0  0.00176777  0.00158114
     4.99689           0 0.000559793 0.000500694
     5.18545           0 0.000387927 0.000346972
     5.37401           0           0           0
     5.56257           0           0           0


   0.0942809 0.000466494   0.0037074  0.00185816
    0.282843   0.0412479   0.0305717  0.00451103
    0.471405   0.0644989   0.0762309  0.00980051
    0.659966    0.106066    0.137239   0.0107211
    0.848528    0.205724    0.226642    0.031521
     1.03709    0.334697    0.276516   0.0232982
     1.22565    0.530698    0.417091     0.04184
     1.41421    0.586334    0.501215   0.0360961
     1.60278     0.56242    0.523046   0.0412502
     1.79134    0.563648    0.478296   0.0303595
      1.9799     0.46782    0.438889   0.0207098
     2.16846    0.341474    0.362024   0.0108002
     2.35702    0.289447    0.331444   0.0146648
     2.54558     0.25338    0.359114   0.0628131
     2.73415    0.329836    0.301801   0.0239871
     2.92271    0.182817    0.235629   0.0240923
     3.11127    0.170982    0.187776   0.0196443
     3.29983   0.0983811     0.13809   0.0166261
     3.48839     0.08144     0.10934   0.0118999
     3.67696   0.0534013   0.0754206  0.00705598
     3.86552   0.0371477   0.0398852  0.00818297
     4.05408  0.00137493   0.0303958   0.0096186
     4.24264           0   0.0119611  0.00490108
      4.4312           0  0.00588846  0.00336458
     4.61976           0  0.00282352   0.0024802
     4.80833           0  0.00147314  0.00134479
     4.99689           0 0.000466494 0.000425849
     5.18545           0 0.000323272 0.000295106
     5.37401           0           0           0
     5.56257           0           0           0


   0.0942809 4.91046e-05  0.00318479  0.00166458
    0.282843   0.0289472   0.0303397  0.00387257
    0.471405     0.11353   0.0815593  0.00974185
    0.659966    0.197008    0.145778   0.0121217
    0.848528    0.292516    0.236053    0.028388
     1.03709    0.431581    0.298668   0.0286253
     1.22565    0.513929    0.430925   0.0380813
     1.41421    0.590581    0.513982   0.0331203
     1.60278    0.598512    0.533827   0.0367391
     1.79134    0.434355    0.472018   0.0266635
      1.9799    0.297574    0.418701   0.0257766
     2.16846     0.30052    0.353238   0.0123235
     2.35702    0.254313    0.320425   0.0161885
     2.54558    0.208498    0.337598   0.0574068
     2.73415    0.374374    0.312169   0.0226905
     2.92271    0.194675    0.229778   0.0213491
     3.11127    0.198456    0.189302   0.0168971
     3.29983   0.0766523    0.129314   0.0164048
     3.48839   0.0583609    0.102057    0.012227
     3.67696   0.0493993   0.0717033  0.00695864
     3.86552   0.0517317   0.0415776  0.00718685
     4.05408   0.0246014    0.029568  0.00828006
     4.24264   0.0095754   0.0116203  0.00421276
      4.4312  0.00356009  0.00555584  0.00290032
     4.61976           0  0.00242016  0.00215843
     4.80833           0  0.00126269  0.00116902
     4.99689           0 0.000399852 0.000370191
     5.18545           0  0.00027709 0.000256536
     5.37401           0           0           0
     5.56257           0           0           0


   0.0942809 0.000712017  0.00287569  0.00148493
    0.282843   0.0557829   0.0335201  0.00450916
    0.471405    0.133172   0.0880109   0.0104442
    0.659966    0.179797     0.15003   0.0113279
    0.848528    0.228656    0.235128   0.0248546
     1.03709    0.418347    0.313628   0.0286911
     1.22565    0.435214    0.431461   0.0333249
     1.41421    0.577741    0.521952   0.0299238
     1.60278    0.423086    0.519984   0.0346566
     1.79134    0.520411    0.478067   0.0240069
      1.9799    0.401602    0.416564    0.022643
     2.16846    0.383458    0.357015   0.0113472
     2.35702     0.41076    0.331717   0.0176696
     2.54558    0.366222    0.341176   0.0503424
     2.73415     0.19141    0.297074   0.0243631
     2.92271    0.164329    0.221597   0.0201873
     3.11127    0.120503    0.180702   0.0168318
     3.29983   0.0729449    0.122267   0.0157951
     3.48839   0.0923167    0.100839   0.0107591
     3.67696   0.0838216   0.0732181  0.00625151
     3.86552   0.0348643   0.0407384  0.00633729
     4.05408   0.0068992   0.0267344  0.00771469
     4.24264  0.00112941   0.0103089  0.00388491
      4.4312 0.000122762   0.0048767  0.00261609
     4.61976           0  0.00211764  0.00190971
     4.80833           0  0.00110485   0.0010335
     4.99689           0 0.000349871 0.000327274
     5.18545           0 0.000242454 0.000226795
     5.37401           0           0           0
     5.56257           0           0           0


   0.0942809  0.00063836   0.0026271  0.00134058
    0.282843   0.0500867   0.0353608  0.00436772
    0.471405    0.108104   0.0902434  0.00951932
    0.659966    0.233885    0.159347   0.0133624
    0.848528    0.331358    0.245821   0.0242841
     1.03709    0.355542    0.318285   0.0258784
     1.22565    0.385054    0.426305   0.0300184
     1.41421    0.513094    0.520967   0.0266151
     1.60278    0.459816    0.513299   0.0314441
     1.79134    0.550831    0.486152     0.02266
      1.9799    0.475333    0.423094   0.0210476
     2.16846    0.275796    0.347991   0.0131957
     2.35702    0.398803    0.339171   0.0172069
     2.54558     0.38471    0.346013   0.0449806
     2.73415    0.245597    0.291354   0.0223174
     2.92271    0.160621    0.214822   0.0190472
     3.11127    0.160351    0.178441   0.0151127
     3.29983   0.0670769    0.116135   0.0151839
     3.48839   0.0493502   0.0951184   0.0109798
     3.67696   0.0338085   0.0688392  0.00692263
     3.86552   0.0408796   0.0407541  0.00563317
     4.05408   0.0105084   0.0249315  0.00706502
     4.24264 0.000589256  0.00922894  0.00360023
      4.4312  0.00770943  0.00519145  0.00234427
     4.61976   0.0037565  0.00229973  0.00170618
     4.80833           0 0.000982093 0.000925926
     4.99689           0 0.000310996  0.00029321
     5.18545           0 0.000215515 0.000203189
     5.37401           0           0           0
     5.56257           0           0           0


   0.0942809 0.000270076   0.0023914  0.00122707
    0.282843   0.0117851   0.0330032  0.00452269
    0.471405    0.164648   0.0976839   0.0111006
    0.659966    0.173438    0.160756   0.0121003
    0.848528    0.196566    0.240895   0.0223497
     1.03709    0.411325    0.327589    0.024907
     1.22565    0.451591    0.428833   0.0271229
     1.41421    0.637918    0.532663   0.0263984
     1.60278    0.461363    0.508105   0.0287254
     1.79134    0.583314    0.495868   0.0223803
      1.9799     0.44587    0.425371   0.0190657
     2.16846    0.373588    0.350551   0.0121218
     2.35702    0.297623    0.335016   0.0159799
     2.54558    0.206068    0.332019   0.0426039
     2.73415    0.260525    0.288271   0.0202975
     2.92271    0.209063    0.214246   0.0171512
     3.11127    0.184265    0.179023   0.0136127
     3.29983    0.134817    0.118003     0.01378
     3.48839   0.0401676   0.0896233   0.0111726
     3.67696   0.0306658   0.0650219  0.00720641
     3.86552   0.0284316   0.0395219  0.00520288
     4.05408           0   0.0224384  0.00678417
     4.24264           0  0.00830605  0.00335641
      4.4312           0  0.00467231  0.00216656
     4.61976           0  0.00206976  0.00155098
     4.80833           0 0.000883883 0.000838525
     4.99689           0 0.000279896 0.000265533
     5.18545           0 0.000193963  0.00018401
     5.37401           0           0           0
     5.56257           0           0           0


   0.0942809  0.00611353  0.00272977  0.00116124
    0.282843   0.0457901   0.0341657   0.0042583
    0.471405    0.148566     0.10231   0.0110132
    0.659966    0.187482    0.163186   0.0112415
    0.848528    0.244345    0.241209   0.0203201
     1.03709      0.3469    0.329345   0.0227045
     1.22565    0.299514    0.417077   0.0270854
     1.41421     0.52952    0.532377   0.0240001
     1.60278    0.504869    0.507811   0.0261155
     1.79134    0.605804    0.505863   0.0224667
      1.9799    0.472804    0.429683   0.0178134
     2.16846       0.436    0.358319   0.0132776
     2.35702    0.475799    0.347815   0.0189723
     2.54558    0.366738    0.335175   0.0388476
     2.73415    0.180263    0.278452   0.0206914
     2.92271    0.114463    0.205175   0.0178302
     3.11127     0.15409    0.176757   0.0125624
     3.29983   0.0735587    0.113963   0.0131062
     3.48839   0.0471896   0.0857657   0.0108024
     3.67696   0.0322863   0.0620459  0.00713937
     3.86552   0.0132091   0.0371298  0.00525107
     4.05408   0.0179968   0.0220346  0.00617943
     4.24264           0  0.00755095  0.00313507
      4.4312           0  0.00424755  0.00201081
     4.61976           0   0.0018816  0.00142135
     4.80833           0  0.00080353 0.000766136
     4.99689           0 0.000254451  0.00024261
     5.18545           0  0.00017633 0.000168124
     5.37401           0           0           0
     5.56257           0           0           0


   0.0942809  0.00719383  0.00310178  0.00112247
    0.282843   0.0380561   0.0344899  0.00391577
    0.471405    0.155146    0.106713   0.0109402
    0.659966    0.170197     0.16377   0.0103199
    0.848528    0.281345    0.244553      0.0189
     1.03709    0.361557    0.332029   0.0209706
     1.22565    0.363325    0.412598    0.025196
     1.41421    0.499492    0.529636   0.0221559
     1.60278    0.515771    0.508474   0.0239476
     1.79134    0.494926    0.504951   0.0206129
      1.9799     0.45272    0.431603   0.0164321
     2.16846    0.486136     0.36897   0.0158788
     2.35702     0.45795    0.356993   0.0194852
     2.54558    0.316381    0.333609   0.0356419
     2.73415     0.14891    0.267657   0.0216004
     2.92271    0.201304    0.204852   0.0163473
     3.11127    0.198309    0.178553   0.0116432
     3.29983   0.0445379    0.108178   0.0132295
     3.48839   0.0336367   0.0814216   0.0107402
     3.67696   0.0302485   0.0593962  0.00701895
     3.86552   0.0171375   0.0354638  0.00507089
     4.05408   0.0231774   0.0221298  0.00566521
     4.24264  0.00584345  0.00740866  0.00287704
      4.4312           0  0.00389359  0.00187413
     4.61976           0   0.0017248  0.00131153
     4.80833           0  0.00073657 0.000705212
     4.99689           0 0.000233247 0.000223317
     5.18545           0 0.000161636 0.000154755
     5.37401           0           0           0
     5.56257           0           0           0


   0.0942809  0.00095754  0.00293684  0.00104818
    0.282843   0.0194454   0.0333326   0.0037817
    0.471405    0.111688    0.107095   0.0101054
    0.659966    0.174862    0.164623  0.00956125
    0.848528    0.301282    0.248917   0.0179428
     1.03709    0.372189    0.335118   0.0195837
     1.22565    0.521025    0.420938   0.0245996
     1.41421    0.444667      0.5231    0.021394
     1.60278    0.442556    0.503404    0.022636
     1.79134    0.566005    0.509648    0.019555
      1.9799    0.590876    0.443855   0.0191997
     2.16846    0.455986    0.375664   0.0160061
     2.35702    0.299833    0.352596   0.0184757
     2.54558    0.213728    0.324387   0.0340722
     2.73415    0.223917    0.264292   0.0201991
     2.92271    0.110976    0.197631   0.0166083
     3.11127    0.183479    0.178932   0.0107538
     3.29983   0.0958523    0.107229   0.0122457
     3.48839   0.0726258    0.080745   0.0099353
     3.67696   0.0521491   0.0588387  0.00650113
     3.86552   0.0217779    0.034411  0.00478885
     4.05408  0.00935443   0.0211471  0.00531398
     4.24264  0.00672734  0.00735625  0.00265621
      4.4312  0.00626084  0.00407568  0.00173879
     4.61976  0.00508233  0.00198307  0.00123581
     4.80833           0  0.00067991 0.000653237
     4.99689           0 0.000215305 0.000206858
     5.18545           0 0.000149203 0.000143349
     5.37401           0           0           0
     5.56257           0           0           0


   0.0942809  0.00255344  0.00290945 0.000973666
    0.282843  0.00866697   0.0315708  0.00390045
    0.471405    0.118981    0.107944  0.00941914
    0.659966    0.129121    0.162087  0.00920846
    0.848528    0.250213     0.24901   0.0166614
     1.03709    0.428487    0.341788    0.019287
     1.22565     0.48756    0.425697   0.0232982
     1.41421     0.40558    0.514706   0.0214496
     1.60278      0.4826    0.501918   0.0210678
     1.79134    0.551396     0.51263   0.0183842
      1.9799    0.468213    0.445595    0.017907
     2.16846     0.52979    0.386673   0.0182604
     2.35702    0.466028    0.360698   0.0188491
     2.54558     0.21471    0.316553   0.0325267
     2.73415    0.168674    0.257463   0.0198775
     2.92271     0.10803    0.191231   0.0166094
     3.11127    0.239361    0.183248   0.0108173
     3.29983    0.100984    0.106783   0.0113792
     3.48839   0.0747127   0.0803141  0.00923498
     3.67696   0.0261728   0.0565054  0.00644188
     3.86552   0.0135283   0.0329194  0.00467333
     4.05408    0.019691   0.0210431  0.00493543
     4.24264  0.00780764  0.00738849  0.00246668
      4.4312 0.000441942  0.00381613  0.00163385
     4.61976           0  0.00184142  0.00115563
     4.80833           0 0.000631345  0.00060838
     4.99689           0 0.000199926 0.000192654
     5.18545           0 0.000138545 0.000133506
     5.37401           0           0           0
     5.56257           0           0           0


   0.0942809  0.00105575  0.00278587 0.000916564
    0.282843   0.0212869   0.0308852  0.00370018
    0.471405    0.130078     0.10942  0.00890603
    0.659966    0.146185    0.161027  0.00865537
    0.848528    0.250556    0.249113    0.015551
     1.03709    0.427456    0.347499   0.0188278
     1.22565    0.437645    0.426493   0.0217586
     1.41421    0.434527    0.509361   0.0206749
     1.60278    0.534136    0.504066   0.0197725
     1.79134     0.55778     0.51564   0.0174033
      1.9799     0.53308    0.451427   0.0176374
     2.16846    0.365363    0.385252   0.0170982
     2.35702    0.385373    0.362343   0.0176641
     2.54558    0.391929    0.321578   0.0307439
     2.73415    0.213875    0.254557   0.0187635
     2.92271   0.0636642    0.182727   0.0175448
     3.11127    0.106115    0.178106   0.0112522
     3.29983     0.14918     0.10961    0.010966
     3.48839   0.0624857   0.0791256  0.00869546
     3.67696   0.0649409   0.0570678  0.00603692
     3.86552   0.0155907   0.0317642   0.0045023
     4.05408   0.0109994   0.0203735   0.0046516
     4.24264           0  0.00689593   0.0023509
      4.4312           0  0.00356172  0.00154461
     4.61976           0  0.00171866  0.00108509
     4.80833           0 0.000589256 0.000569275
     4.99689           0 0.000186598  0.00018027
     5.18545           0 0.000129309 0.000124924
     5.37401           0           0           0
     5.56257           0           0           0


   0.0942809   0.0147314  0.00353246  0.00112291
    0.282843     0.03236   0.0309774  0.00347007
    0.471405   0.0340786    0.104711  0.00951314
    0.659966    0.111271    0.157917  0.00865505
    0.848528    0.285838    0.251408   0.0147475
     1.03709     0.36772    0.348763   0.0176935
     1.22565    0.426621    0.426501   0.0203987
     1.41421    0.578698    0.513694   0.0198317
     1.60278    0.527286    0.505517   0.0185899
     1.79134    0.657437    0.524502   0.0184345
      1.9799    0.536247    0.456728   0.0173135
     2.16846    0.442015      0.3888   0.0163935
     2.35702    0.310047    0.359075   0.0168598
     2.54558    0.240588    0.316516   0.0292362
     2.73415    0.206534    0.251555   0.0178293
     2.92271    0.131944    0.179553   0.0167329
     3.11127    0.140611    0.175762   0.0107902
     3.29983   0.0609634    0.106569   0.0106938
     3.48839   0.0757194   0.0789127   0.0081546
     3.67696   0.0666104   0.0576642    0.005689
     3.86552   0.0360183     0.03203  0.00422875
     4.05408   0.0137493   0.0199595  0.00437926
     4.24264  0.00363374  0.00669204  0.00221279
      4.4312  0.00257799  0.00350024  0.00144929
     4.61976           0  0.00161125  0.00102257
     4.80833           0 0.000552427 0.000534885
     4.99689           0 0.000174935  0.00016938
     5.18545           0 0.000121227 0.000117378
     5.37401           0           0           0
     5.56257           0           0           0


   0.0942809  0.00117851    0.003394  0.00106536
    0.282843   0.0257799   0.0306716  0.00327939
    0.471405   0.0860313    0.103612  0.00901678
    0.659966     0.20921    0.160935  0.00865588
    0.848528    0.329369    0.255994   0.0145756
     1.03709    0.276533    0.344514   0.0171552
     1.22565    0.373195    0.423366   0.0194383
     1.41421    0.631117    0.520602   0.0198316
     1.60278    0.532319    0.507093   0.0175631
     1.79134    0.703326    0.535021   0.0201288
      1.9799    0.332635    0.449429   0.0177673
     2.16846    0.460381     0.39301   0.0159608
     2.35702    0.244246     0.35232   0.0171679
     2.54558    0.334255     0.31756    0.027535
     2.73415    0.221388    0.249781   0.0168686
     2.92271    0.156423    0.178192   0.0158038
     3.11127    0.155441    0.174567   0.0102214
     3.29983   0.0648672    0.104116   0.0103423
     3.48839    0.065923   0.0781486  0.00771063
     3.67696   0.0734605   0.0585934  0.00542971
     3.86552   0.0159836   0.0310861  0.00408398
     4.05408  0.00940354   0.0193386  0.00416544
     4.24264 0.000834779   0.0063475  0.00210928
      4.4312           0  0.00329434  0.00137859
     4.61976           0  0.00151647 0.000966802
     4.80833           0 0.000519931 0.000504408
     4.99689           0 0.000164645 0.000159729
     5.18545           0 0.000114096 0.000110689
     5.37401           0           0           0
     5.56257           0           0           0


   0.0942809  0.00984548  0.00375241  0.00106476
    0.282843   0.0644744   0.0325496  0.00359491
    0.471405    0.124137    0.104752  0.00858764
    0.659966    0.199316    0.163067  0.00843354
    0.848528     0.32932    0.260068   0.0143238
     1.03709    0.358955    0.345316   0.0162209
     1.22565    0.340172    0.418744   0.0188999
     1.41421    0.378449    0.512704   0.0202413
     1.60278    0.518201    0.507711   0.0165982
     1.79134    0.383949    0.526628   0.0206864
      1.9799    0.513905    0.453011   0.0171375
     2.16846    0.491292     0.39847   0.0159807
     2.35702     0.44889    0.357685   0.0170318
     2.54558    0.350116    0.319368   0.0260646
     2.73415     0.25856    0.250269   0.0159385
     2.92271    0.164574    0.177436   0.0149439
     3.11127   0.0835761    0.169512   0.0108317
     3.29983    0.117385    0.104853  0.00979392
     3.48839    0.117286   0.0803229  0.00758264
     3.67696   0.0458146   0.0578835  0.00517426
     3.86552  0.00508233   0.0296415  0.00410466
     4.05408           0   0.0182642  0.00407022
     4.24264           0  0.00599486  0.00202136
      4.4312           0  0.00311132  0.00131409
     4.61976           0  0.00143222 0.000916754
     4.80833           0 0.000491046 0.000477211
     4.99689           0 0.000155498 0.000151117
     5.18545           0 0.000107757 0.000104721
     5.37401           0           0           0
     5.56257           0           0           0


   0.0942809  0.00063836  0.00358852  0.00102125
    0.282843   0.0467476   0.0332968   0.0034825
    0.471405     0.14864    0.107062  0.00844059
    0.659966    0.126395    0.161137  0.00820756
    0.848528    0.195682    0.256679    0.013965
     1.03709    0.289325    0.342369   0.0156326
     1.22565    0.356082    0.415446   0.0181906
     1.41421    0.350411    0.504162   0.0209007
     1.60278    0.488616    0.506706    0.015755
     1.79134    0.462124    0.523233   0.0198743
      1.9799    0.670278    0.464446   0.0196843
     2.16846    0.654442    0.411943   0.0200289
     2.35702    0.467795     0.36348   0.0170929
     2.54558    0.395366    0.323368   0.0249978
     2.73415    0.324582     0.25418   0.0155721
     2.92271    0.114856    0.174142   0.0145158
     3.11127    0.079795     0.16479   0.0112438
     3.29983   0.0327528    0.101059  0.00998659
     3.48839   0.0641061   0.0794694  0.00723143
     3.67696   0.0274495   0.0562817  0.00514389
     3.86552  0.00721838   0.0284613  0.00405474
     4.05408           0   0.0173029  0.00396789
     4.24264           0  0.00567934  0.00193944
      4.4312           0  0.00294757  0.00125509
     4.61976           0  0.00135684 0.000871597
     4.80833           0 0.000465202 0.000452794
     4.99689           0 0.000147314 0.000143385
     5.18545           0 0.000102086 9.93632e-05
     5.37401           0           0           0
     5.56257           0           0           0


   0.0942809           0  0.00340909 0.000985827
    0.282843    0.021606   0.0327123  0.00335707
    0.471405   0.0939617    0.106407  0.00804393
    0.659966    0.160646    0.161112  0.00779722
    0.848528    0.204594    0.254075   0.0135074
     1.03709      0.3236    0.341431   0.0148791
     1.22565    0.491488    0.419248    0.017674
     1.41421    0.507595    0.504334   0.0198563
     1.60278    0.501653    0.506453   0.0149693
     1.79134    0.456452    0.519894    0.019159
      1.9799    0.546314    0.468539    0.019121
     2.16846    0.526917    0.417691   0.0198353
     2.35702    0.462369    0.368425   0.0169383
     2.54558    0.388811     0.32664   0.0239611
     2.73415    0.203882    0.251665   0.0149952
     2.92271    0.112351    0.171052    0.014115
     3.11127    0.113284    0.162215   0.0109726
     3.29983   0.0751546   0.0997634  0.00957088
     3.48839   0.0365584   0.0773238   0.0071811
     3.67696   0.0258781   0.0547615  0.00510639
     3.86552  0.00233247   0.0271549  0.00405702
     4.05408  0.00881428   0.0168785  0.00379213
     4.24264   0.0343241  0.00711158  0.00231159
      4.4312  0.00471405  0.00303589  0.00119544
     4.61976           0    0.001289 0.000830653
     4.80833           0 0.000441942 0.000430752
     4.99689           0 0.000139948 0.000136405
     5.18545           0 9.69817e-05  9.4526e-05
     5.37401           0           0           0
     5.56257           0           0           0


   0.0942809 0.000122762   0.0032526 0.000951223
    0.282843   0.0247242   0.0323319  0.00321869
    0.471405   0.0486872    0.103659   0.0081169
    0.659966    0.103095     0.15835  0.00790022
    0.848528    0.323747    0.257392   0.0132654
     1.03709    0.566201    0.352134   0.0176043
     1.22565     0.42969    0.419745   0.0168393
     1.41421    0.487462    0.503531   0.0189271
     1.60278    0.443587    0.503459   0.0145527
     1.79134    0.483975    0.518184   0.0183228
      1.9799      0.4991    0.469995   0.0182658
     2.16846    0.508258    0.422004   0.0193539
     2.35702    0.348667    0.367484   0.0161578
     2.54558    0.259935    0.323464   0.0230297
     2.73415     0.26406    0.252255   0.0142928
     2.92271    0.160695    0.170559   0.0134515
     3.11127    0.159345    0.162078   0.0104509
     3.29983   0.0576243   0.0977568  0.00932311
     3.48839   0.0211641   0.0746496  0.00732018
     3.67696    0.041518   0.0541308  0.00490201
     3.86552   0.0218516   0.0269023  0.00387168
     4.05408   0.0214833   0.0170978  0.00361789
     4.24264   0.0204521  0.00774684  0.00228714
      4.4312  0.00785674  0.00326546  0.00116035
     4.61976           0  0.00122762 0.000793363
     4.80833           0 0.000420897 0.000410753
     4.99689           0 0.000133284 0.000130072
     5.18545           0 9.23635e-05 9.01375e-05
     5.37401           0           0           0
     5.56257           0           0           0


   0.0942809  0.00144859   0.0031706 0.000911513
    0.282843   0.0610862   0.0336389  0.00332719
    0.471405    0.069434    0.102103  0.00789563
    0.659966    0.176482    0.159174  0.00758399
    0.848528     0.18564    0.254131   0.0130572
     1.03709    0.287409    0.349192   0.0170482
     1.22565    0.476045    0.422304   0.0162672
     1.41421    0.545356    0.505432    0.018162
     1.60278    0.589354    0.507364   0.0144055
     1.79134    0.505483    0.517606   0.0174991
      1.9799    0.479507    0.470427   0.0174406
     2.16846    0.455642    0.423533   0.0185345
     2.35702    0.333936    0.365959   0.0154952
     2.54558    0.283064    0.321628    0.022056
     2.73415    0.256744    0.252459   0.0136445
     2.92271    0.147609    0.169516   0.0128804
     3.11127    0.141299    0.161134   0.0100185
     3.29983    0.156325    0.100419  0.00927163
     3.48839   0.0504059   0.0735476  0.00706991
     3.67696    0.064278   0.0545921  0.00470084
     3.86552   0.0256326   0.0268446  0.00369612
     4.05408    0.005868   0.0165873  0.00348926
     4.24264   0.0052542  0.00763354  0.00218598
      4.4312           0  0.00311703  0.00111706
     4.61976           0  0.00117182 0.000759261
     4.80833           0 0.000401765 0.000392528
     4.99689           0 0.000127226 0.000124301
     5.18545           0 8.81651e-05 8.61381e-05
     5.37401           0           0           0
     5.56257           0           0           0


   0.0942809  0.00130127  0.00308932 0.000875498
    0.282843    0.031206   0.0335331  0.00318421
    0.471405   0.0932252    0.101717  0.00756177
    0.659966    0.148615    0.158715  0.00726813
    0.848528    0.290552    0.255715   0.0125852
     1.03709    0.310685    0.347518   0.0163889
     1.22565    0.407568    0.421664   0.0155725
     1.41421    0.478279    0.504251   0.0174106
     1.60278    0.604085    0.511569   0.0143798
     1.79134     0.48346    0.516122   0.0168011
      1.9799    0.456698     0.46983   0.0166925
     2.16846    0.506662    0.427147   0.0180776
     2.35702    0.320702    0.363991   0.0149459
     2.54558    0.356942    0.323163   0.0211504
     2.73415    0.237691    0.251817   0.0130664
     2.92271    0.160155    0.169109   0.0123268
     3.11127    0.108791    0.158858  0.00983798
     3.29983   0.0500131   0.0982274  0.00912385
     3.48839    0.127279   0.0758837  0.00713807
     3.67696   0.0973254   0.0564501  0.00484975
     3.86552   0.0233247   0.0266916  0.00353859
     4.05408  0.00449307   0.0160615  0.00337694
     4.24264  0.00348643  0.00745323  0.00209836
      4.4312 0.000466494  0.00300179  0.00107442
     4.61976 0.000294628  0.00113368 0.000727207
     4.80833           0 0.000384297  0.00037585
     4.99689           0 0.000121694 0.000119019
     5.18545           0 8.43319e-05 8.24782e-05
     5.37401           0           0           0
     5.56257           0           0           0


   0.0942809   0.0139703  0.00354269 0.000949176
    0.282843   0.0616509   0.0347047  0.00325995
    0.471405    0.150972    0.103769  0.00752004
    0.659966     0.15711    0.158648   0.0069656
    0.848528    0.281468    0.256788   0.0121064
     1.03709    0.333175     0.34692    0.015717
     1.22565     0.39927    0.420731   0.0149516
     1.41421    0.427382    0.501048   0.0169772
     1.60278    0.532884    0.512457   0.0138081
     1.79134    0.416456    0.511969   0.0166063
      1.9799    0.599077    0.475215   0.0168433
     2.16846    0.483705    0.429504   0.0174773
     2.35702     0.40747    0.365803   0.0144325
     2.54558    0.291191    0.321831   0.0203111
     2.73415    0.242945    0.251447   0.0125272
     2.92271    0.131944     0.16756   0.0119101
     3.11127   0.0694094    0.155131   0.0101094
     3.29983   0.0994369   0.0982778  0.00874383
     3.48839   0.0316479   0.0740406  0.00707461
     3.67696   0.0695322   0.0569951  0.00467821
     3.86552   0.0463302   0.0275099  0.00348447
     4.05408   0.0421072   0.0171467  0.00340616
     4.24264   0.0103365  0.00757337  0.00201437
      4.4312  0.00309359  0.00300561  0.00102966
     4.61976  0.00073657  0.00111713 0.000697095
     4.80833           0 0.000368285 0.000360531
     4.99689           0 0.000116624 0.000114168
     5.18545           0  8.0818e-05 7.91164e-05
     5.37401           0           0           0
     5.56257           0           0           0


   0.0942809   0.0227354  0.00431041  0.00118157
    0.282843   0.0570841   0.0355999  0.00325013
    0.471405    0.130225    0.104828  0.00729332
    0.659966    0.173462     0.15924  0.00671214
    0.848528    0.191017    0.254157   0.0119046
     1.03709     0.27393    0.344001   0.0153571
     1.22565     0.46755    0.422603   0.0144704
     1.41421    0.485547    0.500428   0.0163095
     1.60278    0.702565    0.520061   0.0152062
     1.79134    0.569295    0.514262   0.0160996
      1.9799    0.453187    0.474334   0.0161926
     2.16846    0.380094    0.427528   0.0168896
     2.35702    0.275575    0.362194   0.0142994
     2.54558     0.19659    0.316821   0.0201069
     2.73415    0.315473    0.254008   0.0122851
     2.92271   0.0805562     0.16408   0.0119313
     3.11127    0.144981    0.154725  0.00971319
     3.29983    0.189618    0.101931  0.00912553
     3.48839   0.0806053   0.0743032   0.0067965
     3.67696   0.0380315   0.0562366  0.00455216
     3.86552   0.0231774   0.0273366   0.0033494
     4.05408   0.0166956   0.0171287  0.00326996
     4.24264   0.0114414  0.00772809  0.00193972
      4.4312    0.011515  0.00334599  0.00104322
     4.61976  0.00766032  0.00137886 0.000716662
     4.80833  0.00468949 0.000541133 0.000385322
     4.99689           0 0.000111959 0.000109697
     5.18545           0 7.75853e-05 7.60178e-05
     5.37401           0           0           0
     5.56257           0           0           0


   0.0942809  0.00518054  0.00434387   0.0011366
    0.282843   0.0415425   0.0358284  0.00313316
    0.471405    0.116157    0.105263  0.00702581
    0.659966    0.172382    0.159746  0.00647298
    0.848528    0.261556    0.254441   0.0114501
     1.03709    0.257259    0.340664   0.0151244
     1.22565    0.384784    0.421149   0.0139867
     1.41421    0.575605     0.50332   0.0159364
     1.60278    0.646806    0.524936   0.0153829
     1.79134    0.558639    0.515969   0.0155706
      1.9799    0.439143    0.472981   0.0156263
     2.16846    0.361017    0.424969   0.0164326
     2.35702    0.442285    0.365274   0.0140773
     2.54558    0.258806     0.31459    0.019457
     2.73415    0.156546     0.25026   0.0123713
     2.92271     0.10889    0.161957   0.0116597
     3.11127    0.119914    0.153386  0.00943143
     3.29983    0.137837    0.103312  0.00887842
     3.48839    0.122418   0.0761537  0.00678236
     3.67696   0.0676907   0.0566771  0.00439835
     3.86552   0.0570841   0.0284807   0.0034104
     4.05408  0.00724293   0.0167485  0.00316622
     4.24264  0.00125217  0.00747901  0.00188104
      4.4312  0.00162045  0.00327962   0.0010052
     4.61976  0.00164501  0.00138909 0.000689171
     4.80833           0  0.00052032 0.000371064
     4.99689           0 0.000107652 0.000105562
     5.18545           0 7.46013e-05 7.31526e-05
     5.37401           0           0           0
     5.56257           0           0           0


   0.0942809  7.3657e-05  0.00418572  0.00110545
    0.282843   0.0142403   0.0350289  0.00311747
    0.471405   0.0518299    0.103284   0.0070388
    0.659966    0.259395    0.163437  0.00720903
    0.848528     0.36087    0.258383   0.0116849
     1.03709    0.388491    0.342436   0.0146676
     1.22565    0.468655    0.422908   0.0135789
     1.41421    0.445158    0.501166   0.0154911
     1.60278    0.523701     0.52489   0.0148132
     1.79134    0.492716    0.515108   0.0150177
      1.9799    0.428217    0.471323   0.0151352
     2.16846    0.401529    0.424101   0.0158469
     2.35702    0.440346    0.368055   0.0138277
     2.54558    0.242651    0.311925   0.0189179
     2.73415    0.210242    0.248778   0.0120015
     2.92271    0.162045    0.161961   0.0112279
     3.11127    0.142403    0.152979  0.00909089
     3.29983   0.0929796     0.10293  0.00855784
     3.48839   0.0788129   0.0762522  0.00653187
     3.67696    0.046674   0.0563067  0.00425102
     3.86552   0.0298556   0.0285316  0.00328447
     4.05408   0.0113677   0.0165492  0.00305522
     4.24264   0.0063836  0.00743844  0.00181181
      4.4312  0.00105575  0.00319726 0.000971339
     4.61976  0.00360919  0.00147132 0.000668534
     4.80833           0 0.000501049 0.000357821
     4.99689           0 0.000103665 0.000101728
     5.18545           0 7.18383e-05 7.04954e-05
     5.37401           0           0           0
     5.56257           0           0           0


   0.0942809  0.00125217  0.00408095  0.00107092
    0.282843   0.0307395   0.0348757  0.00300989
    0.471405    0.111075    0.103563  0.00679291
    0.659966    0.263029    0.166993   0.0077797
    0.848528    0.284291    0.259308   0.0113041
     1.03709    0.341032    0.342386   0.0141439
     1.22565    0.427603    0.423076    0.013095
     1.41421    0.434183    0.498773   0.0151214
     1.60278    0.600231    0.527581   0.0145265
     1.79134    0.573248    0.517184   0.0146242
      1.9799    0.426768    0.469731   0.0146781
     2.16846    0.401111     0.42328   0.0153022
     2.35702      0.2509    0.363871   0.0139526
     2.54558    0.218884    0.308602   0.0185318
     2.73415    0.249132     0.24879   0.0115729
     2.92271    0.277392    0.166083    0.011559
     3.11127    0.163027    0.153338  0.00877329
     3.29983    0.066414    0.101626  0.00835098
     3.48839   0.0288244   0.0745584  0.00651452
     3.67696   0.0517317   0.0561433  0.00410234
     3.86552   0.0310096   0.0286201  0.00316836
     4.05408   0.0212378   0.0167166  0.00295069
     4.24264   0.0359446  0.00845652  0.00201292
      4.4312  0.00510688  0.00326546  0.00093904
     4.61976  0.00913346  0.00174497 0.000698421
     4.80833           0 0.000483155 0.000345489
     4.99689           0  9.9963e-05 9.81617e-05
     5.18545           0 6.92726e-05 6.80244e-05
     5.37401           0           0           0
     5.56257           0           0           0


   0.0942809  0.00881428  0.00424416  0.00104636
    0.282843   0.0369021   0.0349456  0.00290691
    0.471405    0.153992    0.105302   0.0067776
    0.659966    0.229049    0.169133  0.00780017
    0.848528    0.231774    0.258359   0.0109541
     1.03709     0.30413    0.341066   0.0137175
     1.22565    0.443096    0.423766   0.0126616
     1.41421    0.519085    0.499474   0.0146162
     1.60278    0.482109    0.526013   0.0141099
     1.79134    0.448915     0.51483   0.0143082
      1.9799    0.508798    0.471079   0.0142336
     2.16846    0.361828    0.421161   0.0149205
     2.35702    0.309187    0.361985   0.0135983
     2.54558    0.256891    0.306819   0.0179784
     2.73415    0.303368    0.250672   0.0113259
     2.92271    0.248985    0.168942   0.0115084
     3.11127    0.156521    0.153448  0.00847145
     3.29983    0.109823    0.101908  0.00806779
     3.48839    0.059122   0.0740261  0.00631159
     3.67696   0.0448571   0.0557541  0.00397929
     3.86552   0.0683782   0.0299911  0.00334258
     4.05408  0.00893704   0.0164484  0.00286111
     4.24264  0.00444397  0.00831816  0.00194826
      4.4312  0.00429666  0.00330102 0.000907332
     4.61976           0   0.0016848 0.000676925
     4.80833           0 0.000466494 0.000333977
     4.99689           0  9.6516e-05 9.48373e-05
     5.18545           0 6.68839e-05 6.57206e-05
     5.37401           0           0           0
     5.56257           0           0           0


   0.0942809           0  0.00410269    0.001021
    0.282843  0.00621174   0.0339878  0.00296361
    0.471405   0.0704406    0.104139  0.00665055
    0.659966    0.166047     0.16903  0.00754085
    0.848528    0.240613    0.257767   0.0106049
     1.03709    0.381199    0.342404   0.0133254
     1.22565     0.43136    0.424019   0.0122421
     1.41421    0.469686    0.498481   0.0141627
     1.60278    0.405923     0.52201   0.0141961
     1.79134    0.579091    0.516972   0.0139906
      1.9799    0.584001    0.474843   0.0142482
     2.16846    0.533694    0.424912   0.0148872
     2.35702    0.406194    0.363459   0.0132246
     2.54558    0.304252    0.306734   0.0173793
     2.73415    0.244345    0.250461   0.0109503
     2.92271    0.123596     0.16743   0.0112237
     3.11127   0.0634677    0.150448  0.00870385
     3.29983   0.0523946    0.100258   0.0079659
     3.48839   0.0817347    0.074283  0.00610643
     3.67696   0.0817838   0.0566217  0.00394011
     3.86552   0.0581153   0.0309286  0.00336006
     4.05408   0.0139457   0.0163649  0.00276695
     4.24264  0.00520509  0.00821439  0.00188608
      4.4312           0  0.00319098 0.000883735
     4.61976           0  0.00162864 0.000656686
     4.80833           0 0.000450944 0.000323206
     4.99689           0 9.32988e-05 9.17307e-05
     5.18545           0 6.46544e-05 6.35677e-05
     5.37401           0           0           0
     5.56257           0           0           0


