#Step:       Beta:       E_tot:       Err:
1                 0.5             46.1516            0.765723
2            0.505051           0.0362473          0.00628179
3            0.510152          -0.0340459           0.0171114
4            0.515305            0.318989           0.0363895
5             0.52051            0.107152          0.00692654
6            0.525768           -0.137312           0.0154732
7            0.531079           -0.129329           0.0158193
8            0.536443          -0.0238137          0.00551392
9            0.541862           -0.196922           0.0133077
10            0.547335             3.50649           0.0714315
11            0.552864           -0.415194           0.0034339
12            0.558448            0.772407           0.0111658
13            0.564089           0.0800678           0.0228224
14            0.569787           -0.191131           0.0069365
15            0.575542           -0.283869          0.00508147
16            0.581356             0.95485          0.00965197
17            0.587228          -0.0970855          0.00488867
18             0.59316            -0.17935           0.0139412
19            0.599151           -0.176465          0.00495471
20            0.605203           -0.151482          0.00519105
21            0.611316           0.0278942          0.00664759
22            0.617491           -0.335405          0.00599824
23            0.623729           -0.222744           0.0100629
24            0.630029           0.0552527          0.00891127
25            0.636393           -0.418281          0.00369332
26            0.642821           -0.232955           0.0100035
27            0.649314           -0.233078          0.00686706
28            0.655873            0.603025            0.019359
29            0.662498           -0.445041          0.00248917
30             0.66919           -0.421114          0.00287275
31            0.675949            0.172963           0.0219242
32            0.682777             3.00872            0.078791
33            0.689674            0.639256          0.00961651
34             0.69664           -0.162193           0.0145382
35            0.703677           -0.277362          0.00447462
36            0.710785           -0.169978          0.00523187
37            0.717965           -0.314328          0.00352149
38            0.725217            0.308434           0.0207617
39            0.732542             2.36375           0.0299885
40            0.739942             1.95496           0.0618041
41            0.747416           -0.302717          0.00617405
42            0.754965           -0.327196          0.00361344
43            0.762591             1.78138           0.0365902
44            0.770294             2.12149           0.0520872
45            0.778075           -0.333861          0.00587278
46            0.785934           -0.298071          0.00374939
47            0.793873              1.1675           0.0552094
48            0.801892            0.358295           0.0336478
49            0.809992            0.770465           0.0140946
50            0.818174           -0.219218           0.0115982
51            0.826438           -0.145172          0.00515377
52            0.834786           -0.212795          0.00516425
53            0.843218            0.193471           0.0195411
54            0.851735           -0.267523          0.00559261
55            0.860339         -0.00392403          0.00599099
56            0.869029            0.219129            0.025625
57            0.877807           -0.177411          0.00488746
58            0.886674            0.544717           0.0413158
59             0.89563            0.379263           0.0103898
60            0.904677            0.413732           0.0410346
61            0.913815          -0.0855815          0.00500307
62            0.923046           0.0737078           0.0201933
63            0.932369            0.457894          0.00834956
64            0.941787            0.920682           0.0335764
65              0.9513           -0.232284          0.00534451
66            0.960909           -0.228483          0.00418846
67            0.970615            0.139603           0.0234523
68             0.98042             1.02163           0.0150818
69            0.990323           -0.319746          0.00703123
70             1.00033            0.431862           0.0344063
71             1.01043           -0.211612           0.0132378
72             1.02064            0.299321          0.00880809
73             1.03095           0.0581588           0.0211146
74             1.04136           -0.193621          0.00442789
75             1.05188            0.276788           0.0329156
76              1.0625          -0.0675276          0.00627731
77             1.07324           -0.159681           0.0148582
78             1.08408           -0.389668          0.00462152
79             1.09503           -0.346684          0.00402814
80             1.10609           -0.192966           0.0051632
81             1.11726            0.213031           0.0080725
82             1.12855          -0.0641727          0.00632354
83             1.13995           0.0637589          0.00797016
84             1.15146           -0.232875          0.00561468
85             1.16309            0.020131          0.00564299
86             1.17484           -0.308602          0.00666147
87             1.18671            0.977562            0.011833
88             1.19869           -0.244904          0.00628629
89              1.2108           -0.126003           0.0135418
90             1.22303          -0.0505289           0.0189993
91             1.23539           -0.307365          0.00432145
92             1.24786            0.461048          0.00816486
93             1.26047           -0.231668          0.00532372
94              1.2732            0.606402           0.0110095
95             1.28606           -0.255882          0.00767303
96             1.29905           -0.372361           0.0032082
97             1.31217           -0.197681          0.00527975
98             1.32543            0.476147           0.0333465
99             1.33882            0.224214           0.0374528
100             1.35234           -0.251741          0.00561972
101               1.366          -0.0919115          0.00535946
102              1.3798           -0.215709           0.0129638
103             1.39373           -0.151468            0.010014
104             1.40781           -0.197586           0.0132909
105             1.42203           -0.238163          0.00389199
106              1.4364            0.382602            0.030224
107             1.45091            -0.42734          0.00316472
108             1.46556             0.71777           0.0159656
109             1.48037            0.042931           0.0230939
110             1.49532            0.229659           0.0281778
111             1.51042             2.51811           0.0893427
112             1.52568            0.108445           0.0244225
113             1.54109          -0.0463898          0.00586646
114             1.55666           -0.347141          0.00508832
115             1.57238           -0.131867           0.0175214
116             1.58826           -0.230924           0.0109449
117             1.60431           -0.289391           0.0066133
118             1.62051          -0.0678199           0.0143872
119             1.63688           -0.274064          0.00464365
120             1.65341          -0.0715628           0.0167242
121             1.67012          0.00668387          0.00724541
122             1.68699             1.51819           0.0139584
123             1.70403           0.0687618           0.0208666
124             1.72124           0.0224969            0.018488
125             1.73862          -0.0771882          0.00561745
126             1.75619           -0.173714          0.00485576
127             1.77393            0.566492           0.0121464
128             1.79184            0.118629          0.00653635
129             1.80994           -0.246933           0.0057957
130             1.82823           -0.268631          0.00510702
131             1.84669           -0.316777          0.00916524
132             1.86535          -0.0953147          0.00546926
133             1.88419           0.0772579          0.00686716
134             1.90322           -0.226782          0.00895364
135             1.92245          -0.0842292           0.0050463
136             1.94186            -0.43393           0.0034879
137             1.96148           -0.254353          0.00557421
138             1.98129           -0.265874          0.00647344
139              2.0013           -0.184018           0.0109154
140             2.02152            0.298023           0.0304271
141             2.04194           -0.215099           0.0115269
142             2.06256            0.242072          0.00776575
143              2.0834           -0.177067           0.0134541
144             2.10444            0.136822           0.0217442
145              2.1257          -0.0699304           0.0122152
146             2.14717            0.520043           0.0164886
147             2.16886          -0.0979482          0.00564843
148             2.19077           -0.353133          0.00354312
149              2.2129            0.150647           0.0246546
150             2.23525            0.123272           0.0223945
151             2.25783          -0.0759695           0.0206967
152             2.28063            0.300845           0.0074511
153             2.30367            -0.24941          0.00916257
154             2.32694            0.323629          0.00837919
155             2.35044           -0.336782          0.00355816
156             2.37419           -0.313638          0.00555021
157             2.39817           -0.175927           0.0156117
158             2.42239           -0.030167           0.0163723
159             2.44686           -0.162367           0.0137971
160             2.47158            0.623119           0.0352647
161             2.49654            0.252801           0.0260444
162             2.52176           -0.196435           0.0120155
163             2.54723           -0.212271          0.00442117
164             2.57296           -0.125402          0.00559412
165             2.59895            -0.32678          0.00708091
166              2.6252           -0.183828           0.0122809
167             2.65172           -0.238148          0.00918885
168             2.67851           -0.226237          0.00956347
169             2.70556           -0.265685          0.00658604
170             2.73289           -0.233939          0.00618957
171             2.76049           0.0492598           0.0244005
172             2.78838            -0.23391          0.00403786
173             2.81654          -0.0319582          0.00570604
174             2.84499           -0.350836          0.00466689
175             2.87373            0.245404           0.0079149
176             2.90276           -0.247027          0.00858064
177             2.93208           -0.386515          0.00582193
178              2.9617          -0.0237204           0.0190012
179             2.99161           -0.336095          0.00360746
180             3.02183           -0.214164           0.0136256
181             3.05235           -0.298895          0.00370621
182             3.08319           -0.200269           0.0132112
183             3.11433           -0.420032          0.00355327
184             3.14579           -0.216386            0.010471
185             3.17756           -0.228755           0.0045798
186             3.20966           -0.425577          0.00309324
187             3.24208           -0.170078           0.0130997
188             3.27483           -0.168067          0.00484779
189             3.30791           -0.210738          0.00506405
190             3.34132              -0.416          0.00349665
191             3.37507           -0.302424          0.00349745
192             3.40916           -0.363282           0.0032533
193              3.4436          -0.0479929           0.0245234
194             3.47838           -0.233475          0.00640162
195             3.51352           -0.411718          0.00246482
196             3.54901           -0.247592           0.0101344
197             3.58486            0.530235           0.0185764
198             3.62107            -0.21077          0.00940872
199             3.65764            -0.23981          0.00514319
200             3.69459           -0.435929          0.00270051
201             3.73191           -0.141844           0.0142772
202             3.76961           -0.230046           0.0116927
203             3.80768           -0.282296          0.00352803
204             3.84614           -0.438373          0.00314593
205             3.88499           -0.364564           0.0029515
206             3.92424           -0.260227           0.0112036
207             3.96387           -0.120883           0.0126903
208             4.00391           0.0985375           0.0246739
209             4.04436          -0.0408413          0.00615013
210             4.08521           -0.245101          0.00683622
211             4.12647           -0.354582          0.00274322
212             4.16816           0.0145541          0.00581121
213             4.21026           -0.412911          0.00298666
214             4.25279           -0.294352          0.00393684
215             4.29574          -0.0359364           0.0061487
216             4.33914           -0.325764          0.00620048
217             4.38296            0.353048           0.0272267
218             4.42724           -0.146452          0.00526759
219             4.47196           -0.381591          0.00416169
220             4.51713           -0.402374          0.00485117
221             4.56276           -0.203452          0.00800321
222             4.60884           -0.170583           0.0135125
223              4.6554           -0.266974          0.00820296
224             4.70242            0.140752          0.00909686
225             4.74992           -0.294633          0.00379536
226              4.7979           -0.196561          0.00478376
227             4.84636           -0.151275           0.0144469
228             4.89532           -0.217869          0.00457535
229             4.94476           -0.229432          0.00796016
230             4.99471             -0.3571          0.00379058
231             5.04516            -0.28709          0.00393817
232             5.09612           -0.434785          0.00275734
233              5.1476           -0.174898           0.0122241
234              5.1996           -0.124544           0.0055901
235             5.25212             1.22614           0.0576968
236             5.30517           -0.371342          0.00602117
237             5.35876           0.0182202          0.00484071
238             5.41289           -0.340053           0.0037898
239             5.46756           -0.168698          0.00824717
240             5.52279           -0.277378          0.00637381
241             5.57858          -0.0347687          0.00625777
242             5.63492           -0.443374           0.0020647
243             5.69184           -0.138082           0.0053169
244             5.74934           0.0230285          0.00581685
245             5.80741           -0.409989          0.00379214
246             5.86607           -0.230563          0.00391149
247             5.92532           -0.414051          0.00240049
248             5.98518           -0.144593           0.0133099
249             6.04563           -0.235786          0.00581949
250              6.1067           -0.339194          0.00378198
251             6.16838           -0.186472           0.0056377
252             6.23069           -0.250858          0.00858347
253             6.29363           -0.303269          0.00491259
254              6.3572           -0.136719           0.0175165
255             6.42141            -0.24047          0.00598172
256             6.48628            -0.25838          0.00681429
257             6.55179            -0.03965            0.019561
258             6.61797           -0.207769           0.0122424
259             6.68482           -0.426613          0.00370162
260             6.75234           -0.398211          0.00367137
261             6.82055            -0.42949          0.00388823
262             6.88944           -0.410451          0.00349447
263             6.95903           -0.255432          0.00688366
264             7.02933           -0.204969           0.0115684
265             7.10033           -0.431654          0.00290268
266             7.17205           -0.432427          0.00362633
267              7.2445           -0.347763          0.00348718
268             7.31767           -0.212189           0.0106197
269             7.39159           -0.250341          0.00723841
270             7.46625           -0.359325          0.00518102
271             7.54167           -0.269177          0.00612652
272             7.61785           -0.219629          0.00416244
273              7.6948           -0.257003          0.00585806
274             7.77252           -0.331652          0.00611887
275             7.85103           -0.284378          0.00459669
276             7.93033            -0.34459          0.00689797
277             8.01044           -0.352373          0.00724927
278             8.09135           -0.352817          0.00602067
279             8.17308           -0.253532          0.00781403
280             8.25564           -0.279979          0.00645525
281             8.33903           -0.386019          0.00496212
282             8.42326            -0.42939          0.00246339
283             8.50835           -0.214454          0.00969722
284             8.59429           -0.239576           0.0049867
285              8.6811           -0.337586           0.0029821
286             8.76879            -0.43894          0.00284597
287             8.85736           -0.403608          0.00219652
288             8.94683           -0.295219          0.00932808
289              9.0372           -0.356315          0.00497868
290             9.12849           -0.380228          0.00421604
291             9.22069            -0.24341          0.00696277
292             9.31383           -0.210087           0.0128381
293             9.40791           -0.308588          0.00487439
294             9.50294            -0.27556          0.00447715
295             9.59893         -0.00411125           0.0117016
296             9.69589           -0.138941          0.00522095
297             9.79383           -0.386223          0.00502965
298             9.89275            -0.26737          0.00387455
299             9.99268          -0.0848693           0.0190261
300             10.0936           -0.162389           0.0143212
301             10.1956           -0.188811           0.0138636
302             10.2986           -0.312077          0.00367643
303             10.4026           -0.422903          0.00250015
304             10.5077            -0.43418          0.00212115
305             10.6138           -0.389199          0.00436087
306              10.721            -0.26323          0.00724898
307             10.8293            -0.26172          0.00494065
308             10.9387           -0.232793          0.00644089
309             11.0492           -0.184261          0.00540951
310             11.1608           -0.201862           0.0123366
311             11.2735           -0.240918          0.00923027
312             11.3874           -0.146036          0.00501752
313             11.5024           -0.173424          0.00447744
314             11.6186           -0.294584          0.00406049
315              11.736           -0.272731          0.00418275
316             11.8545           -0.408703             0.00319
317             11.9743           -0.249599          0.00481668
318             12.0952           -0.419266          0.00241008
319             12.2174             -0.2071           0.0044671
320             12.3408           -0.330936          0.00617781
321             12.4654           -0.421793          0.00316838
322             12.5914           -0.257569          0.00419281
323             12.7185           -0.360994           0.0034402
324              12.847           -0.292093          0.00341608
325             12.9768           -0.257535           0.0049125
326             13.1079           -0.254667          0.00704989
327             13.2403           -0.396483          0.00328561
328              13.374           -0.374567          0.00433501
329             13.5091           -0.349172          0.00403081
330             13.6455           -0.429761           0.0038486
331             13.7834           -0.283901          0.00459942
332             13.9226           -0.380815          0.00619102
333             14.0632           -0.423597          0.00295232
334             14.2053           -0.440101          0.00238915
335             14.3488           -0.414759          0.00261881
336             14.4937           -0.440587          0.00236744
337             14.6401           -0.280264           0.0103622
338              14.788           -0.393679          0.00399696
339             14.9374           -0.370782          0.00528235
340             15.0883           -0.363939          0.00444474
341             15.2407           -0.185361          0.00725711
342             15.3946           -0.246696          0.00412927
343             15.5501           -0.318275          0.00685452
344             15.7072           -0.355954          0.00350714
345             15.8658           -0.388662           0.0053171
346             16.0261           -0.368228          0.00299701
347              16.188           -0.243824          0.00543119
348             16.3515           -0.258127          0.00656915
349             16.5167           -0.442757          0.00243805
350             16.6835           -0.430657          0.00226577
351              16.852           -0.387497          0.00437455
352             17.0222           -0.425548          0.00276041
353             17.1942           -0.402164          0.00296922
354             17.3679           -0.410539          0.00324025
355             17.5433           -0.423646          0.00372114
356             17.7205           -0.373618          0.00305701
357             17.8995           -0.430059           0.0024452
358             18.0803           -0.416431          0.00332903
359             18.2629           -0.401148          0.00382636
360             18.4474           -0.429464          0.00366027
361             18.6337            -0.35984          0.00813065
362              18.822           -0.428076           0.0037378
363             19.0121           -0.325013          0.00586705
364             19.2041           -0.332685          0.00479336
365             19.3981           -0.440541          0.00298318
366              19.594           -0.361824          0.00552374
367              19.792            -0.39309          0.00283045
368             19.9919           -0.434737          0.00286594
369             20.1938           -0.340015          0.00358192
370             20.3978           -0.246935          0.00808616
371             20.6038           -0.298718          0.00798544
372              20.812            -0.43565          0.00307578
373             21.0222           -0.426862          0.00319178
374             21.2345           -0.424242          0.00241729
375              21.449           -0.377215          0.00264247
376             21.6657           -0.440209          0.00262806
377             21.8845           -0.441287          0.00303548
378             22.1056           -0.366554          0.00362005
379             22.3289           -0.444366          0.00214784
380             22.5544           -0.285701          0.00621345
381             22.7822           -0.176858           0.0134935
382             23.0123           -0.237683           0.0112393
383             23.2448           -0.356015          0.00362264
384             23.4796           -0.447296          0.00258029
385             23.7168           -0.418789          0.00293135
386             23.9563           -0.375316          0.00366696
387             24.1983            -0.39312          0.00335026
388             24.4427           -0.382708          0.00296298
389             24.6896           -0.435805          0.00288517
390              24.939           -0.409271          0.00495819
391             25.1909           -0.361206          0.00476277
392             25.4454           -0.430867          0.00348654
393             25.7024           -0.426578          0.00310895
394              25.962             -0.3951          0.00284448
395             26.2243           -0.423453          0.00340763
396             26.4892           -0.403197          0.00497848
397             26.7567           -0.377346          0.00381896
398              27.027           -0.408451          0.00524664
399                27.3           -0.437183          0.00353867
400             27.5758           -0.420816          0.00243804
401             27.8543           -0.422187          0.00382879
402             28.1357            -0.35859          0.00312109
403             28.4198           -0.430461          0.00275854
404             28.7069           -0.437226          0.00267204
405             28.9969           -0.335467          0.00387942
406             29.2898           -0.353449          0.00571867
407             29.5856            -0.33535          0.00761372
408             29.8845           -0.419926          0.00351008
409             30.1864           -0.436486          0.00264266
410             30.4913           -0.421999          0.00533836
411             30.7993           -0.422908          0.00349121
412             31.1104           -0.415599          0.00316479
413             31.4246           -0.352391          0.00336175
414              31.742           -0.434461          0.00327007
415             32.0627           -0.388701          0.00420502
416             32.3865           -0.439073          0.00259501
417             32.7137            -0.41815          0.00320517
418             33.0441           -0.377564          0.00612937
419             33.3779           -0.425931          0.00210675
420              33.715           -0.381495          0.00354953
421             34.0556            -0.43665          0.00217339
422             34.3996           -0.375687          0.00628102
423              34.747            -0.43671          0.00231921
424              35.098           -0.430298          0.00307505
425             35.4526           -0.438553          0.00249622
426             35.8107           -0.358173          0.00275545
427             36.1724           -0.425033           0.0033491
428             36.5378           -0.355008          0.00457095
429             36.9068           -0.425574          0.00429626
430             37.2796           -0.423848          0.00458675
431             37.6562           -0.394393          0.00370627
432             38.0366           -0.381702          0.00446657
433             38.4208            -0.39535          0.00339944
434             38.8088            -0.43294          0.00380608
435             39.2009           -0.404042           0.0045244
436             39.5968           -0.438783          0.00284408
437             39.9968           -0.418229          0.00246872
438             40.4008           -0.414428          0.00266002
439             40.8089           -0.355791          0.00770259
440             41.2211           -0.416272          0.00335837
441             41.6375           -0.431719          0.00253915
442             42.0581           -0.407249          0.00270352
443             42.4829           -0.444274          0.00243818
444              42.912           -0.412558          0.00290535
445             43.3455           -0.437101          0.00267746
446             43.7833           -0.434626          0.00323591
447             44.2255           -0.426478          0.00281841
448             44.6723           -0.396443          0.00410722
449             45.1235           -0.405179           0.0026663
450             45.5793           -0.427212          0.00254352
451             46.0397           -0.423225          0.00274223
452             46.5047           -0.444542          0.00243081
453             46.9745           -0.421372          0.00467716
454              47.449           -0.436815          0.00315914
455             47.9283           -0.423398          0.00307866
456             48.4124           -0.415545          0.00329903
457             48.9014           -0.420214          0.00336072
458             49.3954           -0.411827          0.00249534
459             49.8943           -0.417739          0.00297001
460             50.3983           -0.416451          0.00360107
461             50.9073           -0.413254          0.00359886
462             51.4216           -0.430803          0.00241383
463              51.941           -0.439432          0.00312355
464             52.4656           -0.443208          0.00254322
465             52.9956           -0.441664          0.00257151
466             53.5309           -0.436349          0.00292418
467             54.0716           -0.430461           0.0037549
468             54.6178           -0.439412          0.00333169
469             55.1695           -0.413836          0.00244766
470             55.7268           -0.435886          0.00302655
471             56.2896           -0.427674          0.00278044
472             56.8582           -0.426623          0.00212729
473             57.4326           -0.383643          0.00472477
474             58.0127           -0.426207          0.00351007
475             58.5987           -0.429231           0.0025004
476             59.1906           -0.434818          0.00298146
477             59.7885           -0.431656          0.00384725
478             60.3924           -0.434824          0.00280551
479             61.0024           -0.440543          0.00284272
480             61.6186           -0.413988          0.00282115
481              62.241           -0.412817          0.00330121
482             62.8697             -0.4366           0.0030924
483             63.5047           -0.397662          0.00367746
484             64.1462           -0.443055          0.00260906
485             64.7942           -0.381614          0.00573884
486             65.4486           -0.435349          0.00268052
487             66.1097            -0.42366           0.0023007
488             66.7775           -0.409947          0.00400954
489              67.452           -0.435825          0.00331881
490             68.1334           -0.425445          0.00304841
491             68.8216           -0.439529          0.00354976
492             69.5167           -0.440635          0.00230203
493             70.2189            -0.42603          0.00299928
494             70.9282           -0.442892          0.00282826
495             71.6447           -0.442599          0.00281511
496             72.3684           -0.442607          0.00254372
497             73.0993            -0.42055          0.00246178
498             73.8377           -0.430313           0.0031206
499             74.5836           -0.443771          0.00293394
500             75.3369           -0.427663          0.00285623
501             76.0979           -0.428525          0.00310702
502             76.8666           -0.412265          0.00314842
503              77.643           -0.424274          0.00309961
504             78.4273           -0.436653          0.00254223
505             79.2195           -0.440269           0.0022494
506             80.0197           -0.443351          0.00303293
507             80.8279           -0.433722           0.0027666
508             81.6444           -0.444788           0.0027899
509             82.4691           -0.440777          0.00325306
510             83.3021           -0.387587            0.004903
511             84.1435           -0.427244          0.00225783
512             84.9935           -0.435151          0.00308822
513              85.852           -0.429543          0.00339418
514             86.7192           -0.432139          0.00306256
515             87.5951           -0.432941          0.00369556
516             88.4799           -0.427509          0.00266663
517             89.3737           -0.441812          0.00262326
518             90.2764           -0.426919          0.00299339
519             91.1883           -0.443817          0.00230559
520             92.1094           -0.437224          0.00252457
521             93.0398           -0.444716          0.00263475
522             93.9796           -0.441342          0.00236462
523             94.9289            -0.43972          0.00239777
524             95.8878           -0.436155          0.00194126
525             96.8563           -0.424086           0.0036491
526             97.8347           -0.440467          0.00218246
527             98.8229           -0.440801          0.00289958
528             99.8211           -0.444253          0.00229861
