492.485        425.221
468.736        386.047
444.51        370.653
418.667        355.109
394.245        348.323
372.759        333.254
358.233        325.998
345.655         311.39
334.22        302.097
323.424        291.953
312.381        285.154
304.61        277.763
296.671        267.821
288.818        258.353
280.801        251.772
271.992        245.851
263.669        240.385
257.378        236.242
252.387        232.066
247.353        228.923
242.306        221.978
237.12        214.775
232.443         209.13
226.866        203.365
220.263        199.728
213.619        193.984
208.267        190.374
204.064        186.595
199.937        182.624
195.442        180.289
190.545        175.852
186.633        174.299
183.045        171.284
179.854        168.579
177.065        165.546
174.258        162.841
171.48        160.922
168.489        159.259
165.66        156.766
163.18        153.792
161.203         152.04
159.847         149.71
158.567        146.978
156.839        145.971
154.416        144.997
152.03        144.235
149.608        142.667
147.443        140.894
146.305        139.083
144.927        138.022
143.508        135.838
141.937        134.383
140.417        132.227
138.739        129.834
136.814        127.432
134.459        126.122
132.098        125.375
130.091        122.372
128.43        122.006
127.113        121.026
125.82        119.221
124.471        119.028
123.263        116.851
121.952        115.397
120.631        113.592
119.255        111.386
117.553        109.514
115.839         108.82
113.797        106.772
111.979        106.553
110.44        105.732
109.1        105.188
108.028        104.365
107.229        103.378
106.57        102.359
105.707        101.041
104.705        99.6063
103.524        99.2425
102.216        98.7756
101.293        98.2896
100.55        97.1098
100.153        96.4765
100.302        96.0829
100.273        95.5313
99.8132        94.7596
98.9958        94.1263
97.8113        93.6277
96.8262        93.1798
95.756        92.8474
94.8963        91.8169
94.3413        91.1968
93.6928        90.8084
93.0503        90.1513
92.2822        89.8619
91.6442        89.0445
91.224        88.6816
90.7313        87.7466
90.1628        87.4572
89.6538        86.9719
88.9457        86.5828
88.4973        86.0681
88.0043        85.2672
87.5057        85.2672
87.0379        84.7874
86.5625        84.3932
86.2018        83.6693
85.8509        83.2399
85.5204        82.2615
84.7905        82.2567
84.116        81.3711
83.5804        80.7385
82.9715        80.2777
82.3793        79.9867
81.9305        79.5259
81.9974         79.181
81.9279          78.45
81.3502        77.6442
80.7475        77.3015
80.1523        77.0839
79.3995        76.8849
78.8937        76.0435
79.2347         75.827
79.5684        75.7948
79.337        75.3648
78.7417        75.1484
77.7651        74.9775
77.0996        74.7344
76.7823        74.5179
76.6582        74.5179
76.7283        74.4606
76.3813        74.2692
75.9931        74.2119
75.6647        74.1056
75.4519         73.746
75.2318        73.3362
74.8944        73.1921
74.5181        73.1921
74.3697        72.7979
74.2809        72.6538
73.8916        72.6356
73.6801        72.2789
73.5323        72.2607
73.3949         72.172
73.1607        71.5229
73.4545        71.2038
74.3567        71.2038
75.7521        71.2038
76.3578        71.0969
75.8791        71.0969
74.7969        71.0788
73.7091        70.8521
72.9592        70.7452
72.3556        70.7271
71.8815        70.7271
71.6781        70.7271
71.5291        70.7271
71.4532         70.096
71.4777         70.096
71.3316        69.9204
71.0937        69.9204
70.993        69.9204
70.9226        69.9204
70.7083        69.9204
70.6213        69.9204
70.5185        69.9204
70.6049        69.9204
70.6393        69.9204
70.6441        69.9204
70.5172        69.9204
70.579        69.9204
70.602        69.9204
70.5704        69.7409
70.5926        69.7409
70.5133        69.6265
70.4314        69.6265
70.4339        69.6265
70.2855        69.6265
70.3454        69.6265
70.4455        69.6265
70.4753        69.6265
70.3414        69.6265
70.5021        69.6265
70.3735        69.6265
70.308        69.6265
70.3203        69.6265
70.394        69.6265
70.3534        69.6265
70.4212        69.6265
70.3842        69.6265
70.2392        69.6265
70.3195        69.6265
70.1618        69.6265
70.167        69.6265
70.2866        69.6265
70.2231        69.6265
70.3001        69.6265
70.3394        69.6265
70.2936        69.6265
70.3302        69.6265
70.1082        69.6265
70.2581        69.6265
70.2892        69.6265
70.255        69.6265
70.2007        69.6265
70.2423        69.6265
70.2826        69.6265
70.3272        69.6265
70.3845        69.6265
70.2992        69.6265
70.2696        69.6265
70.2719        69.6265
70.2749        69.6265
70.2885        69.6265
70.2308        69.6265
70.3695        69.6265
70.3007        69.6265
70.3064        69.6265
70.3515        69.6265
70.2517        69.6265
70.3107        69.6265
70.3407        69.6265
70.3719        69.6265
70.2892        69.6265
70.2701        69.6265
70.2863        69.6265
70.3633        69.6265
70.2559        69.6265
70.3395        69.6265
70.2825        69.6265
70.2981        69.6265
70.2937        69.6265
70.2218        69.6265
70.1907        69.6265
70.357        69.6265
70.317        69.6265
70.4394        69.6265
70.3613        69.6265
70.3301        69.6265
70.2476        69.6265
70.313        69.6167
70.2916        69.6167
70.2021        69.6167
70.2189        69.5779
70.2613        69.5779
70.3903        69.5779
70.2873        69.5193
70.2967        69.5102
70.3966        69.4516
70.2985        69.4516
70.3095        69.4516
70.2364        69.4516
70.1231        69.4516
70.1657        69.4516
70.2839        69.4516
70.4094        69.4516
70.1247        69.4516
70.2389        69.4516
70.2965        69.4516
70.1524        69.4516
70.0587        69.4516
70.132        69.4516
70.1756        69.4516
70.0353        69.4516
70.035        69.4516
70.1183        69.4516
70.0713        69.4516
70.1682        69.4516
70.249        69.4516
70.1321        69.4516
70.2608        69.4516
70.2304        69.4516
70.2236        69.4516
70.2109        69.4516
70.1263        69.4516
70.1658        69.4516
70.1942        69.4516
70.0647        69.4516
70.1327        69.4516
70.0279        69.4516
70.0068        69.4516
70.0541        69.4516
69.9665        69.4516
70.074        69.4516
70.0518        69.4516
70.0519        69.4516
70.0393        69.4516
70.1421        69.4516
70.3122        69.4516
70.2563        69.4516
70.2164        69.4516
70.2279        69.4516
70.104        69.4516
70.1906        69.4516
70.1472        69.4516
70.1081        69.4516
70.1251        69.4516
70.1725        69.4516
70.131        69.4516
70.1787        69.4516
70.1703        69.4516
70.2235        69.4516
70.2334        69.4516
70.386        69.4516
70.1241        69.4516
70.094        69.4516
70.1849        69.4516
70.0338        69.4516
70.0448        69.4516
70.1039        69.4516
70.0917        69.4516
70.0871        69.4516
70.0046        69.4516
70.0898        69.4516
70.1233        69.4516
70.2442        69.4516
70.3096        69.4516
70.1503        69.4516
70.2154        69.4516
70.2041        69.4516
70.1498        69.4516
70.1671        69.4516
70.0811        69.4516
70.1988        69.4516
70.0729        69.4516
70.2224        69.4516
70.1282        69.4516
70.0082        69.4516
70.0081        69.4516
69.9973        69.4516
70.0539        69.4516
70.0927        69.4516
70.3172        69.4516
70.2508        69.4516
70.1026        69.4516
70.091        69.4516
70.0878        69.4516
70.1999        69.4516
70.0642        69.4516
70.1288        69.4516
70.1996        69.4516
70.1943        69.4516
70.0915        69.2613
70.1594        69.2613
70.0733        69.2613
69.9511        69.2613
69.8946        69.2613
69.9562        69.2613
69.9364        69.2613
69.8852        69.2613
69.9233        69.2613
69.9509        69.2613
70.0398        69.2613
69.9926        69.2613
69.939        69.2613
69.8933        69.2613
69.8652        69.2613
69.9267        69.2613
69.901        69.2613
69.8971        69.2613
69.9655        69.2613
70.0672        69.2613
69.9612        69.2613
69.885        69.2613
69.9203        69.2613
70.0923        69.2613
70.0806        69.2613
70.0002        69.2613
69.9173        69.2613
69.9432        69.2613
69.9868        69.2613
69.9916        69.2613
69.9635        69.2613
70.026        69.2613
70.0628        69.2613
70.0321        69.2613
69.8347        69.2613
69.8601        69.2613
69.9241        69.2613
69.8549        69.2613
69.8446        69.2613
70.0259        69.2613
69.9614        69.2613
69.8593        69.2613
69.8371        69.2613
69.8039        69.2613
69.9051        69.2613
69.942        69.2613
69.8932        69.2613
69.9564        69.2613
69.9075        69.2613
69.9979        69.2613
69.9539        69.2613
69.9582        69.2613
69.9011        69.2613
69.9595        69.2613
69.9365        69.2613
69.9522        69.2613
69.9706        69.2613
69.8999        69.2613
70.0017        69.2613
69.9295        69.2613
69.9143        69.2613
69.8612        69.2613
69.9604        69.2613
69.9238        69.2613
69.9301        69.2613
69.8165        69.2613
69.8321        69.2613
69.9472        69.2613
69.9226        69.2613
70.159        69.2613
70.1489        69.2613
70.025        69.2613
70.0984        69.2613
70.0147        69.2613
70.0079        69.2613
70.0077        69.2613
69.8899        69.2613
70.0004        69.2613
69.9999        69.2587
70.0442        69.2587
70.2644        69.2587
70.3856        69.2587
70.4302        69.2587
70.2157         69.035
70.1916         69.035
70.0871         69.035
69.8171         69.035
69.6833         69.035
69.7963        69.0247
69.6724        69.0247
69.7268        69.0247
69.6195        68.8146
69.5793        68.8146
69.5959        68.8146
69.6203        68.8146
69.52        68.8146
69.4006        68.8146
69.293        68.8146
69.4388        68.8146
69.5153        68.8146
69.5595        68.8146
69.5016        68.8146
69.6011        68.8146
69.5444        68.8146
69.5982        68.8146
69.4715        68.8146
69.5768        68.8146
69.6141        68.8146
69.6307        68.8146
69.4847        68.8146
69.4227        68.8146
69.4385        68.8146
69.523        68.8146
69.5512        68.8146
69.4982        68.8146
69.6142        68.8146
69.5031        68.8146
69.4298        68.8146
69.3895        68.8146
69.492        68.8146
69.5194        68.8146
69.5266        68.8146
69.6505        68.8146
69.5855        68.8146
69.635        68.8146
69.4702        68.8146
69.4945        68.8146
69.625        68.8146
69.5411        68.8146
69.5514        68.8146
69.5728        68.8146
69.5279        68.8146
69.5115        68.8146
69.4894        68.8146
69.4536        68.8146
69.5106        68.8146
69.4167        68.8146
69.4757        68.8146
69.4496        68.8146
69.4197        68.8146
69.4861        68.8146
69.5362        68.8146
69.5692        68.8146
69.5181        68.8146
69.5075        68.8146
69.4122        68.8146
69.4733        68.8146
69.5616        68.8146
69.3277        68.8146
69.3739        68.8146
69.4012        68.8146
69.4935        68.8146
69.487        68.8146
69.5443        68.8146
69.4332        68.8146
69.4441        68.8146
69.4585        68.8146
69.5605        68.8146
69.499        68.8146
69.4821        68.8146
69.3848        68.3448
69.5484        68.3448
69.6328        68.3448
69.8119        68.3448
71.001        68.3448
72.6018        68.3448
73.5409        68.3448
73.5139        68.3448
72.3183        68.3448
71.1133        68.3448
70.4402        68.3448
69.9194        68.3448
69.6203        68.3448
69.4416        68.3448
69.2689        68.3448
69.1751        68.3448
69.1522        68.3448
69.2167        68.3448
69.1319        68.3448
69.1623        68.3448
69.119        68.3448
69.1696        68.3448
68.9464        68.3448
68.9783        68.3448
69.0439        68.3448
68.932        68.3448
69.0328        68.3448
69.1508        68.3448
69.0944        68.3448
69.0709        68.3448
69.0824        68.3448
69.1117        68.3448
69.041        68.3448
69.0961        68.3448
69.0533        68.3448
69.0612        68.3448
69.1118        68.3448
69.1817        68.3448
69.1427        68.3448
69.0487        68.3448
69.0255        68.3448
68.8878        68.3448
68.9199        68.3448
68.9708        68.3448
69.015        68.3448
69.0168        68.3448
68.9638        68.3448
69.0557        68.3448
68.9906        68.3448
69.0258        68.3448
68.9782        68.3448
68.9913        68.3448
69.0931        68.3448
69.0686        68.3448
69.0512        68.3448
69.0194        68.3448
69.0648        68.3448
69.1148        68.3448
69.2547        68.3448
69.2361        68.3448
69.1054        68.3448
69.2367        68.3448
69.0771        68.3448
69.2043        68.3448
69.0382        68.3448
68.983        68.3448
69.0066        68.3448
69.143        68.3448
69.1738        68.3448
69.2122        68.3448
69.1366        68.3448
69.0574        68.3448
69.0907        68.3448
68.9393        68.3448
68.8608        68.3448
68.87        68.3448
68.9534        68.3448
69.1082        68.3448
69.2501        68.3448
69.1552        68.3448
69.1454        68.3448
69.0276        68.3448
69.0994        68.3448
69.1626        68.3448
69.1817        68.3448
69.2431        68.3448
69.0216        68.3448
69.0656        68.3448
68.9458        68.3448
68.9413        68.3448
68.9435        68.3448
68.9656        68.3448
68.9692        68.3448
69.0085        68.3448
69.1971        68.3448
69.0679        68.3448
69.0778        68.3448
69.1208        68.3448
69.2718        68.3448
69.0749        68.3448
69.1269        68.3448
69.007        68.3448
68.9386        68.3448
69.025        68.3448
69.026        68.3448
69.1082        68.3448
68.9899        68.3448
69.0485        68.3448
69.1393        68.3448
69.1006        68.3448
69.0623        68.3448
69.049        68.3448
69.1082        68.3448
69.1221        68.3448
69.086        68.3448
69.1876        68.3448
69.1643        68.3448
69.2115        68.3448
69.0039        68.3448
69.0197        68.3448
69.0975        68.3448
69.0635        68.3448
69.0729        68.3448
69.0465        68.3448
69.0168        68.3448
68.9324        68.3448
69.1089        68.3448
69.0018        68.3448
68.9116        68.3448
68.9014        68.3448
68.9132        68.3448
68.9059        68.3448
68.9395        68.3448
69.0451        68.3448
69.0536        68.3448
69.0034        68.3448
69.0941        68.3448
69.0299        68.3448
68.9859        68.3448
68.9217        68.3448
69.0514        68.3448
69.0941        68.3448
69.033        68.3448
68.9921        68.3448
68.9978        68.3448
68.9517        68.3448
69.0013        68.3448
68.9963        68.3448
69.051        68.3448
69.0242        68.3448
69.019        68.3448
69.0314        68.3448
68.9374        68.3448
69.011        68.3448
68.9692        68.3448
68.9537        68.3448
68.9534        68.3448
69.0612        68.3448
69.1019        68.3448
68.999        68.3448
69.0135        68.3448
68.9231        68.3448
68.9466        68.3448
68.9477        68.3448
68.9563        68.3448
68.9703        68.3448
68.8861        68.3448
68.8875        68.3448
68.9263        68.3448
68.9675        68.3448
69.0578        68.3448
68.9332        68.3448
69.0441        68.3448
68.993        68.3448
69.1776        68.3448
69.1537        68.3448
68.991        68.3448
69.1509        68.3448
69.1019        68.3448
69.0518        68.3448
69.0237        68.3448
69.039        68.3448
69.0802        68.3448
69.0957        68.3448
69.1552        68.3448
69.1639        68.3448
69.1668        68.3448
69.1134        68.3448
69.0923        68.3448
69.1074        68.3448
69.1286        68.3448
69.0724        68.3448
69.0139        68.3448
69.027        68.3448
68.9389        68.3448
68.9494        68.3448
68.959        68.3448
69.0824        68.3448
69.1056        68.3448
69.0869        68.3448
69.0616        68.3448
69.1713        68.3448
68.9802        68.3448
68.9284        68.3448
69.0004        68.3448
69.066        68.3448
68.9927        68.3448
69.051        68.3448
69.0955        68.3448
69.063        68.3448
69.1426        68.3448
69.1227        68.3448
68.981        68.3448
69.0089        68.3448
69.1237        68.3448
69.0399        68.3448
69.1493        68.3448
69.0717        68.3448
68.9725        68.3448
68.96        68.3448
68.9598        68.3448
69.0253        68.3448
69.0032        68.3448
69.0462        68.3448
69.0555        68.3448
68.9452        68.3448
69.0402        68.3448
69.0796        68.3448
69.0259        68.3448
69.1341        68.3448
68.9779        68.3448
68.9603        68.3448
69.0524        68.3448
69.0273        68.3448
69.0845        68.3448
69.0114        68.3448
68.9849        68.3448
68.8654        68.3448
68.9828        68.3448
69.0031        68.3448
68.9307        68.3448
68.8701        68.3448
69.0296        68.3448
69.0506        68.3448
68.9766        68.3448
69.0986        68.3448
68.9999        68.3448
69.0862        68.3448
69.1352        68.3448
69.0971        68.3448
69.1142        68.3448
69.1542        68.3448
69.036        68.3448
69.0782        68.3448
68.9439        68.3448
69.0402        68.3448
69.1108        68.3448
69.0374        68.3448
69.0178        68.3448
69.0832        68.3448
69.0098        68.3448
69.0164        68.3448
69.0113        68.3448
69.0683        68.3448
69.1612        68.3448
69.1994        68.3448
69.1462        68.3448
69.1967        68.3448
69.0309        68.3448
68.9781        68.3448
68.9224        68.3448
69.0173        68.3448
68.9476        68.3448
69.0473        68.3448
69.1393        68.3448
69.1404        68.3448
69.1187        68.3448
69.0701        68.3448
68.9665        68.3448
68.9467        68.3448
68.9847        68.3448
69.0101        68.3448
69.0618        68.3448
69.079        68.3448
68.9952        68.3448
69.0385        68.3448
69.0767        68.3448
68.976        68.3448
68.9015        68.3448
68.9007        68.3448
68.8579        68.3448
68.9594        68.3448
68.9713        68.3448
69.1272        68.3448
69.1114        68.3448
69.0371        68.3448
68.9222        68.3448
68.8536        68.3448
68.9381        68.3448
68.9372        68.3448
69.1363        68.3448
69.0805        68.3448
69.0909        68.3448
69.1878        68.3448
69.1626        68.3448
69.0307        68.3448
69.0642        68.3448
69.0682        68.3448
68.9849        68.3448
69.0046        68.3448
68.97        68.3448
68.9508        68.3448
68.9467        68.3448
69.1166        68.3448
68.9493        68.3448
69.042        68.3448
69.1172        68.3448
69.1236        68.3448
69.0737        68.3448
69.011        68.3448
68.8835        68.3448
69.0206        68.3448
68.8415        68.3448
68.9697        68.3448
68.9989        68.3448
69.0666        68.3448
69.02        68.3448
69.2002        68.3448
68.9924        68.3448
68.9945        68.3448
68.9992        68.3448
69.0772        68.3448
69.1958        68.3448
69.1981        68.3448
69.097        68.3448
69.0443        68.3448
68.9784        68.3448
69.1336        67.6996
69.0231        67.6996
68.8792        67.6996
68.7438        67.6996
68.6705        67.6996
68.4885        67.6996
68.3605        67.6996
68.4104        67.6996
68.5168        67.6996
68.4132        67.6996
68.5953        67.6996
68.5727        67.6996
68.3552        67.6996
68.3797        67.6996
68.4165        67.6996
68.375        67.6996
68.4143        67.6996
68.567        67.6996
68.413        67.6996
68.431        67.6996
68.3992        67.6996
68.3829        67.6996
68.2806        67.6996
68.3281        67.6996
68.3273        67.6996
68.3544        67.6996
68.421        67.6996
68.4132        67.6996
68.4263        67.6996
68.2982        67.6996
68.2589        67.6996
68.2734        67.6996
68.3681        67.6996
68.4513        67.6996
68.4578        67.6996
68.5262        67.6996
68.449        67.6996
68.4592        67.6996
68.4263        67.6996
68.4199        67.6996
68.5205        67.6996
68.4017        67.6996
68.5401        67.6996
68.3879        67.6996
68.3931        67.6996
68.3776        67.6996
68.3354        67.6996
68.3563        67.6996
68.3755        67.6996
68.336        67.6996
68.2673        67.6996
68.2911        67.6996
68.2289        67.6996
68.2837        67.6996
68.2979        67.6996
68.3544        67.6996
68.2201        67.6996
68.3439        67.6996
68.3442        67.6996
68.386        67.6996
68.3394        67.6996
68.3911        67.6996
68.4517        67.6996
68.2763        67.6996
68.3222        67.6996
68.3165        67.6996
68.3951        67.6996
68.3757        67.6996
68.2496        67.6996
68.3278        67.6996
68.2988        67.6996
68.2897        67.6996
68.3537        67.6996
68.5832        67.6996
68.3794        67.6996
68.3656        67.6996
68.4345        67.6996
68.408        67.6996
68.5125        67.6996
68.4867        67.6996
68.4038        67.6996
68.5394        67.6996
68.5926        67.6996
68.3516        67.6996
68.3714        67.6996
68.5619        67.6996
68.4024        67.6996
68.3518        67.6996
68.5154        67.6996
68.5264        67.6996
68.4555        67.6996
68.4108        67.6996
68.376        67.6996
68.316        67.6996
68.3445        67.6996
68.4041        67.6996
68.3076        67.6996
68.2853        67.6996
68.352        67.6996
68.4477        67.6996
68.4348        67.6996
68.3337        67.6996
68.2786        67.6996
68.3197        67.6996
68.4348        67.6996
68.4663        67.6996
68.4367        67.6996
68.3416        67.6996
68.4206        67.6996
68.4004        67.6996
68.3802        67.6996
68.4295        67.6996
68.2859        67.6996
68.2584        67.6996
68.3315        67.6996
68.326        67.6996
68.2331        67.6996
68.3657        67.6996
68.3984        67.6996
68.3566        67.6996
68.4678        67.6996
68.2985        67.6996
68.3295        67.6996
68.5138        67.6996
68.3829        67.6996
68.4251        67.6996
68.3518        67.6996
68.4059        67.6996
68.3718        67.6996
68.3501        67.6996
68.5099        67.6996
68.4849        67.6996
68.4746        67.6996
68.4016        67.6996
68.4153        67.6996
68.2712        67.6996
68.3744        67.6996
68.3455        67.6996
68.3228        67.6996
68.2037        67.6996
68.1781        67.6996
68.4564        67.6996
68.4294        67.6996
68.343        67.6996
68.4129        67.6996
68.4416        67.6996
68.2582        67.6996
68.351        67.6996
68.2805        67.6996
68.3292        67.6996
68.4041        67.6996
68.2158        67.6996
68.1612        67.6996
68.2812        67.6996
68.4082        67.6996
68.3298        67.6996
68.3772        67.6996
68.3197        67.6996
68.4844        67.6996
68.4544        67.6996
68.4229        67.6996
68.5327        67.6996
68.3565        67.6996
68.3802        67.6996
68.3214        67.6996
68.4609        67.6996
68.388        67.6996
68.3781        67.6996
68.3314        67.6996
68.3687        67.6996
68.4541        67.6996
68.4463        67.6996
68.3927        67.6996
68.398        67.6996
68.3937        67.6996
68.4367        67.6996
68.3051        67.6996
68.2239        67.6505
68.2709        67.6505
68.627        67.6505
68.8481        67.6505
68.763        67.6505
68.5941        67.6505
68.5743        67.6505
68.5124        67.4734
68.2679        67.4734
68.2209         66.998
68.2162         66.998
68.1023         66.998
67.9418         66.998
67.7964         66.998
67.6934         66.998
67.8384         66.998
67.7437         66.998
67.5981         66.998
67.5926         66.998
67.6772         66.998
67.6287         66.998
67.6444        66.8218
67.5989        66.8218
67.7367        66.8218
67.6797        66.8218
67.6173        66.8218
67.6569        66.8218
67.5476        66.8218
67.5765        66.4363
67.4803        66.4363
67.4063        66.4363
67.3245        66.4363
67.2536        66.4363
67.1131        66.4363
67.1403        66.4363
67.0916        66.4363
67.2009        66.4363
67.1169        66.4363
67.1867        66.4363
67.2714        66.4363
67.1533        66.4363
67.1236        66.4363
67.2555        66.4363
67.1411        66.4363
67.0202        66.4363
67.0317        66.4363
67.1256        66.4363
66.9924        66.4363
67.0344        66.4363
67.0862        66.4363
67.0795        66.4363
67.0777        66.4363
67.0499        66.4363
67.0435        66.4363
67.0159        66.4363
67.157        66.4363
67.1883        66.4363
67.1391        66.4363
67.1791        66.4363
67.289        66.4363
67.1277        66.4363
67.0984        66.4363
67.0238        66.4363
66.9983        66.4363
67.1938        66.4363
67.2439        66.4363
67.1334        66.4363
66.9903        66.4363
67.0019        66.4363
67.1347        66.4363
67.1394        66.4363
67.1585        66.4363
67.0392        66.4363
67.3212        66.4363
67.1781        66.4363
67.0597        66.4363
67.1073        66.4363
67.1024        66.4363
66.9293        66.4363
67.0264        66.4363
66.9928        66.4363
67.0372        66.4363
67.0586        66.4363
67.1814        66.4363
67.1936        66.4363
67.0695        66.4363
67.2017        66.4363
67.142        66.4363
67.1682        66.4363
67.1276        66.4363
67.1695        66.4363
67.2186        66.4363
67.1801        66.4363
67.1306        66.4363
67.1078        66.4363
67.1553        66.4363
67.1634        66.4363
67.151        66.4363
67.1012        66.4363
67.2141        66.4363
67.0883        66.4363
67.0002        66.4363
66.9446        66.4363
66.9193        66.4363
66.8863        66.4363
67.0308        66.4363
67.165        66.4363
67.1475        66.4363
67.0918        66.4363
67.1133        66.4363
67.1323        66.4363
67.1367        66.4363
67.1938        66.4363
67.1388        66.4363
66.9817        66.4363
67.0544        66.4363
67.0576        66.4363
67.075        66.4363
67.1731        66.4363
67.1952        66.4363
67.1953        66.4363
67.3105        66.4363
67.267        66.4363
67.1093        66.4363
67.1082        66.4363
66.9673        66.4363
67.0626        66.4363
67.0226        66.4363
67.0247        66.4363
67.065        66.4363
67.1265        66.4363
67.0912        66.4363
67.0905        66.4363
67.0616        66.4363
67.0926        66.4363
67.007        66.4363
66.9791        66.4363
67.0573        66.4363
66.933        66.4363
67.0719        66.4363
67.0613        66.4363
67.1428        66.4363
67.1329        66.4363
67.0339        66.4363
67.13        66.4363
67.1286        66.4363
67.1602        66.4363
67.0772        66.4363
67.0661        66.4363
67.0466        66.4363
67.0668        66.4363
67.1775        66.4363
67.1385        66.4363
67.264        66.4363
67.2225        66.4363
67.2171        66.4363
67.1021        66.4363
67.0763        66.4363
67.0969        66.4363
67.0856        66.4363
67.2226        66.4363
67.288        66.4363
67.2154        66.4363
67.2422        66.4363
67.1808        66.4363
67.2542        66.4363
67.3038        66.4363
67.2723        66.4363
67.2505        66.4363
67.2906        66.4363
67.2276        66.4363
67.252        66.4363
67.2214        66.4363
67.1167        66.4363
67.0805        66.4363
67.1222        66.4363
67.0761        66.4363
66.9611        66.4363
67.1144        66.4363
67.1975        66.4363
67.2094        66.4363
67.1695        66.4363
67.2708        66.4363
67.1833        66.4363
67.1695        66.4363
67.1872        66.4363
67.0881        66.4363
67.1421        66.4363
67.1282        66.4363
67.2432        66.4363
67.1013        66.4363
67.0837        66.4363
67.0691        66.4363
67.2061        66.4363
67.1418        66.4363
67.2267        66.4363
67.0989        66.4363
67.0714        66.4363
67.0681        66.4363
67.0593        66.4363
67.0892        66.4363
67.1572        66.4363
67.1034        66.4363
67.1355        66.4363
67.1586        66.4363
67.2634        66.4363
67.1227        66.4363
67.149        66.4363
67.1558        66.4363
67.1103        66.4363
67.2142        66.4363
67.2185        66.4363
67.0386        66.4363
67.0348        66.4363
67.1137        66.4363
67.0614        66.4363
67.1145        66.4363
67.0544        66.4363
67.0145        66.4363
67.0531        66.4363
67.1292        66.4363
67.1774        66.4363
67.001        66.4363
67.0668        66.4363
67.0357        66.4363
67.1772        66.4363
67.0192        66.4363
67.2393        66.4363
67.1749        66.4363
67.1228        66.4363
67.0709        66.4363
67.0339        66.4363
67.0109        66.4363
67.0296        66.4363
67.1231        66.4363
67.2487        66.4363
67.2084        66.4363
67.0506        66.4363
67.0995        66.4363
67.1027        66.4363
67.1579        66.4363
67.0366        66.4363
67.1796        66.4363
67.143        66.4363
67.1207        66.4363
67.0309        66.4363
67.031        66.4363
67.0772        66.4363
66.9016        66.4363
67.0341        66.4363
67.0885        66.4363
67.0608        66.4363
67.0999        66.4363
67.1075        66.4363
67.142        66.4363
67.1524        66.4363
67.1187        66.4363
67.1762        66.4363
67.058        66.4363
67.0778        66.4363
67.2682        66.4363
67.2935        66.4363
67.2612        66.4363
67.2576        66.4363
67.2419        66.4363
67.1579        66.4363
67.1048        66.4363
67.0761        66.4363
67.101        66.4363
66.9819        66.4363
67.0934        66.4363
67.1645        66.4363
67.1595        66.4363
66.9934        66.4363
67.0269        66.4363
67.0464        66.4363
67.2051        66.4363
67.2472        66.4363
67.1587        66.4363
67.1585        66.4363
67.0425        66.4363
67.1556        66.4363
67.2144        66.4363
67.0721        66.4363
67.02        66.4363
67.1176        66.4363
67.0321        66.4363
67.0543        66.4363
67.1443        66.4363
67.0865        66.4363
67.124        66.4363
67.0499        66.4363
67.0094        66.4363
67.1456        66.4363
67.0261        66.4363
67.0146        66.4363
67.188        66.4363
67.2003        66.4363
67.2459        66.4363
67.2298        66.4363
67.1785        66.4363
67.1672        66.4363
67.1304        66.4363
67.2026        66.4363
67.162        66.4363
67.1211        66.4363
67.1911        66.4363
67.1953        66.4363
66.9996        66.4363
66.993        66.4363
66.979        66.4363
67.0356        66.4363
67.072        66.4363
67.0827        66.4363
67.1691        66.4363
67.0981        66.4363
67.0298        66.4363
67.1492        66.4363
67.1478        66.4363
67.1375        66.4363
67.0461        66.4363
67.0946        66.4363
67.0204        66.4363
66.9472        66.4363
66.9279        66.4363
67.0809        66.4363
67.0794        66.4363
67.0799        66.4363
67.0027        66.4363
67.1298        66.4363
67.0652        66.4363
67.2362        66.4363
67.1098        66.4363
67.2496        66.4363
67.1918        66.4363
67.1483        66.4363
67.2393        66.4363
67.2183        66.4363
67.0632        66.4363
67.126        66.4363
66.9888        66.4363
67.1486        66.4363
67.1503        66.4363
67.0185        66.4363
67.0099        66.4363
67.0341        66.4363
66.9318        66.4363
66.9674        66.4363
66.9625        66.4363
67.0951        66.4363
67.0971        66.4363
67.0136        66.4363
67.1007        66.4363
66.9406        66.4363
67.0483        66.4363
67.0705        66.4363
67.0655        66.4363
67.0759        66.4363
67.1821        66.4363
67.1503        66.4363
67.1744        66.4363
67.2364        66.4363
67.2017        66.4363
67.0311        66.4363
67.0366        66.4363
66.9407        66.4363
66.9576        66.4363
67.0194        66.4363
67.0615        66.4363
67.2199        66.4363
67.2237        66.4363
67.1264        66.4363
67.0984        66.4363
67.0858        66.4363
67.1731        66.4363
67.1249        66.4363
67.2182        66.4363
67.1563        66.4363
67.1501        66.4363
67.16        66.4363
67.1273        66.4363
67.1261        66.4363
67.0973        66.4363
67.2092        66.4363
67.1261        66.4363
67.0413        66.4363
67.2009        66.4363
67.2006        66.4363
67.1863        66.4363
67.1615        66.4363
67.1773        66.4363
67.2445        66.4363
67.2446        66.4363
67.26        66.4363
67.1829        66.4363
67.2339        66.4363
67.2364        66.4363
67.1642        66.4363
67.0554        66.4363
66.9838        66.4363
67.0523        66.4363
67.0668        66.4363
67.186        66.4363
67.2289        66.4363
67.262        66.4363
67.1483        66.4363
67.149        66.4363
67.29        66.4363
67.2276        66.4363
67.1368        66.4363
67.0357        66.4363
67.0582        66.4363
67.0425        66.4363
67.056        66.4363
67.0735        66.4363
67.1028        66.4363
67.0496        66.4363
67.1247        66.4363
67.1265        66.4363
67.0623        66.4363
67.0414        66.4363
67.2994        66.4363
67.1795        66.4363
67.2162        66.4363
67.2008        66.4363
67.0226        66.4363
67.0279        66.4363
67.0945        66.4363
67.2193        66.4363
67.1724        66.4363
67.2231        66.4363
67.2809        66.4363
67.1578        66.4363
67.0349        66.4363
67.2417        66.4363
67.2381        66.4363
67.2116        66.4363
67.2426        66.4363
67.1096        66.4363
67.1976        66.4363
67.1781        66.4363
67.3344        66.4363
67.2579        66.4363
67.1077        66.4363
67.0975        66.4363
67.1345        66.4363
67.1397        66.4363
67.0634        66.4363
67.1541        66.4363
67.0306        66.4363
67.1123        66.4363
67.0047        66.4363
67.0744        66.4363
67.0255        66.4363
67.1341        66.4363
67.1018        66.4363
67.1628        66.4363
67.1734        66.4363
67.0752        66.4363
67.0692        66.4363
67.059        66.4363
67.0017        66.4363
67.11        66.4363
67.2394        66.4363
67.2124        66.4363
67.1345        66.4363
67.1853        66.4363
67.1494        66.4363
67.0978        66.4363
67.0134        66.4363
67.0827        66.4363
67.2231        66.4363
67.2729        66.4363
67.2007        66.4363
67.1383        66.4363
67.0395        66.4363
67.0974        66.4363
67.0233        66.4363
67.0688        66.4363
67.1948        66.4363
67.226        66.4363
67.1206        66.4363
67.0378        66.4363
67.0324        66.4363
66.9996        66.4363
67.0968        66.4363
66.9496        66.4363
66.9498        66.4363
67.1215        66.4363
67.0203        66.4363
67.1241        66.4363
67.1061        66.4363
67.1207        66.4363
67.216        66.4363
67.3521        66.4363
67.1177        66.4363
67.161        66.4363
67.0921        66.4363
67.0496        66.4363
67.0977        66.4363
67.1067        66.4363
67.1905        66.4363
67.053        66.4363
67.182        66.4363
67.2674        66.4363
67.2724        66.4363
67.3709        66.4363
67.3237        66.4363
67.1879        66.4363
67.2209        66.4363
67.105        66.4363
67.1641        66.4363
67.0788        66.4363
67.1268        66.4363
67.0187        66.4363
67.0621        66.4363
67.0486        66.4363
67.0739        66.4363
67.1502        66.4363
67.1763        66.4363
67.1111        66.4363
67.1504        66.4363
67.0211        66.4363
67.0635        66.4363
67.1954        66.4363
67.1403        66.4363
67.147        66.4363
67.2019        66.4363
67.0659        66.4363
67.1048        66.4363
67.2069        66.4363
67.1001        66.4363
67.1977        66.4363
67.1664        66.4363
67.1546        66.4363
67.001        66.4363
67.1471        66.4363
67.0738        66.4363
67.1341        66.4363
67.0942        66.4363
67.1269        66.4363
67.2324        66.4363
67.1687        66.4363
67.1635        66.4363
67.1285        66.4363
67.1868        66.4363
66.9881        66.4363
67.1245        66.4363
67.0598        66.4363
67.1525        66.4363
67.084        66.4363
67.0756        66.4363
67.0946        66.4363
67.1828        66.4363
67.1876        66.4363
67.2436        66.4363
67.2355        66.4363
67.1237        66.4363
67.1518        66.4363
67.0979        66.4363
67.067        66.4363
67.1385        66.4363
67.0495        66.4363
66.9782        66.4363
67.066        66.4363
67.1127        66.4363
67.1143        66.4363
67.1878        66.4363
67.078        66.4363
67.122        66.4363
67.2074        66.4363
67.1757        66.4363
67.1688        66.4363
66.9647        66.4363
66.9967        66.4363
66.9719        66.4363
67.0913        66.4363
67.1973        66.4363
67.1006        66.4363
67.1438        66.4363
67.0391        66.4363
67.1336        66.4363
67.0294        66.4363
67.1023        66.4363
67.0766        66.4363
67.0186        66.4363
67.064        66.4363
67.1436        66.4363
67.1158        66.4363
67.1328        66.4363
67.1008        66.4363
67.0052        66.4363
67.1367        66.4363
67.1465        66.4363
67.1977        66.4363
67.152        66.4363
67.0712        66.4363
67.0615        66.4363
66.9398        66.4363
67.1002        66.4363
67.0493        66.4363
67.2274        66.4363
67.2399        66.4363
67.1426        66.4363
67.1793        66.4363
67.0408        66.4363
67.0931        66.4363
67.1565        66.4363
67.1408        66.4363
67.0985        66.4363
67.1084        66.4363
67.1618        66.4363
67.0472        66.4363
67.0031        66.4363
67.167        66.4363
67.179        66.4363
67.17        66.4363
67.0738        66.4363
67.1283        66.4363
67.1272        66.4363
67.1936        66.4363
67.2116        66.4363
67.1513        66.4363
67.1708        66.4363
67.1868        66.4363
67.0393        66.4363
67.0921        66.4363
67.1375        66.4363
67.0495        66.4363
67.1312        66.4363
67.1516        66.4363
67.052        66.4363
67.0713        66.4363
67.0453        66.4363
67.0681        66.4363
67.1275        66.4363
67.057        66.4363
67.0105        66.4363
67.0578        66.4363
67.1054        66.4363
67.0317        66.4363
67.1145        66.4363
67.1494        66.4363
67.1481        66.4363
67.367        66.4363
67.243        66.4363
67.1885        66.4363
67.1279        66.4363
67.1031        66.4363
67.2439        66.4363
67.2157        66.4363
67.1609        66.4363
67.1899        66.4363
67.1699        66.4363
67.1679        66.4363
67.0462        66.4363
67.2471        66.4363
67.198        66.4363
67.3253        66.4363
67.1752        66.4363
67.3027        66.4363
67.2261        66.4363
67.0331        66.4363
66.9634        66.4363
67.1592        66.4363
67.0835        66.4363
67.0037        66.4363
66.986        66.4363
67.1426        66.4363
67.1278        66.4363
67.043        66.4363
66.9874        66.4363
67.0555        66.4363
67.0498        66.4363
67.086        66.4363
67.2303        66.4363
67.2918        66.4363
67.1267        66.4363
67.0893        66.4363
67.129        66.4363
67.1805        66.4363
67.1445        66.4363
67.1708        66.4363
67.2673        66.4363
67.2936        66.4363
67.2258        66.4363
67.3383        66.4363
67.373        66.4363
67.2637        66.4363
67.2041        66.4363
67.2154        66.4363
67.1339        66.4363
67.2663        66.4363
67.2577        66.4363
67.1698        66.4363
67.1286        66.4363
67.101        66.4363
66.9703        66.4363
66.9566        66.4363
67.1328        66.4363
67.0988        66.4363
67.0825        66.4363
67.0423        66.4363
67.0825        66.4363
67.0556        66.4363
67.0966        66.4363
67.1728        66.4363
67.011        66.4363
67.2039        66.4363
67.1262        66.4363
67.0636        66.4363
67.0574        66.4363
67.1561        66.4363
67.2036        66.4363
67.1248        66.4363
67.0836        66.4363
67.0036        66.4363
67.0024        66.4363
67.0341        66.4363
67.0548        66.4363
67.0102        66.4363
67.1332        66.4363
66.9481        66.4363
66.9715        66.4363
67.0404        66.4363
67.0359        66.4363
67.1754        66.4363
67.0751        66.4363
66.9511        66.4363
66.9567        66.4363
67.0781        66.4363
67.0981        66.4363
67.1731        66.4363
67.0835        66.4363
67.1574        66.4363
67.0966        66.4363
67.1629        66.4363
67.0464        66.4363
67.1602        66.4363
67.2233        66.4363
67.0605        66.4363
67.2602        66.4363
67.2448        66.4363
67.1914        66.4363
67.235        66.4363
67.322        66.4363
67.264        66.4363
67.2959        66.4363
67.2191        66.4363
67.0218        66.4363
67.1406        66.4363
67.0571        66.4363
67.0622        66.4363
67.0058        66.4363
67.0547        66.4363
67.0058        66.4363
67.0795        66.4363
67.1528        66.4363
67.0151        66.4363
67.0642        66.4363
67.1344        66.4363
67.23        66.4363
67.0646        66.4363
67.0633        66.4363
67.0611        66.4363
66.9972        66.4363
67.0663        66.4363
67.0649        66.4363
67.0854        66.4363
67.0166        66.4363
67.0406        66.4363
67.0689        66.4363
67.0913        66.4363
66.9151        66.4363
67.0223        66.4363
67.1103        66.4363
67.1131        66.4363
67.0925        66.4363
67.1838        66.4363
67.0016        66.4363
67.008        66.4363
67.0144        66.4363
66.9881        66.4363
66.929        66.4363
67.0091        66.4363
67.1966        66.4363
67.118        66.4363
67.1639        66.4363
67.2636        66.4363
67.1798        66.4363
67.0405        66.4363
67.1419        66.4363
67.012        66.4363
67.1118        66.4363
67.1459        66.4363
67.1107        66.4363
67.0694        66.4363
67.1568        66.4363
67.1006        66.4363
67.0515        66.4363
67.0813        66.4363
67.057        66.4363
67.0245        66.4363
67.0966        66.4363
67.1086        66.4363
67.1145        66.4363
67.2876        66.4363
67.1039        66.4363
67.0246        66.4363
67.1871        66.4363
67.0715        66.4363
67.1477        66.4363
67.1998        66.4363
67.2346        66.4363
67.2084        66.4363
67.1462        66.4363
67.0373        66.4363
67.1933        66.4363
67.0731        66.4363
67.1018        66.4363
66.9466        66.4363
66.986        66.4363
67.0732        66.4363
67.0806        66.4363
67.0635        66.4363
67.0775        66.4363
67.1582        66.4363
67.1326        66.4363
67.0674        66.4363
67.0189        66.4363
67.0727        66.4363
67.0293        66.4363
67.083        66.4363
67.1153        66.4363
67.0649        66.4363
67.0944        66.4363
67.1392        66.4363
67.2325        66.4363
67.204        66.4363
67.1761        66.4363
67.0538        66.4363
66.9574        66.4363
67.0343        66.4363
67.1227        66.4363
67.1556        66.4363
67.2889        66.4363
67.2613        66.4363
67.0868        66.4363
67.114        66.4363
67.213        66.4363
67.1179        66.4363
67.1863        66.4363
67.1462        66.4363
67.1699        66.4363
67.1764        66.4363
67.1458        66.4363
67.056        66.4363
67.0604        66.4363
67.214        66.4363
67.1597        66.4363
67.2015        66.4363
67.1504        66.4363
67.1436        66.4363
67.1421        66.4363
67.074        66.4363
67.0798        66.4363
67.0303        66.4363
67.1533        66.4363
67.1885        66.4363
67.0516        66.4363
67.0012        66.4363
67.1538        66.4363
67.1981        66.4363
67.1609        66.4363
67.0935        66.4363
67.1287        66.4363
67.1876        66.4363
67.14        66.4363
67.0258        66.4363
67.0411        66.4363
67.0414        66.4363
66.9552        66.4363
67.0223        66.4363
67.0422        66.4363
67.0527        66.4363
67.1746        66.4363
67.1977        66.4363
67.125        66.4363
67.0674        66.4363
67.0611        66.4363
67.1021        66.4363
67.1243        66.4363
67.0999        66.4363
67.0197        66.4363
67.0079        66.4363
67.0885        66.4363
67.0221        66.4363
67.0466        66.4363
67.084        66.4363
67.1939        66.4363
67.0752        66.4363
67.0663        66.4363
67.0983        66.4363
67.086        66.4363
67.0854        66.4363
67.1254        66.4363
67.0144        66.4363
67.0205        66.4363
66.9067        66.4363
67.0419        66.4363
66.9911        66.4363
67.0648        66.4363
67.099        66.4363
67.1203        66.4363
67.2028        66.4363
67.1756        66.4363
67.1784        66.4363
67.0982        66.4363
67.0515        66.4363
67.0475        66.4363
67.0501        66.4363
67.0366        66.4363
67.0687        66.4363
67.2432        66.4363
67.2619        66.4363
67.2446        66.4363
67.2119        66.4363
67.1557        66.4363
67.1632        66.4363
67.1567        66.4363
67.2264        66.4363
67.258        66.4363
67.116        66.4363
67.0399        66.4363
67.1573        66.4363
67.093        66.4363
67.0857        66.4363
67.334        66.4363
67.1034        66.4363
67.1352        66.4363
67.1352        66.4363
67.2182        66.4363
67.1818        66.4363
67.2051        66.4363
67.1967        66.4363
67.0531        66.4363
67.134        66.4363
67.1944        66.4363
67.0781        66.4363
67.066        66.4363
67.0274        66.4363
67.05        66.4363
67.1932        66.4363
67.1341        66.4363
67.3086        66.4363
67.2837        66.4363
67.2482        66.4363
67.3369        66.4363
67.156        66.4363
67.1789        66.4363
67.1285        66.4363
67.2162        66.4363
67.2602        66.4363
67.1866        66.4363
67.1456        66.4363
67.1042        66.4363
67.1882        66.4363
67.2089        66.4363
67.1829        66.4363
67.1498        66.4363
67.0298        66.4363
67.0554        66.4363
67.0731        66.4363
67.1966        66.4363
67.0782        66.4363
67.069        66.4363
67.101        66.4363
67.113        66.4363
67.1185        66.4363
67.1974        66.4363
67.2571        66.4363
67.1062        66.4363
67.0969        66.4363
67.1241        66.4363
67.173        66.4363
67.1522        66.4363
67.1707        66.4363
67.0792        66.4363
67.1224        66.4363
67.0846        66.4363
67.0872        66.4363
67.1832        66.4363
67.0699        66.4363
67.1704        66.4363
67.1721        66.4363
67.2313        66.4363
67.1248        66.4363
67.149        66.4363
67.2493        66.4363
67.1922        66.4363
67.2811        66.4363
67.3052        66.4363
67.2376        66.4363
67.216        66.4363
67.1407        66.4363
67.2277        66.4363
67.1117        66.4363
67.1267        66.4363
67.1533        66.4363
67.0641        66.4363
67.0373        66.4363
67.0554        66.4363
67.0911        66.4363
67.2274        66.4363
67.2131        66.4363
67.2247        66.4363
67.0439        66.4363
67.0659        66.4363
67.0424        66.4363
66.9782        66.4363
67.0637        66.4363
67.0648        66.4363
67.1546        66.4363
67.0636        66.4363
67.0053        66.4363
67.0668        66.4363
67.0996        66.4363
67.2238        66.4363
67.1249        66.4363
67.0405        66.4363
67.1377        66.4363
67.1189        66.4363
67.156        66.4363
67.0219        66.4363
67.024        66.4363
67.1238        66.4363
67.1256        66.4363
67.053        66.4363
67.0391        66.4363
67.0937        66.4363
67.1115        66.4363
67.1355        66.4363
67.2187        66.4363
67.2065        66.4363
67.171        66.4363
67.2612        66.4363
67.1343        66.4363
67.0892        66.4363
67.0002        66.4363
67.0372        66.4363
67.0799        66.4363
67.1413        66.4363
67.1427        66.4363
67.1204        66.4363
67.2217        66.4363
67.0896        66.4363
67.098        66.4363
67.1398        66.4363
67.1092        66.4363
67.3189        66.4363
67.2518        66.4363
67.254        66.4363
67.175        66.4363
67.2028        66.4363
67.2231        66.4363
67.1956        66.4363
67.1714        66.4363
67.1083        66.4363
67.1818        66.4363
67.0745        66.4363
67.0698        66.4363
67.0685        66.4363
67.0692        66.4363
67.0914        66.4363
67.1484        66.4363
67.1389        66.4363
67.1004        66.4363
67.1772        66.4363
67.1107        66.4363
67.111        66.4363
67.0697        66.4363
67.0483        66.4363
66.9389        66.4363
67.008        66.4363
67.1087        66.4363
67.1251        66.4363
67.0902        66.4363
67.1272        66.4363
67.0964        66.4363
67.0347        66.4363
67.1466        66.4363
67.1488        66.4363
67.1447        66.4363
67.0712        66.4363
67.087        66.4363
67.0115        66.4363
66.9811        66.4363
67.0569        66.4363
67.0926        66.4363
67.0498        66.4363
67.0613        66.4363
67.0879        66.4363
67.175        66.4363
67.2377        66.4363
67.1208        66.4363
67.1164        66.4363
67.051        66.4363
67.0394        66.4363
67.0726        66.4363
66.9885        66.4363
67.0879        66.4363
67.0927        66.4363
67.0197        66.4363
67.0905        66.4363
67.0837        66.4363
67.0658        66.4363
67.1791        66.4363
67.0249        66.4363
67.0265        66.4363
67.1032        66.4363
67.2004        66.4363
67.2207        66.4363
67.0973        66.4363
67.0964        66.4363
67.0854        66.4363
67.0139        66.4363
67.1004        66.4363
67.1758        66.4363
67.2143        66.4363
67.2083        66.4363
67.1931        66.4363
67.1147        66.4363
67.0317        66.4363
66.9742        66.4363
67.1963        66.4363
66.9925        66.4363
67.0827        66.4363
67.1936        66.4363
67.2039        66.4363
67.2094        66.4363
67.1294        66.4363
67.1183        66.4363
67.1494        66.4363
67.0892        66.4363
66.9262        66.4363
67.0202        66.4363
67.0921        66.4363
66.9679        66.4363
66.9915        66.4363
67.0688        66.4363
67.1182        66.4363
67.1201        66.4363
67.0954        66.4363
67.1015        66.4363
67.1996        66.4363
67.2137        66.4363
67.1625        66.4363
67.2294        66.4363
67.1793        66.4363
67.1446        66.4363
67.061        66.4363
67.0251        66.4363
66.9663        66.4363
67.0805        66.4363
67.1279        66.4363
67.1394        66.4363
67.193        66.4363
67.0586        66.4363
67.0637        66.4363
67.2246        66.4363
67.249        66.4363
67.2682        66.4363
67.087        66.4363
67.1171        66.4363
67.1166        66.4363
67.1162        66.4363
67.1483        66.4363
67.1127        66.4363
67.066        66.4363
67.0151        66.4363
67.1268        66.4363
67.0382        66.4363
67.0878        66.4363
67.0048        66.4363
66.9417        66.4363
67.0875        66.4363
67.1331        66.4363
67.1134        66.4363
67.1493        66.4363
67.2369        66.4363
67.1689        66.4363
67.1325        66.4363
67.0247        66.4363
67.105        66.4363
67.092        66.4363
67.1745        66.4363
67.223        66.4363
67.0089        66.4363
67.0588        66.4363
67.1238        66.4363
67.0452        66.4363
67.0689        66.4363
66.9828        66.4363
67.0675        66.4363
67.0698        66.4363
67.107        66.4363
67.1054        66.4363
67.1971        66.4363
67.2651        66.4363
67.1807        66.4363
67.16        66.4363
67.0834        66.4363
67.1149        66.4363
67.2399        66.4363
67.1746        66.4363
67.0478        66.4363
67.0298        66.4363
66.9356        66.4363
67.0682        66.4363
67.0047        66.4363
67.1359        66.4363
67.1278        66.4363
67.0669        66.4363
67.0479        66.4363
67.1406        66.4363
67.1615        66.4363
67.0741        66.4363
67.09        66.4363
67.1414        66.4363
67.1368        66.4363
67.1522        66.4363
67.157        66.4363
66.9741        66.4363
67.0192        66.4363
67.005        66.4363
67.1072        66.4363
67.2297        66.4363
67.1223        66.4363
67.1016        66.4363
67.0871        66.4363
67.0708        66.4363
67.1043        66.4363
67.1027        66.4363
67.1668        66.4363
66.9969        66.4363
67.0793        66.4363
67.0849        66.4363
67.0468        66.4363
67.1455        66.4363
67.0723        66.4363
67.0423        66.4363
66.9914        66.4363
67.0316        66.4363
67.0882        66.4363
67.1475        66.4363
67.0366        66.4363
67.1083        66.4363
67.1554        66.4363
67.0735        66.4363
67.2044        66.4363
67.1574        66.4363
67.0704        66.4363
67.0761        66.4363
67.025        66.4363
66.9817        66.4363
66.9527        66.4363
67.0483        66.4363
67.029        66.4363
67.1173        66.4363
67.1096        66.4363
67.155        66.4363
67.0913        66.4363
67.2258        66.4363
67.0818        66.4363
67.0883        66.4363
67.1226        66.4363
67.1534        66.4363
67.0711        66.4363
67.058        66.4363
67.0585        66.4363
67.0087        66.4363
66.9945        66.4363
67.0778        66.4363
67.0421        66.4363
67.0897        66.4363
67.1172        66.4363
67.0617        66.4363
67.0793        66.4363
67.15        66.4363
67.1319        66.4363
67.189        66.4363
67.1072        66.4363
67.1458        66.4363
67.1398        66.4363
67.073        66.4363
67.1026        66.4363
67.1605        66.4363
67.0757        66.4363
67.1504        66.4363
67.2418        66.4363
67.1866        66.4363
67.0578        66.4363
67.1489        66.4363
67.1119        66.4363
67.1263        66.4363
67.1509        66.4363
67.284        66.4363
67.1264        66.4363
67.0495        66.4363
67.1667        66.4363
67.1371        66.4363
67.0635        66.4363
67.0705        66.4363
67.1602        66.4363
67.1664        66.4363
67.0612        66.4363
67.1017        66.4363
67.0654        66.4363
67.0947        66.4363
67.0813        66.4363
67.1252        66.4363
66.9521        66.4363
66.9806        66.4363
67.0711        66.4363
67.0651        66.4363
66.9711        66.4363
67.0499        66.4363
67.0866        66.4363
67.144        66.4363
67.1383        66.4363
67.0728        66.4363
67.131        66.4363
67.1703        66.4363
67.2874        66.4363
67.2144        66.4363
67.0745        66.4363
67.1032        66.4363
67.1203        66.4363
67.1535        66.4363
67.0904        66.4363
67.078        66.4363
67.1555        66.4363
67.1053        66.4363
67.1307        66.4363
66.9745        66.4363
67.0961        66.4363
67.0641        66.4363
67.1001        66.4363
67.0996        66.4363
67.0574        66.4363
67.0749        66.4363
67.0464        66.4363
67.1402        66.4363
67.2291        66.4363
67.2732        66.4363
67.1102        66.4363
67.0807        66.4363
67.0251        66.4363
67.2446        66.4363
67.1594        66.4363
67.1079        66.4363
67.0811        66.4363
67.1302        66.4363
67.0595        66.4363
67.0936        66.4363
67.1038        66.4363
67.1416        66.4363
67.255        66.4363
67.1471        66.4363
67.1121        66.4363
67.1268        66.4363
67.216        66.4363
67.2564        66.4363
67.1561        66.4363
67.1871        66.4363
67.1173        66.4363
67.1294        66.4363
67.081        66.4363
67.0585        66.4363
66.9881        66.4363
67.0892        66.4363
67.1313        66.4363
66.9845        66.4363
67.0541        66.4363
67.1659        66.4363
67.2298        66.4363
67.268        66.4363
67.0221        66.4363
67.0824        66.4363
67.029        66.4363
67.0716        66.4363
67.089        66.4363
67.1818        66.4363
67.1049        66.4363
67.1728        66.4363
67.1755        66.4363
67.1627        66.4363
67.0766        66.4363
67.0813        66.4363
67.0408        66.4363
67.061        66.4363
67.0815        66.4363
67.0128        66.4363
67.0429        66.4363
67.032        66.4363
67.1044        66.4363
67.1755        66.4363
67.1706        66.4363
67.1371        66.4363
67.2403        66.4363
67.3332        66.4363
67.2269        66.4363
67.3553        66.4363
67.1092        66.4363
67.1247        66.4363
67.1107        66.4363
67.0959        66.4363
67.2209        66.4363
67.1568        66.4363
67.1168        66.4363
67.185        66.4363
67.1608        66.4363
67.191        66.4363
67.2062        66.4363
67.1542        66.4363
67.1482        66.4363
67.0925        66.4363
67.0563        66.4363
67.0883        66.4363
67.1501        66.4363
67.0759        66.4363
67.2385        66.4363
67.243        66.4363
67.1847        66.4363
67.1135        66.4363
67.1286        66.4363
67.1158        66.4363
67.2362        66.4363
67.0751        66.4363
67.0473        66.4363
67.0522        66.4363
67.0915        66.4363
67.1052        66.4363
67.1438        66.4363
67.1318        66.4363
67.0759        66.4363
66.981        66.4363
67.0785        66.4363
67.0958        66.4363
67.2477        66.4363
67.2411        66.4363
67.1793        66.4363
67.2197        66.4363
67.152        66.4363
67.1751        66.4363
67.1254        66.4363
67.0735        66.4363
67.199        66.4363
67.1939        66.4363
67.1977        66.4363
67.1554        66.4363
67.2745        66.4363
67.2941        66.4363
67.2214        66.4363
67.1301        66.4363
67.0655        66.4363
67.098        66.4363
67.1626        66.4363
67.1135        66.4363
67.0983        66.4363
67.0401        66.4363
67.2103        66.4363
67.0859        66.4363
67.1801        66.4363
67.1881        66.4363
67.0182        66.4363
67.1667        66.4363
67.183        66.4363
67.116        66.4363
67.1155        66.4363
67.1083        66.4363
67.1271        66.4363
67.0904        66.4363
67.1386        66.4363
67.1252        66.4363
67.1428        66.4363
66.9762        66.4363
67.0638        66.4363
67.1573        66.4363
67.2231        66.4363
67.0519        66.4363
67.0079        66.4363
66.9672        66.4363
67.0309        66.4363
67.051        66.4363
67.0286        66.4363
67.0087        66.4363
67.038        66.4363
67.0889        66.4363
66.9972        66.4363
67.0079        66.4363
67.0039        66.4363
67.0672        66.4363
67.1825        66.4363
67.0998        66.4363
67.1302        66.4363
67.0707        66.4363
67.0834        66.4363
67.0119        66.4363
66.946        66.4363
66.9579        66.4363
67        66.4363
66.9836        66.4363
67.1264        66.4363
67.2261        66.4363
67.2086        66.4363
67.1484        66.4363
67.1066        66.4363
67.2313        66.4363
67.193        66.4363
67.154        66.4363
67.1484        66.4363
67.191        66.4363
67.1312        66.4363
67.2136        66.4363
67.2452        66.4363
67.136        66.4363
67.0264        66.4363
67.036        66.4363
67.0713        66.4363
67.0635        66.4363
67.1543        66.4363
67.235        66.4363
67.2312        66.4363
67.1745        66.4363
67.1451        66.4363
67.0158        66.4363
67.0116        66.4363
67.0293        66.4363
67.0849        66.4363
67.1493        66.4363
67.1335        66.4363
67.1511        66.4363
67.1512        66.4363
67.1021        66.4363
67.1212        66.4363
67.1013        66.4363
67.2306        66.4363
67.1902        66.4363
67.1864        66.4363
67.217        66.4363
67.1128        66.4363
67.2312        66.4363
67.1015        66.4363
67.1309        66.4363
67.1055        66.4363
67.2729        66.4363
67.2789        66.4363
67.2045        66.4363
67.136        66.4363
67.1398        66.4363
67.1124        66.4363
67.0822        66.4363
67.2106        66.4363
67.1814        66.4363
67.0688        66.4363
67.1064        66.4363
67.068        66.4363
67.127        66.4363
67.2558        66.4363
67.2859        66.4363
67.2485        66.4363
67.2383        66.4363
67.2335        66.4363
67.1332        66.4363
67.2358        66.4363
67.1989        66.4363
67.1782        66.4363
67.2282        66.4363
67.0396        66.4363
67.1317        66.4363
67.0953        66.4363
67.1036        66.4363
67.0579        66.4363
67.0716        66.4363
67.0933        66.4363
66.9411        66.4363
66.94        66.4363
67.0699        66.4363
67.2191        66.4363
67.2083        66.4363
67.1591        66.4363
67.2341        66.4363
67.1619        66.4363
67.1515        66.4363
67.1496        66.4363
67.1978        66.4363
67.2821        66.4363
67.2958        66.4363
67.2372        66.4363
67.2539        66.4363
67.1264        66.4363
67.0982        66.4363
67.0033        66.4363
66.989        66.4363
66.9085        66.4363
67.0459        66.4363
67.1707        66.4363
67.1988        66.4363
67.1482        66.4363
67.0806        66.4363
67.064        66.4363
67.1292        66.4363
67.1995        66.4363
67.0276         66.322
67.1775         66.322
67.1112         66.322
67.1422         66.322
67.1039         66.322
67.1591         66.322
67.0675         66.322
67.0542         66.322
67.0502         66.322
67.1592         66.322
67.0002         66.322
67.0356         66.322
67.0815         66.322
67.12         66.322
67.2147         66.322
67.0255         66.322
67.0019         66.322
67.0435         66.322
66.9962         66.322
66.9893         66.322
67.0177         66.322
66.9143         66.322
67.0613         66.322
67.1371         66.322
66.9503         66.322
67.0534         66.322
67.1185         66.322
67.0431         66.322
67.0886         66.322
67.0981         66.322
67.005         66.322
67.0123         66.322
66.9749         66.322
66.8237         66.322
66.9215         66.322
66.9407         66.322
67.029         66.322
67.1939         66.322
67.0594         66.322
66.9184         66.322
67.1055         66.322
67.0282         66.322
67.0163         66.322
67.0111         66.322
67.0339         66.322
67.0195         66.322
66.9341         66.322
66.9001         66.322
67.0366         66.322
67.0052         66.322
67.0001         66.322
67.0519         66.322
67.1629         66.322
67.0147         66.322
66.9011         66.322
66.984         66.322
66.8915         66.322
67.03         66.322
66.9913         66.322
66.98         66.322
67.0999         66.322
67.0325         66.322
67.0089         66.322
66.9047         66.322
66.9804         66.322
66.9656         66.322
66.9599         66.322
66.9167         66.322
67.0573         66.322
67.1739         66.322
67.117         66.322
67.2075         66.322
67.1365         66.322
67.1376         66.322
67.0867         66.322
67.0883         66.322
67.0848         66.322
67.0546         66.322
67.0263         66.322
67.002         66.322
67.0023         66.322
66.9979         66.322
67.046         66.322
67.0762         66.322
67.1009         66.322
67.0804         66.322
66.9925         66.322
67.1369         66.322
67.2493         66.322
67.096         66.322
66.9867         66.322
67.0199         66.322
67.0349         66.322
66.9975         66.322
67.1303         66.322
67.2347         66.322
66.9968         66.322
67.0126         66.322
67.0152         66.322
67.0904         66.322
67.0136         66.322
67.166         66.322
67.1093         66.322
67.1079         66.322
67.1192         66.322
67.1111         66.322
67.0277         66.322
67.0335         66.322
67.078         66.322
66.9969         66.322
66.9496         66.322
66.9299         66.322
66.9879         66.322
67.0415         66.322
67.0672         66.322
67.0518         66.322
67.1152         66.322
67.1037         66.322
66.9614         66.322
67.0159         66.322
66.9632         66.322
67.0785         66.322
67.0987         66.322
67.0209         66.322
67.056         66.322
67.0201         66.322
67.0392         66.322
67.0243         66.322
66.9632         66.322
66.946         66.322
67.0362         66.322
67.0257         66.322
66.9689         66.322
67.0088         66.322
66.9757         66.322
67.0915         66.322
67.0984         66.322
66.9807         66.322
66.9195         66.322
67.0126         66.322
66.9741         66.322
66.9592         66.322
66.9938         66.322
66.986         66.322
66.9518         66.322
66.9953         66.322
67.0506         66.322
67.0189         66.322
67.02         66.322
66.9487         66.322
67.0163         66.322
66.8318         66.322
67.0161         66.322
67.1322         66.322
67.084         66.322
67.1196         66.322
67.2152         66.322
67.1742         66.322
67.171         66.322
67.0684         66.322
67.0705         66.322
67.0287         66.322
66.935         66.322
67.0819         66.322
67.0417         66.322
66.993         66.322
66.8864         66.322
66.9591         66.322
67.0483         66.322
66.995         66.322
66.9881         66.322
67.175         66.322
67.0729         66.322
67.0715         66.322
66.9887         66.322
67.0553         66.322
67.1057         66.322
67.0174         66.322
67.0281         66.322
66.9801         66.322
67.0375         66.322
67.1003         66.322
67.1307         66.322
66.968         66.322
67.2015         66.322
67.1426         66.322
67.1204         66.322
67.0831         66.322
67.2618         66.322
67.0135         66.322
66.9612         66.322
67.0018         66.322
66.9675         66.322
67.0532         66.322
67.0021         66.322
66.8406         66.322
66.8629         66.322
67.0281         66.322
67.001         66.322
66.9552         66.322
66.9982         66.322
66.9548         66.322
67.0212         66.322
66.912         66.322
67.0044         66.322
67.0679         66.322
66.9883         66.322
67.1552         66.322
67.0766         66.322
67.0552         66.322
67.0233         66.322
67.0256         66.322
66.9452         66.322
67.0314         66.322
67.1236         66.322
67.1159         66.322
66.9952         66.322
66.9345         66.322
67.0253         66.322
67.032         66.322
67.0096         66.322
67.0562         66.322
66.99         66.322
66.9982         66.322
67.0365         66.322
67.0268         66.322
66.9611         66.322
67.0181         66.322
67.0256         66.322
67.0189         66.322
66.9858         66.322
66.9632         66.322
66.9695         66.322
66.9723         66.322
67.1336         66.322
67.0195         66.322
67.0392         66.322
66.9094         66.322
66.8842         66.322
66.9429         66.322
67.0506         66.322
67.026         66.322
67.0033         66.322
67.0019         66.322
67.0822         66.322
67.0304         66.322
66.9826         66.322
66.9193         66.322
67.0074         66.322
66.9417         66.322
67.0591         66.322
67.0335         66.322
66.9108         66.322
67.0584         66.322
67.1054         66.322
67.0044         66.322
66.8886         66.322
66.8819         66.322
67.0105         66.322
66.9206         66.322
67.0163         66.322
67.0097         66.322
66.9661         66.322
67.0856         66.322
67.0737         66.322
66.9691         66.322
66.9433         66.322
66.8873         66.322
67.0413         66.322
66.9467         66.322
66.9831         66.322
67.0635         66.322
67.0048         66.322
67.0091         66.322
66.9216         66.322
66.8617         66.322
66.892         66.322
66.9418         66.322
66.9144         66.322
67.0099         66.322
66.9555         66.322
66.8942         66.322
66.9372         66.322
66.8951         66.322
67.0653         66.322
67.1443         66.322
67.0989         66.322
66.9741         66.322
66.9838         66.322
66.9928         66.322
67.1104         66.322
67.0843         66.322
66.9922         66.322
66.9061         66.322
66.8866         66.322
67.0231         66.322
67.0146         66.322
67.1187         66.322
67.1603         66.322
67.0572         66.322
67.0205         66.322
66.9663         66.322
66.9897         66.322
67.0182         66.322
67.1609         66.322
66.9842         66.322
67.0373         66.322
66.9278         66.322
67.002         66.322
67.1171         66.322
67.1124         66.322
67.0575         66.322
67.1053         66.322
67.0085         66.322
67.0353         66.322
67.2316         66.322
67.0969         66.322
67.0373         66.322
67.1579         66.322
66.9887         66.322
67.0046         66.322
67.028         66.322
67.0664         66.322
67.0351         66.322
66.9822         66.322
66.9106         66.322
66.9598         66.322
67.041         66.322
67.0582         66.322
67.0589         66.322
67.152         66.322
67.2197         66.322
67.1618         66.322
66.9905         66.322
67.0281         66.322
66.8889         66.322
66.9298         66.322
67.0077         66.322
67.0709         66.322
66.9943         66.322
66.9066         66.322
66.879         66.322
67.0315         66.322
66.9801         66.322
66.9859         66.322
66.9415         66.322
67.012         66.322
67.0187         66.322
67.1437         66.322
67.0447         66.322
67.0946         66.322
67.1562         66.322
67.0648         66.322
66.9131         66.322
66.985         66.322
67.0683         66.322
67.1099         66.322
67.0908         66.322
67.047         66.322
67.0644         66.322
66.9642         66.322
66.8598         66.322
66.8365         66.322
66.8554         66.322
66.8391         66.322
66.9474         66.322
66.9796         66.322
66.922         66.322
67.0089         66.322
66.9449         66.322
67.0021         66.322
67.1252         66.322
67.0882         66.322
67.1611         66.322
67.0455         66.322
66.9994         66.322
67.0363         66.322
66.9275         66.322
66.9772         66.322
66.9543         66.322
66.9595         66.322
67.0297         66.322
67.0215         66.322
67.2441         66.322
67.2057         66.322
67.1592         66.322
67.1271         66.322
67.0116         66.322
66.8491         66.322
66.9518         66.322
66.9124         66.322
67.0878         66.322
67.0709         66.322
67.023         66.322
66.9569         66.322
66.9368         66.322
66.9671         66.322
66.9816         66.322
66.9007         66.322
66.9235         66.322
66.9678         66.322
66.9901         66.322
67.0508         66.322
67.038         66.322
67.019         66.322
67.0435         66.322
67.0361         66.322
66.979         66.322
66.9764         66.322
67.0592         66.322
67.0005         66.322
66.9557         66.322
66.9245         66.322
66.9056         66.322
67.0817         66.322
67.0457         66.322
67.0165         66.322
67.0527         66.322
67.0789         66.322
67.1266         66.322
67.0171         66.322
67.162         66.322
67.0475         66.322
66.986         66.322
66.9835         66.322
67.0836         66.322
67.0087         66.322
67.0397         66.322
66.9493         66.322
67.0313         66.322
67.1774         66.322
67.1727         66.322
67.0762         66.322
67.0873         66.322
67.0615         66.322
67.1692         66.322
67.1802         66.322
67.2008         66.322
67.1505         66.322
67.1232         66.322
67.0485         66.322
67.1005         66.322
66.9639         66.322
66.8618         66.322
66.8281         66.322
66.8998         66.322
67.0135         66.322
67.0136         66.322
66.8958         66.322
66.9045         66.322
66.9652         66.322
66.8876         66.322
66.917         66.322
66.9546         66.322
67.0448         66.322
67.0408         66.322
67.0583         66.322
67.0383         66.322
67.0535         66.322
67.0615         66.322
67.0373         66.322
67.0523         66.322
67.0181         66.322
66.9817         66.322
67.0665         66.322
67.0514         66.322
67.0677         66.322
67.1126         66.322
67.0176         66.322
66.9981         66.322
66.9379         66.322
66.9684         66.322
66.9076         66.322
66.9574         66.322
66.9461         66.322
66.9308         66.322
66.9933         66.322
66.9673         66.322
67.0712         66.322
66.9962         66.322
67.006         66.322
66.9501         66.322
66.9659         66.322
66.8957         66.322
66.9491         66.322
66.9314         66.322
67.0912         66.322
66.9651         66.322
66.9822         66.322
67.0167         66.322
66.9588         66.322
67.0492         66.322
67.0911         66.322
67.0032         66.322
67.0665         66.322
67.0372         66.322
66.9573         66.322
67.026         66.322
67.0586         66.322
67.0521         66.322
67.0291         66.322
66.9143         66.322
66.9465         66.322
67.0089         66.322
67.0384         66.322
67.1009         66.322
67.0223         66.322
66.9677         66.322
67.1412         66.322
67.1689         66.322
67.1502         66.322
67.1057         66.322
67.0196         66.322
67.0266         66.322
67.0422         66.322
67.0664         66.322
67.1795         66.322
67.1667         66.322
67.0977         66.322
67.0518         66.322
67.0242         66.322
67.0798         66.322
67.1851         66.322
67.2281         66.322
67.2363         66.322
67.2283         66.322
67.1232         66.322
67.0004         66.322
66.9845         66.322
67.0222         66.322
67.0177         66.322
66.9788         66.322
66.8625         66.322
67.0961         66.322
67.0335         66.322
67.0418         66.322
67.097         66.322
67.0348         66.322
67.0005         66.322
66.9609         66.322
66.945         66.322
67.0408         66.322
66.9632         66.322
67.0229         66.322
67.0404         66.322
67.0901         66.322
67.0157         66.322
67.0167         66.322
67.0075         66.322
66.9675         66.322
66.9705         66.322
67.0068         66.322
66.9263         66.322
67.1449         66.322
67.0398         66.322
67.0347         66.322
67.0536         66.322
66.9985         66.322
66.8578         66.322
66.8424         66.322
66.8739         66.322
66.8947         66.322
66.9229         66.322
66.9425         66.322
67.1757         66.322
67.2698         66.322
67.2825         66.322
67.0512         66.322
66.8699         66.322
66.9574         66.322
66.8346         66.322
66.9143         66.322
66.9332         66.322
66.9129         66.322
66.9593         66.322
67.104         66.322
67.1298         66.322
67.0276         66.322
66.9341         66.322
66.8134         66.322
66.7931         66.322
66.8414         66.322
67.0422         66.322
67.0504         66.322
67.0195         66.322
66.9656         66.322
66.9051         66.322
66.9676         66.322
66.913         66.322
67.0461         66.322
67.0394         66.322
67.063         66.322
67.0457         66.322
67.0314         66.322
67.0531         66.322
67.0801         66.322
67.1404         66.322
67.1933         66.322
67.1433         66.322
67.1997         66.322
67.0363         66.322
67.025         66.322
66.9863         66.322
67.001         66.322
66.7608         66.322
66.7835         66.322
66.9044         66.322
66.9142         66.322
66.8792         66.322
66.9505         66.322
66.9727         66.322
67.0076         66.322
67.0978         66.322
66.9989         66.322
67.108         66.322
67.1728         66.322
67.1396         66.322
66.9723         66.322
66.9439         66.322
67.0769         66.322
67.1128         66.322
67.0648         66.322
67.0152         66.322
67.0087         66.322
67.0154         66.322
67.1716         66.322
67.1386         66.322
67.0439         66.322
67.1798         66.322
67.1238         66.322
67.0547         66.322
67.0375         66.322
66.9869         66.322
66.9871         66.322
66.9562         66.322
67.0405         66.322
67.0927         66.322
67.1218         66.322
67.0659         66.322
67.0552         66.322
66.9951         66.322
67.0826         66.322
66.9657         66.322
66.9626         66.322
66.9325         66.322
66.9         66.322
66.8427         66.322
66.9397         66.322
66.9335         66.322
67.0107         66.322
67.0802         66.322
66.9923         66.322
66.8985         66.322
67.0313         66.322
66.9876         66.322
66.9765         66.322
67.0273         66.322
67.0276         66.322
67.0283         66.322
67.0416         66.322
67.0232         66.322
67.057         66.322
67.0049         66.322
66.992         66.322
67.0636         66.322
67.0959         66.322
67.0879         66.322
66.9958         66.322
66.9418         66.322
67.1233         66.322
66.9578         66.322
67.0168         66.322
66.9404         66.322
66.8242         66.322
66.8273         66.322
66.92         66.322
66.9975         66.322
66.9382         66.322
67.059         66.322
67.1222         66.322
66.9385         66.322
66.8126         66.322
67.0021         66.322
67.0237         66.322
66.9408         66.322
67.061         66.322
66.9806         66.322
66.9404         66.322
66.9253         66.322
66.9998         66.322
67.1567         66.322
67.0982         66.322
67.0148         66.322
66.8735         66.322
66.8267         66.322
66.9086         66.322
67.1433         66.322
66.9883         66.322
67.0203         66.322
67.1015         66.322
67.0473         66.322
67.0623         66.322
67.0194         66.322
66.9651         66.322
66.7834         66.322
66.8208         66.322
66.9431         66.322
67.0866         66.322
67.0998         66.322
67.0313         66.322
67.0346         66.322
67.0878         66.322
67.115         66.322
66.9759         66.322
66.918         66.322
66.9523         66.322
66.8971         66.322
66.9375         66.322
67.0177         66.322
67.0228         66.322
66.9427         66.322
66.9379         66.322
66.9518         66.322
67.006         66.322
67.016         66.322
66.9178         66.322
66.9563         66.322
66.9588         66.322
67.0077         66.322
66.9973         66.322
67.2022         66.322
67.1618         66.322
67.0432         66.322
66.9592         66.322
66.8569         66.322
66.8678         66.322
66.9537         66.322
66.9398         66.322
67.0337         66.322
66.9706         66.322
66.8791         66.322
66.8706         66.322
66.8872         66.322
66.9226         66.322
67.0912         66.322
66.9009         66.322
66.8961         66.322
67.0117         66.322
67.0163         66.322
66.9188         66.322
67.0074         66.322
67.0757         66.322
67.0042         66.322
67.0586         66.322
66.9714         66.322
67.0038         66.322
67.0474         66.322
66.9668         66.322
66.9585         66.322
67.0039         66.322
66.9867         66.322
67.0616         66.322
67.0248         66.322
66.9991         66.322
67.0681         66.322
67.033         66.322
66.9189         66.322
66.8918         66.322
67.0161         66.322
66.9158         66.322
67.065         66.322
67.0958         66.322
67.117         66.322
67.0125         66.322
67.1182         66.322
67.1594         66.322
66.9915         66.322
67.0513         66.322
67.0189         66.322
67.0574         66.322
67.1989         66.322
66.9606         66.322
66.9632         66.322
66.8851         66.322
66.796         66.322
66.851         66.322
66.9903         66.322
66.9221         66.322
67.0394         66.322
66.9341         66.322
66.9287         66.322
66.9441         66.322
66.8877         66.322
66.8121         66.322
66.8581         66.322
66.9851         66.322
66.8883         66.322
66.9918         66.322
66.9263         66.322
66.9976         66.322
67.0252         66.322
66.814         66.322
66.8619         66.322
66.9833         66.322
66.8935         66.322
66.9146         66.322
66.8986         66.322
66.8773         66.322
66.9747         66.322
67.051         66.322
66.9654         66.322
67.1249         66.322
67.0118         66.322
66.9133         66.322
66.9537         66.322
66.9846         66.322
66.9906         66.322
67.0191         66.322
66.9521         66.322
66.9172         66.322
66.9606         66.322
66.9823         66.322
67.0572         66.322
66.9388         66.322
66.9812         66.322
66.8366         66.322
66.8656         66.322
66.91         66.322
66.9677         66.322
66.9797         66.322
67.1213         66.322
67.0807         66.322
67.0104         66.322
67.0739         66.322
67.1452         66.322
67.0842         66.322
66.9487         66.322
66.8879         66.322
66.8831         66.322
66.8536         66.322
66.8426         66.322
66.8919         66.322
66.8478         66.322
66.8324         66.322
67.0113         66.322
67.0246         66.322
66.9886         66.322
67.0593         66.322
66.9438         66.322
67.0304         66.322
67.1333         66.322
66.9995         66.322
67.1183         66.322
67.0956         66.322
67.0669         66.322
67.0977         66.322
66.9729         66.322
66.9038         66.322
67.0605         66.322
67.0389         66.322
66.941         66.322
66.8888         66.322
66.9906         66.322
67.1032         66.322
67.073         66.322
67.0874         66.322
67.1312         66.322
67.0277         66.322
66.9316         66.322
66.9424         66.322
67.0117         66.322
67.0304         66.322
66.9742         66.322
67.0574         66.322
66.9948         66.322
66.9332         66.322
66.9135         66.322
66.924         66.322
66.9475         66.322
66.8915         66.322
67.0399         66.322
67.1269         66.322
67.0844         66.322
67.0401         66.322
67.059         66.322
66.9713         66.322
67.0721         66.322
67.1212         66.322
67.1027         66.322
67.1152         66.322
67.2033         66.322
67.1459         66.322
67.125         66.322
67.0999         66.322
67.008         66.322
66.968         66.322
66.878         66.322
66.9348         66.322
66.9602         66.322
66.9947         66.322
66.9844         66.322
67.1098         66.322
67.1976         66.322
67.0289         66.322
67.0962         66.322
67.0576         66.322
66.9352         66.322
66.9124         66.322
66.9772         66.322
66.9152         66.322
67.0532         66.322
66.9681         66.322
67.086         66.322
66.9491         66.322
66.8488         66.322
66.8975         66.322
66.9205         66.322
66.9173         66.322
66.9722         66.322
66.8985         66.322
66.9475         66.322
67.0063         66.322
67.1554         66.322
67.0266         66.322
66.9504         66.322
67.0633         66.322
67.0484         66.322
67.083         66.322
67.0004         66.322
66.97         66.322
67.0859         66.322
67.121         66.322
67.0944         66.322
67.0474         66.322
67.0283         66.322
66.94         66.322
66.9442         66.322
66.972         66.322
66.9593         66.322
66.942         66.322
67.1043         66.322
67.0944         66.322
67.1286         66.322
67.2331         66.322
67.0261         66.322
66.9766         66.322
66.9693         66.322
67.0366         66.322
66.9706         66.322
67.0308         66.322
66.9205         66.322
67.0721         66.322
67.1884         66.322
66.9696         66.322
66.9697         66.322
67.0131         66.322
67.1035         66.322
67.0447         66.322
67.0688         66.322
67.0096         66.322
67.0439         66.322
67.071         66.322
66.9637         66.322
67.1432         66.322
67.0707         66.322
67.0859         66.322
67.1253         66.322
67.0584         66.322
67.0697         66.322
67.0962         66.322
66.9459         66.322
66.9391         66.322
67.0024         66.322
67.0546         66.322
66.9324         66.322
66.9694         66.322
67.0583         66.322
66.9484         66.322
66.8948         66.322
66.8922         66.322
66.9371         66.322
66.9078         66.322
66.9046         66.322
66.9753         66.322
66.8762         66.322
67.0136         66.322
66.9762         66.322
66.9218         66.322
66.982         66.322
67.0773         66.322
67.1309         66.322
67.2216         66.322
67.2149         66.322
67.0236         66.322
66.9632         66.322
67.0189         66.322
67.0423         66.322
66.9581         66.322
66.947         66.322
67.0206         66.322
66.8996         66.322
66.8716         66.322
66.9223         66.322
66.9503         66.322
66.9127         66.322
67.0278         66.322
67.0055         66.322
66.9705         66.322
66.9514         66.322
67.001         66.322
66.9938         66.322
67.0747         66.322
66.9695         66.322
66.9312         66.322
66.8645         66.322
66.8577         66.322
66.951         66.322
66.9535         66.322
66.9319         66.322
66.9918         66.322
67.0118         66.322
67.0566         66.322
67.0567         66.322
66.9994         66.322
66.9907         66.322
66.9701         66.322
67.0096         66.322
67.0201         66.322
67.0574         66.322
67.0624         66.322
66.999         66.322
66.9951         66.322
67.0583         66.322
67.0924         66.322
67.1388         66.322
67.0696         66.322
67.0047         66.322
66.9751         66.322
66.9807         66.322
66.9195         66.322
66.8504         66.322
67.0629         66.322
67.0297         66.322
66.8883         66.322
66.9799         66.322
66.984         66.322
67.0313         66.322
66.9704         66.322
67.021         66.322
67.0816         66.322
66.8387         66.322
66.8254         66.322
66.9114         66.322
66.8651         66.322
67.0051         66.322
67.0537         66.322
67.0672         66.322
67.0012         66.322
67.0584         66.322
67.0837         66.322
67.1172         66.322
67.082         66.322
67.014         66.322
67.0457         66.322
66.9757         66.322
66.9663         66.322
67.093         66.322
67.0941         66.322
67.0727         66.322
67.146         66.322
67.0681         66.322
66.9612         66.322
66.9796         66.322
66.9263         66.322
66.9987         66.322
66.9247         66.322
66.8316         66.322
66.9547         66.322
66.955         66.322
67.0131         66.322
66.8786         66.322
66.911         66.322
66.945         66.322
66.8723         66.322
67.0034         66.322
67.0081         66.322
67.0784         66.322
67.1328         66.322
66.9912         66.322
67.0541         66.322
66.9482         66.322
67.0793         66.322
67.168         66.322
67.2246         66.322
67.1164         66.322
67.098         66.322
66.9988         66.322
67.0233         66.322
66.9701         66.322
67.0517         66.322
66.9447         66.322
67.0438         66.322
67.0224         66.322
67.0842         66.322
67.0106         66.322
67.0254         66.322
67.0316         66.322
67.043         66.322
67.0172         66.322
66.9405         66.322
67.0601         66.322
67.0366         66.322
67.0118         66.322
66.9991         66.322
66.9543         66.322
67.0705         66.322
67.0681         66.322
66.943         66.322
66.9884         66.322
66.9474         66.322
66.9785         66.322
67.0176         66.322
67.0546         66.322
66.9886         66.322
67.0544         66.322
66.9725         66.322
66.8739         66.322
66.9776         66.322
66.9892         66.322
67.0344         66.322
66.9783         66.322
66.9261         66.322
66.8695         66.322
67.0681         66.322
66.9851         66.322
66.9395         66.322
67.1027         66.322
67.0903         66.322
67.0556         66.322
67.0747         66.322
66.8763         66.322
66.8691         66.322
66.9919         66.322
67.0018         66.322
66.9889         66.322
67         66.322
67.0077         66.322
66.9765         66.322
67.0776         66.322
67.008         66.322
67.197         66.322
67.0263         66.322
66.9248         66.322
66.9041         66.322
66.9407         66.322
67.0056         66.322
66.9757         66.322
66.9764         66.322
66.9445         66.322
67.0156         66.322
67.1207         66.322
67.1068         66.322
67.0048         66.322
67.0223         66.322
67.0016         66.322
67.0769         66.322
67.0184         66.322
67.0995         66.322
66.9132         66.322
66.9373         66.322
66.9195         66.322
67.0114         66.322
66.9691         66.322
66.9654         66.322
66.9555         66.322
67.0426         66.322
67.0076         66.322
67.0045         66.322
67.0237         66.322
66.9534         66.322
67.0624         66.322
66.912         66.322
67.04         66.322
66.9851         66.322
66.9461         66.322
66.99         66.322
67.0353         66.322
67.0597         66.322
66.9003         66.322
66.9268         66.322
67.0113         66.322
66.9866         66.322
67.0222         66.322
67.0311         66.322
66.9946         66.322
66.9566         66.322
66.9858         66.322
66.9115         66.322
67.0025         66.322
66.8993         66.322
67.0527         66.322
66.9918         66.322
66.898         66.322
66.9153         66.322
67.0314         66.322
67.038         66.322
66.9528         66.322
66.9473         66.322
67.0329         66.322
67.072         66.322
67.0624         66.322
67.017         66.322
67.0241         66.322
66.8987         66.322
66.9819         66.322
67.0282         66.322
66.9719         66.322
66.9944         66.322
66.9878         66.322
66.9998         66.322
67.0179         66.322
67.0477         66.322
67.1326         66.322
67.093         66.322
67.0928         66.322
67.0181         66.322
66.9095         66.322
66.9267         66.322
66.9053         66.322
66.9245         66.322
67.0824         66.322
66.9432         66.322
66.9634         66.322
66.9485         66.322
66.919         66.322
66.9874         66.322
67.014         66.322
66.8234         66.322
66.9595         66.322
66.968         66.322
66.9317         66.322
67.0028         66.322
67.0157         66.322
66.9717         66.322
66.937         66.322
66.9878         66.322
67.0614         66.322
67.1294         66.322
67.0638         66.322
66.9708         66.322
66.9188         66.322
67.0172         66.322
67.0907         66.322
67.0194         66.322
66.9286         66.322
67.0361         66.322
66.9607         66.322
67.0403         66.322
67.0092         66.322
67.0128         66.322
66.913         66.322
66.9599         66.322
66.9605         66.322
67.0177         66.322
67.086         66.322
66.9978         66.322
67.0476         66.322
66.9349         66.322
66.9901         66.322
66.9364         66.322
66.9761         66.322
67.0085         66.322
66.9723         66.322
66.9209         66.322
67.0238         66.322
66.9659         66.322
66.8862         66.322
66.8288         66.322
66.8834         66.322
66.8797         66.322
66.964         66.322
66.9305         66.322
66.9862         66.322
67.0697         66.322
67.0862         66.322
67.0242         66.322
66.9665         66.322
66.9638         66.322
66.9882         66.322
67.0641         66.322
67.0559         66.322
67.0317         66.322
66.9663         66.322
66.919         66.322
67.0277         66.322
67.0768         66.322
66.9332         66.322
66.9555         66.322
67.0765         66.322
67.06         66.322
67.0225         66.322
67.0378         66.322
67.0578         66.322
66.97         66.322
67.014         66.322
67.1495         66.322
67.0423         66.322
67.0805         66.322
67.0164         66.322
66.9062         66.322
66.9517         66.322
66.908         66.322
67.0137         66.322
66.9503         66.322
66.9928         66.322
66.9226         66.322
67.023         66.322
67.0415         66.322
66.9969         66.322
66.8786         66.322
66.9052         66.322
66.9907         66.322
66.9709         66.322
67.0701         66.322
67.1156         66.322
66.8866         66.322
66.96         66.322
66.9691         66.322
67.1148         66.322
67.038         66.322
67.0653         66.322
67.0021         66.322
67.0415         66.322
66.9834         66.322
66.9704         66.322
66.9635         66.322
67.019         66.322
67.0794         66.322
67.0676         66.322
66.9858         66.322
66.9226         66.322
66.9381         66.322
66.8521         66.322
66.837         66.322
66.9958         66.322
66.857         66.322
66.9249         66.322
66.9533         66.322
66.9965         66.322
67.0226         66.322
66.951         66.322
66.9443         66.322
67.0139         66.322
67.0574         66.322
67.2192         66.322
67.2011         66.322
67.06         66.322
67.0323         66.322
67.1197         66.322
66.9798         66.322
67.0389         66.322
67.0789         66.322
67.1451         66.322
67.0688         66.322
67.1137         66.322
67.0094         66.322
67.0022         66.322
66.9287         66.322
66.9044         66.322
67.013         66.322
66.9687         66.322
